,STOCK_DATE,STOCK_TIME,STOCK_PRICE,STOCK_VOLUME
0,20180102,1001,112000,1240
1,20180102,1002,112000,475
2,20180102,1003,112500,779
3,20180102,1004,112000,1698
4,20180102,1005,110500,2765
5,20180102,1006,111000,716
6,20180102,1007,111000,745
7,20180102,1008,111000,475
8,20180102,1009,111500,677
9,20180102,1010,111500,132
10,20180102,1011,111000,88
11,20180102,1012,111500,104
12,20180102,1013,111500,225
13,20180102,1014,111500,112
14,20180102,1015,111000,40
15,20180102,1016,111500,181
16,20180102,1017,111500,112
17,20180102,1018,111500,920
18,20180102,1019,111500,142
19,20180102,1020,111000,157
20,20180102,1021,111000,40
21,20180102,1022,111000,51
22,20180102,1023,111000,251
23,20180102,1024,111000,224
24,20180102,1025,110500,208
25,20180102,1026,110500,403
26,20180102,1027,110500,273
27,20180102,1028,111000,107
28,20180102,1029,110500,150
29,20180102,1030,111000,92
30,20180102,1031,110500,49
31,20180102,1032,110500,241
32,20180102,1033,110500,94
33,20180102,1034,110500,258
34,20180102,1035,111000,1077
35,20180102,1036,110500,375
36,20180102,1037,110500,122
37,20180102,1038,111000,156
38,20180102,1039,111000,456
39,20180102,1040,111500,86
40,20180102,1041,111500,236
41,20180102,1042,111500,887
42,20180102,1043,111000,66
43,20180102,1044,111000,490
44,20180102,1045,111000,201
45,20180102,1046,111000,414
46,20180102,1047,111000,240
47,20180102,1048,110500,221
48,20180102,1049,111000,365
49,20180102,1050,110500,216
50,20180102,1051,110500,79
51,20180102,1052,110500,20
52,20180102,1053,110500,58
53,20180102,1054,110500,46
54,20180102,1055,110000,75
55,20180102,1056,110000,257
56,20180102,1057,110500,21
57,20180102,1058,110500,153
58,20180102,1059,110500,109
59,20180102,1100,110500,119
60,20180102,1101,110500,811
61,20180102,1102,110500,98
62,20180102,1103,110000,348
63,20180102,1104,110500,126
64,20180102,1105,110500,228
65,20180102,1106,110500,586
66,20180102,1107,110500,106
67,20180102,1108,110500,1240
68,20180102,1109,110500,598
69,20180102,1110,110500,500
70,20180102,1111,111000,475
71,20180102,1112,111000,164
72,20180102,1113,110500,378
73,20180102,1114,111000,339
74,20180102,1115,110500,545
75,20180102,1116,111000,284
76,20180102,1117,111000,356
77,20180102,1118,110000,310
78,20180102,1119,111000,230
79,20180102,1120,110500,247
80,20180102,1121,111000,437
81,20180102,1122,110500,193
82,20180102,1123,110500,473
83,20180102,1124,111000,397
84,20180102,1125,111000,41
85,20180102,1126,110500,190
86,20180102,1127,111000,8
87,20180102,1128,111000,96
88,20180102,1129,110500,98
89,20180102,1130,110500,293
90,20180102,1131,110500,269
91,20180102,1132,110500,138
92,20180102,1133,111000,119
93,20180102,1134,111000,178
94,20180102,1135,111000,84
95,20180102,1136,111000,317
96,20180102,1137,110500,377
97,20180102,1138,111000,338
98,20180102,1139,110500,310
99,20180102,1140,110500,219
100,20180102,1141,110500,19
101,20180102,1142,110000,76
102,20180102,1143,110500,18
103,20180102,1144,110500,235
104,20180102,1145,110500,473
105,20180102,1146,110500,402
106,20180102,1147,110500,212
107,20180102,1148,110000,2421
108,20180102,1149,110000,52
109,20180102,1150,110000,84
110,20180102,1151,110000,122
111,20180102,1152,109500,13
112,20180102,1153,109500,258
113,20180102,1154,110000,314
114,20180102,1155,110000,156
115,20180102,1156,110000,230
116,20180102,1157,110000,327
117,20180102,1158,109500,597
118,20180102,1159,110500,128
119,20180102,1200,110500,194
120,20180102,1201,110500,647
121,20180102,1202,110000,234
122,20180102,1203,110000,43
123,20180102,1204,110000,142
124,20180102,1205,110500,238
125,20180102,1206,110500,4
126,20180102,1207,110000,232
127,20180102,1208,110000,13
128,20180102,1209,110500,20
129,20180102,1210,110000,110
130,20180102,1211,110500,84
131,20180102,1212,110500,15
132,20180102,1213,110500,224
133,20180102,1214,110000,592
134,20180102,1215,110500,214
135,20180102,1216,110500,726
136,20180102,1217,110500,24
137,20180102,1218,110500,115
138,20180102,1219,110500,62
139,20180102,1220,110500,18
140,20180102,1221,110000,216
141,20180102,1222,110500,11
142,20180102,1223,110500,122
143,20180102,1224,110500,22
144,20180102,1225,110500,35
145,20180102,1226,110500,36
146,20180102,1227,110500,143
147,20180102,1228,110500,200
148,20180102,1229,110500,56
149,20180102,1230,110500,8
150,20180102,1231,110500,233
151,20180102,1232,110500,125
152,20180102,1233,110500,124
153,20180102,1234,110500,231
154,20180102,1235,110500,210
155,20180102,1236,110500,11
156,20180102,1237,110500,32
157,20180102,1238,110000,95
158,20180102,1239,110500,21
159,20180102,1240,110000,117
160,20180102,1241,110500,30
161,20180102,1242,110500,214
162,20180102,1243,110500,154
163,20180102,1244,110000,30
164,20180102,1245,110500,116
165,20180102,1246,110500,12
166,20180102,1247,110500,30
167,20180102,1248,110500,35
168,20180102,1249,110500,366
169,20180102,1250,110500,719
170,20180102,1251,110500,172
171,20180102,1252,110500,54
172,20180102,1253,110500,14
173,20180102,1254,110500,551
174,20180102,1255,110500,20
175,20180102,1256,111000,308
176,20180102,1257,110500,69
177,20180102,1258,111000,26
178,20180102,1259,111000,1069
179,20180102,1300,111000,208
180,20180102,1301,110500,537
181,20180102,1302,111000,189
182,20180102,1303,111000,209
183,20180102,1304,111000,14
184,20180102,1305,111000,319
185,20180102,1306,111000,284
186,20180102,1307,110500,28
187,20180102,1308,110500,17
188,20180102,1309,110500,56
189,20180102,1310,110500,652
190,20180102,1311,110500,124
191,20180102,1312,111000,108
192,20180102,1313,111000,103
193,20180102,1314,110000,135
194,20180102,1315,110500,23
195,20180102,1316,110500,3131
196,20180102,1317,110000,232
197,20180102,1318,110500,410
198,20180102,1319,110000,73
199,20180102,1320,110000,17
200,20180102,1321,110000,220
201,20180102,1322,110000,24
202,20180102,1323,110500,587
203,20180102,1324,110500,209
204,20180102,1325,110000,259
205,20180102,1326,110500,22
206,20180102,1327,110500,31
207,20180102,1328,110000,61
208,20180102,1329,110500,12
209,20180102,1330,110500,27
210,20180102,1331,110500,91
211,20180102,1332,110500,279
212,20180102,1333,110500,57
213,20180102,1334,110500,81
214,20180102,1335,110500,35
215,20180102,1336,110500,35
216,20180102,1337,110500,421
217,20180102,1338,110000,293
218,20180102,1339,110500,209
219,20180102,1340,110500,62
220,20180102,1341,110000,313
221,20180102,1342,110500,66
222,20180102,1343,110500,45
223,20180102,1344,110500,654
224,20180102,1345,110500,88
225,20180102,1346,111000,223
226,20180102,1347,111000,20
227,20180102,1348,111000,872
228,20180102,1349,110500,30
229,20180102,1350,110500,164
230,20180102,1351,111000,40
231,20180102,1352,111000,8
232,20180102,1353,110500,515
233,20180102,1354,111000,55
234,20180102,1355,111000,1301
235,20180102,1356,111000,31
236,20180102,1357,110500,102
237,20180102,1358,110500,89
238,20180102,1359,111000,9
239,20180102,1400,111000,290
240,20180102,1401,111000,43
241,20180102,1402,110500,239
242,20180102,1403,110500,1798
243,20180102,1404,111000,75
244,20180102,1405,110500,100
245,20180102,1406,110500,182
246,20180102,1407,110500,229
247,20180102,1408,110500,19
248,20180102,1409,110000,147
249,20180102,1410,110500,50
250,20180102,1411,110500,143
251,20180102,1412,110500,115
252,20180102,1413,110000,116
253,20180102,1414,110500,342
254,20180102,1415,110000,21
255,20180102,1416,110500,141
256,20180102,1417,110500,25
257,20180102,1418,110500,216
258,20180102,1419,110500,603
259,20180102,1420,110500,153
260,20180102,1421,111000,306
261,20180102,1422,110500,272
262,20180102,1423,111000,35
263,20180102,1424,111000,9
264,20180102,1425,111000,80
265,20180102,1426,111000,39
266,20180102,1427,111000,16
267,20180102,1428,111000,195
268,20180102,1429,110500,15
269,20180102,1430,110500,72
270,20180102,1431,110500,62
271,20180102,1432,110500,453
272,20180102,1433,111000,78
273,20180102,1434,111000,13
274,20180102,1435,111000,255
275,20180102,1436,111000,76
276,20180102,1437,110500,30
277,20180102,1438,111000,342
278,20180102,1439,111000,1631
279,20180102,1440,111000,61
280,20180102,1441,111500,393
281,20180102,1442,111500,217
282,20180102,1443,111500,730
283,20180102,1444,111500,4124
284,20180102,1445,112000,295
285,20180102,1446,112500,6949
286,20180102,1447,112500,374
287,20180102,1448,113000,553
288,20180102,1449,112500,395
289,20180102,1450,112500,172
290,20180102,1451,113000,345
291,20180102,1452,113000,90
292,20180102,1453,113000,1929
293,20180102,1454,113000,225
294,20180102,1455,113000,716
295,20180102,1456,113500,1448
296,20180102,1457,113500,1348
297,20180102,1458,113500,721
298,20180102,1459,113500,530
299,20180102,1500,113500,584
300,20180102,1501,113000,500
301,20180102,1502,113500,277
302,20180102,1503,113500,742
303,20180102,1504,113500,297
304,20180102,1505,113000,2075
305,20180102,1506,114000,5575
306,20180102,1507,114500,7874
307,20180102,1508,115500,433
308,20180102,1509,114500,297
309,20180102,1510,115000,406
310,20180102,1511,114500,4047
311,20180102,1512,114000,152
312,20180102,1513,114500,363
313,20180102,1514,114500,510
314,20180102,1515,114500,89
315,20180102,1516,114500,55
316,20180102,1517,114000,291
317,20180102,1518,114500,347
318,20180102,1519,114500,336
319,20180102,1520,114500,839
320,20180102,1530,114000,4387
321,20180103,901,113000,3459
322,20180103,902,112500,450
323,20180103,903,113000,620
324,20180103,904,113000,805
325,20180103,905,112500,330
326,20180103,906,112500,376
327,20180103,907,113000,156
328,20180103,908,113000,62
329,20180103,909,112500,280
330,20180103,910,112500,298
331,20180103,911,113000,865
332,20180103,912,113000,618
333,20180103,913,112500,876
334,20180103,914,112500,967
335,20180103,915,113000,683
336,20180103,916,113000,128
337,20180103,917,113000,10446
338,20180103,918,111000,2273
339,20180103,919,111500,779
340,20180103,920,111000,890
341,20180103,921,111500,686
342,20180103,922,111500,451
343,20180103,923,111500,208
344,20180103,924,111000,742
345,20180103,925,111000,27
346,20180103,926,111000,37
347,20180103,927,111000,346
348,20180103,928,111000,1384
349,20180103,929,111000,117
350,20180103,930,111000,1803
351,20180103,931,110500,465
352,20180103,932,111000,265
353,20180103,933,111000,150
354,20180103,934,111500,1634
355,20180103,935,111000,109
356,20180103,936,111000,2272
357,20180103,937,111000,11
358,20180103,938,111000,266
359,20180103,939,111500,712
360,20180103,940,111000,152
361,20180103,941,111000,111
362,20180103,942,111000,515
363,20180103,943,111000,869
364,20180103,944,111500,100
365,20180103,945,111500,49
366,20180103,946,111500,361
367,20180103,947,111500,919
368,20180103,948,111500,51
369,20180103,949,111500,121
370,20180103,950,111000,230
371,20180103,951,111500,414
372,20180103,952,111500,191
373,20180103,953,111000,327
374,20180103,954,111500,107
375,20180103,955,111500,282
376,20180103,956,111500,185
377,20180103,957,111500,148
378,20180103,958,111500,673
379,20180103,959,111500,178
380,20180103,1000,111500,497
381,20180103,1001,111500,134
382,20180103,1002,111500,275
383,20180103,1003,111500,921
384,20180103,1004,111500,261
385,20180103,1005,111500,507
386,20180103,1006,111500,567
387,20180103,1007,112000,69
388,20180103,1008,111500,229
389,20180103,1009,111500,1465
390,20180103,1010,112000,1604
391,20180103,1011,111500,94
392,20180103,1012,112000,318
393,20180103,1013,112000,422
394,20180103,1014,112000,51
395,20180103,1015,111500,282
396,20180103,1016,112000,205
397,20180103,1017,112000,337
398,20180103,1018,112000,507
399,20180103,1019,112000,639
400,20180103,1020,112000,786
401,20180103,1021,112000,733
402,20180103,1022,112000,1044
403,20180103,1023,112500,1046
404,20180103,1024,113000,72
405,20180103,1025,113000,1150
406,20180103,1026,113000,1199
407,20180103,1027,113000,1695
408,20180103,1028,113000,355
409,20180103,1029,113000,80
410,20180103,1030,113500,228
411,20180103,1031,113500,102
412,20180103,1032,113500,128
413,20180103,1033,113500,108
414,20180103,1034,113500,59
415,20180103,1035,113000,275
416,20180103,1036,113000,124
417,20180103,1037,113500,252
418,20180103,1038,113500,124
419,20180103,1039,113500,260
420,20180103,1040,113500,118
421,20180103,1041,113500,47
422,20180103,1042,113500,231
423,20180103,1043,113000,245
424,20180103,1044,113500,95
425,20180103,1045,113500,140
426,20180103,1046,113500,1071
427,20180103,1047,113500,186
428,20180103,1048,113000,135
429,20180103,1049,113500,192
430,20180103,1050,113500,165
431,20180103,1051,113500,1928
432,20180103,1052,114000,2618
433,20180103,1053,114000,777
434,20180103,1054,113500,452
435,20180103,1055,114000,93
436,20180103,1056,113500,79
437,20180103,1057,114000,159
438,20180103,1058,113500,755
439,20180103,1059,114000,33
440,20180103,1100,114000,519
441,20180103,1101,114000,376
442,20180103,1102,114500,48
443,20180103,1103,114500,2426
444,20180103,1104,114500,3650
445,20180103,1105,114500,149
446,20180103,1106,114500,480
447,20180103,1107,115000,615
448,20180103,1108,115000,587
449,20180103,1109,115000,1634
450,20180103,1110,115000,421
451,20180103,1111,115500,677
452,20180103,1112,115500,1762
453,20180103,1113,115500,248
454,20180103,1114,115500,1803
455,20180103,1115,115500,2139
456,20180103,1116,115000,1464
457,20180103,1117,115500,399
458,20180103,1118,115500,6389
459,20180103,1119,116500,1609
460,20180103,1120,116500,1408
461,20180103,1121,116500,246
462,20180103,1122,116000,413
463,20180103,1123,116500,711
464,20180103,1124,116000,116
465,20180103,1125,116000,174
466,20180103,1126,116000,408
467,20180103,1127,116500,354
468,20180103,1128,116000,1063
469,20180103,1129,116000,389
470,20180103,1130,116000,473
471,20180103,1131,116000,20
472,20180103,1132,116000,250
473,20180103,1133,116000,243
474,20180103,1134,116000,34
475,20180103,1135,116000,467
476,20180103,1136,116000,168
477,20180103,1137,116000,278
478,20180103,1138,116000,166
479,20180103,1139,116000,172
480,20180103,1140,116000,136
481,20180103,1141,115500,181
482,20180103,1142,116000,486
483,20180103,1143,116000,168
484,20180103,1144,115500,52
485,20180103,1145,116000,61
486,20180103,1146,116000,213
487,20180103,1147,116000,414
488,20180103,1148,116000,1099
489,20180103,1149,116000,1054
490,20180103,1150,116000,176
491,20180103,1151,116000,267
492,20180103,1152,116000,55
493,20180103,1153,116000,335
494,20180103,1154,116000,134
495,20180103,1155,116000,780
496,20180103,1156,116000,651
497,20180103,1157,116000,399
498,20180103,1158,116000,127
499,20180103,1159,116000,95
500,20180103,1200,116500,316
501,20180103,1201,116500,236
502,20180103,1202,116500,641
503,20180103,1203,115500,183
504,20180103,1204,116000,69
505,20180103,1205,116000,53
506,20180103,1206,116000,144
507,20180103,1207,116000,100
508,20180103,1208,116000,143
509,20180103,1209,116000,448
510,20180103,1210,116000,139
511,20180103,1211,116000,2750
512,20180103,1212,116000,84
513,20180103,1213,116000,116
514,20180103,1214,116000,8
515,20180103,1215,116000,183
516,20180103,1216,116000,139
517,20180103,1217,116000,218
518,20180103,1218,115500,288
519,20180103,1219,115500,86
520,20180103,1220,116000,253
521,20180103,1221,116000,621
522,20180103,1222,116000,100
523,20180103,1223,116000,943
524,20180103,1224,116000,86
525,20180103,1225,116000,849
526,20180103,1226,116000,652
527,20180103,1227,116000,220
528,20180103,1228,116000,87
529,20180103,1229,116000,208
530,20180103,1230,116000,170
531,20180103,1231,116000,2242
532,20180103,1232,115500,142
533,20180103,1233,115000,113
534,20180103,1234,115500,161
535,20180103,1235,115500,112
536,20180103,1236,115500,66
537,20180103,1237,115500,1073
538,20180103,1238,115500,1961
539,20180103,1239,115000,177
540,20180103,1240,115000,457
541,20180103,1241,115500,224
542,20180103,1242,115000,256
543,20180103,1243,115000,40
544,20180103,1244,115500,197
545,20180103,1245,115500,22
546,20180103,1246,115000,47
547,20180103,1247,115500,81
548,20180103,1248,115500,227
549,20180103,1249,115500,132
550,20180103,1250,115000,1414
551,20180103,1251,115500,336
552,20180103,1252,115500,158
553,20180103,1253,115500,19
554,20180103,1254,115500,228
555,20180103,1255,115500,1061
556,20180103,1256,115500,295
557,20180103,1257,115500,447
558,20180103,1258,115500,620
559,20180103,1259,116000,7
560,20180103,1300,116000,274
561,20180103,1301,116000,168
562,20180103,1302,116000,63
563,20180103,1303,116000,133
564,20180103,1304,116000,197
565,20180103,1305,116000,127
566,20180103,1306,115500,852
567,20180103,1307,115500,208
568,20180103,1308,115500,135
569,20180103,1309,115500,148
570,20180103,1310,115500,110
571,20180103,1311,115500,132
572,20180103,1312,115000,1
573,20180103,1313,115500,128
574,20180103,1314,115500,1446
575,20180103,1315,116000,157
576,20180103,1316,115500,177
577,20180103,1317,115500,758
578,20180103,1318,115500,73
579,20180103,1319,115500,123
580,20180103,1320,115500,79
581,20180103,1321,115500,192
582,20180103,1322,115000,70
583,20180103,1323,115500,153
584,20180103,1324,115500,120
585,20180103,1325,115500,337
586,20180103,1326,115500,295
587,20180103,1327,115500,179
588,20180103,1328,115000,92
589,20180103,1329,115000,129
590,20180103,1330,115500,202
591,20180103,1331,115500,1059
592,20180103,1332,115000,345
593,20180103,1333,115500,230
594,20180103,1334,115000,1988
595,20180103,1335,115000,86
596,20180103,1336,115500,105
597,20180103,1337,115500,138
598,20180103,1338,115500,212
599,20180103,1339,115500,397
600,20180103,1340,115500,250
601,20180103,1341,115500,96
602,20180103,1342,115500,166
603,20180103,1343,115500,55
604,20180103,1344,115500,205
605,20180103,1345,115500,82
606,20180103,1346,115500,116
607,20180103,1347,115500,8703
608,20180103,1348,116000,2438
609,20180103,1349,116000,2693
610,20180103,1350,116000,420
611,20180103,1351,116000,172
612,20180103,1352,116000,241
613,20180103,1353,116500,98
614,20180103,1354,116500,747
615,20180103,1355,116500,2016
616,20180103,1356,115500,988
617,20180103,1357,115000,373
618,20180103,1358,115500,1242
619,20180103,1359,115500,163
620,20180103,1400,115500,2875
621,20180103,1401,115000,435
622,20180103,1402,114500,2255
623,20180103,1403,114000,1502
624,20180103,1404,115000,581
625,20180103,1405,114500,578
626,20180103,1406,115000,80
627,20180103,1407,115000,697
628,20180103,1408,114500,143
629,20180103,1409,114500,708
630,20180103,1410,114500,216
631,20180103,1411,115000,159
632,20180103,1412,115000,129
633,20180103,1413,115000,584
634,20180103,1414,115000,248
635,20180103,1415,115000,173
636,20180103,1416,115000,61
637,20180103,1417,115000,312
638,20180103,1418,115000,109
639,20180103,1419,115000,187
640,20180103,1420,115000,206
641,20180103,1421,115000,118
642,20180103,1422,115000,96
643,20180103,1423,115000,301
644,20180103,1424,115000,185
645,20180103,1425,115000,169
646,20180103,1426,115000,2742
647,20180103,1427,114500,199
648,20180103,1428,114500,92
649,20180103,1429,114500,201
650,20180103,1430,114500,155
651,20180103,1431,114500,134
652,20180103,1432,114000,501
653,20180103,1433,114000,1514
654,20180103,1434,114500,159
655,20180103,1435,114500,112
656,20180103,1436,114500,208
657,20180103,1437,114500,546
658,20180103,1438,115000,135
659,20180103,1439,115000,140
660,20180103,1440,114500,312
661,20180103,1441,115000,85
662,20180103,1442,115000,203
663,20180103,1443,114500,366
664,20180103,1444,115000,197
665,20180103,1445,115000,143
666,20180103,1446,114500,1052
667,20180103,1447,114500,1902
668,20180103,1448,113500,819
669,20180103,1449,114000,542
670,20180103,1450,114000,350
671,20180103,1451,113500,277
672,20180103,1452,113500,154
673,20180103,1453,114000,237
674,20180103,1454,113500,237
675,20180103,1455,114000,244
676,20180103,1456,114000,290
677,20180103,1457,114000,313
678,20180103,1458,114500,170
679,20180103,1459,114500,338
680,20180103,1500,114500,700
681,20180103,1501,114500,335
682,20180103,1502,114500,152
683,20180103,1503,114500,889
684,20180103,1504,114500,231
685,20180103,1505,115000,313
686,20180103,1506,114500,447
687,20180103,1507,115000,289
688,20180103,1508,115000,459
689,20180103,1509,115000,259
690,20180103,1510,115000,2039
691,20180103,1511,115000,295
692,20180103,1512,114500,735
693,20180103,1513,115000,316
694,20180103,1514,114500,102
695,20180103,1515,114500,248
696,20180103,1516,114500,1643
697,20180103,1517,114500,465
698,20180103,1518,114500,273
699,20180103,1519,114500,183
700,20180103,1520,114500,1333
701,20180103,1530,114500,3659
0,20180104,901,115500,879
1,20180104,902,116000,835
2,20180104,903,115500,346
3,20180104,904,115000,292
4,20180104,905,115000,1136
5,20180104,906,114500,56
6,20180104,907,114500,243
7,20180104,908,114000,530
8,20180104,909,114000,209
9,20180104,910,114000,3188
10,20180104,911,112500,212
11,20180104,912,113000,10
12,20180104,913,113500,1946
13,20180104,914,112500,1437
14,20180104,915,112500,1179
15,20180104,916,112500,830
16,20180104,917,113500,400
17,20180104,918,114000,575
18,20180104,919,114000,5
19,20180104,920,114000,1890
20,20180104,921,113500,1337
21,20180104,922,113000,1787
22,20180104,923,114000,34
23,20180104,924,114000,7
24,20180104,925,113500,72
25,20180104,926,113500,108
26,20180104,927,114000,46
27,20180104,928,114000,234
28,20180104,929,114000,1831
29,20180104,930,115000,301
30,20180104,931,114500,195
31,20180104,932,114500,30
32,20180104,933,114500,12
33,20180104,934,114000,102
34,20180104,935,114500,10
35,20180104,936,114500,80
36,20180104,937,114500,24
37,20180104,938,114500,45
38,20180104,939,114000,191
39,20180104,940,114500,83
40,20180104,941,114500,355
41,20180104,942,114500,425
42,20180104,943,114500,541
43,20180104,944,115000,1263
44,20180104,945,114500,53
45,20180104,946,114500,136
46,20180104,947,114000,400
47,20180104,948,113500,17
48,20180104,949,114500,34
49,20180104,950,114500,65
50,20180104,951,114000,28
51,20180104,952,114000,71
52,20180104,953,114500,158
53,20180104,954,114000,7
54,20180104,955,114500,256
55,20180104,956,114000,28
56,20180104,957,113500,46
57,20180104,958,113500,75
58,20180104,959,114000,13
59,20180104,1000,114000,17
60,20180104,1001,114000,618
61,20180104,1002,114000,61
62,20180104,1003,113500,28
63,20180104,1004,113000,41
64,20180104,1005,113500,41
65,20180104,1006,113500,145
66,20180104,1007,113500,58
67,20180104,1008,113500,78
68,20180104,1009,113500,16
69,20180104,1010,113500,937
70,20180104,1011,113000,831
71,20180104,1012,113000,1288
72,20180104,1013,112000,260
73,20180104,1014,112500,34
74,20180104,1015,112000,144
75,20180104,1016,112500,58
76,20180104,1017,112000,26
77,20180104,1018,112500,208
78,20180104,1019,112500,55
79,20180104,1020,112000,222
80,20180104,1021,112500,1558
81,20180104,1022,113500,337
82,20180104,1023,113000,57
83,20180104,1024,113000,51
84,20180104,1025,113000,1161
85,20180104,1026,113000,271
86,20180104,1027,113500,350
87,20180104,1028,113500,149
88,20180104,1029,113500,151
89,20180104,1030,113500,158
90,20180104,1031,113500,192
91,20180104,1032,113000,194
92,20180104,1033,113000,62
93,20180104,1034,113000,358
94,20180104,1035,113500,224
95,20180104,1036,113000,1062
96,20180104,1037,112500,39
97,20180104,1038,113000,177
98,20180104,1039,113500,40
99,20180104,1040,113500,46
100,20180104,1041,113500,81
101,20180104,1042,113500,97
102,20180104,1043,113000,44
103,20180104,1044,113500,159
104,20180104,1045,113500,114
105,20180104,1046,113500,1450
106,20180104,1047,113000,145
107,20180104,1048,113500,29
108,20180104,1049,114000,17
109,20180104,1050,114000,86
110,20180104,1051,113500,156
111,20180104,1052,114000,247
112,20180104,1053,114000,108
113,20180104,1054,113500,51
114,20180104,1055,114000,26
115,20180104,1056,114000,110
116,20180104,1057,114000,60
117,20180104,1058,114000,112
118,20180104,1059,114000,2234
119,20180104,1100,113500,77
120,20180104,1101,113500,52
121,20180104,1102,114000,90
122,20180104,1103,113500,144
123,20180104,1104,113500,229
124,20180104,1105,113500,293
125,20180104,1106,114000,342
126,20180104,1107,113500,2278
127,20180104,1108,113000,714
128,20180104,1109,114000,2399
129,20180104,1110,113000,292
130,20180104,1111,113000,359
131,20180104,1112,113000,222
132,20180104,1113,113000,305
133,20180104,1114,113500,171
134,20180104,1115,113000,179
135,20180104,1116,113000,499
136,20180104,1117,113500,32
137,20180104,1118,113500,151
138,20180104,1119,113000,54
139,20180104,1120,113000,262
140,20180104,1121,113000,29
141,20180104,1122,113500,95
142,20180104,1123,113000,1052
143,20180104,1124,112500,223
144,20180104,1125,113000,103
145,20180104,1126,112500,130
146,20180104,1127,113000,34
147,20180104,1128,112500,137
148,20180104,1129,113000,5
149,20180104,1130,113000,152
150,20180104,1131,112500,130
151,20180104,1132,113000,34
152,20180104,1133,112500,139
153,20180104,1134,113000,111
154,20180104,1135,113000,37
155,20180104,1136,113000,187
156,20180104,1137,113000,1300
157,20180104,1138,113000,175
158,20180104,1139,112500,40
159,20180104,1140,112500,61
160,20180104,1141,112500,89
161,20180104,1142,113000,370
162,20180104,1143,112500,90
163,20180104,1144,113000,76
164,20180104,1145,113000,69
165,20180104,1146,112500,74
166,20180104,1147,113000,60
167,20180104,1148,113000,112
168,20180104,1149,112500,219
169,20180104,1150,113000,50
170,20180104,1151,112500,605
171,20180104,1152,113000,5
172,20180104,1153,113000,1485
173,20180104,1154,112000,70
174,20180104,1155,112500,106
175,20180104,1156,112000,630
176,20180104,1157,112500,297
177,20180104,1158,112500,132
178,20180104,1159,112000,1833
179,20180104,1200,112000,94
180,20180104,1201,112000,1716
181,20180104,1202,112000,99
182,20180104,1203,112000,232
183,20180104,1204,112000,35
184,20180104,1205,112000,83
185,20180104,1206,112000,52
186,20180104,1207,112000,83
187,20180104,1208,112500,149
188,20180104,1209,112500,93
189,20180104,1210,112500,57
190,20180104,1211,112500,84
191,20180104,1212,112000,64
192,20180104,1213,112500,84
193,20180104,1214,112000,30
194,20180104,1215,112500,104
195,20180104,1216,112500,100
196,20180104,1217,112000,55
197,20180104,1218,112500,56
198,20180104,1219,112000,164
199,20180104,1220,112500,52
200,20180104,1221,112000,48
201,20180104,1222,112000,75
202,20180104,1223,112500,64
203,20180104,1224,112000,181
204,20180104,1225,112500,41
205,20180104,1226,112000,70
206,20180104,1227,112500,29
207,20180104,1228,112500,86
208,20180104,1229,112500,37
209,20180104,1230,112500,56
210,20180104,1231,112500,99
211,20180104,1232,112500,70
212,20180104,1233,112500,55
213,20180104,1234,112500,66
214,20180104,1235,112000,92
215,20180104,1236,112000,240
216,20180104,1237,112500,311
217,20180104,1238,112000,168
218,20180104,1239,112000,50
219,20180104,1240,112000,269
220,20180104,1241,112000,84
221,20180104,1242,112000,311
222,20180104,1243,112000,97
223,20180104,1244,112000,221
224,20180104,1245,112500,582
225,20180104,1246,112500,186
226,20180104,1247,112000,1584
227,20180104,1248,113000,51
228,20180104,1249,112500,47
229,20180104,1250,113000,54
230,20180104,1251,113000,115
231,20180104,1252,112500,157
232,20180104,1253,112500,32
233,20180104,1254,112500,61
234,20180104,1255,113000,80
235,20180104,1256,113000,58
236,20180104,1257,113000,258
237,20180104,1258,112500,86
238,20180104,1259,113000,80
239,20180104,1300,112500,91
240,20180104,1301,112500,56
241,20180104,1302,112500,67
242,20180104,1303,112500,283
243,20180104,1304,113000,472
244,20180104,1305,112500,128
245,20180104,1306,112500,362
246,20180104,1307,112000,59
247,20180104,1308,112500,32
248,20180104,1309,112500,206
249,20180104,1310,112500,17
250,20180104,1311,113000,60
251,20180104,1312,112500,75
252,20180104,1313,113000,178
253,20180104,1314,112500,108
254,20180104,1315,112500,27
255,20180104,1316,112500,86
256,20180104,1317,113000,38
257,20180104,1318,113000,143
258,20180104,1319,112500,57
259,20180104,1320,113000,63
260,20180104,1321,112500,86
261,20180104,1322,112500,71
262,20180104,1323,113000,44
263,20180104,1324,112500,104
264,20180104,1325,113000,45
265,20180104,1326,112500,19
266,20180104,1327,113000,104
267,20180104,1328,112500,116
268,20180104,1329,112500,39
269,20180104,1330,112500,128
270,20180104,1331,112500,130
271,20180104,1332,112500,32
272,20180104,1333,112500,149
273,20180104,1334,113000,220
274,20180104,1335,112500,596
275,20180104,1336,112000,182
276,20180104,1337,112000,243
277,20180104,1338,112000,6353
278,20180104,1339,112000,241
279,20180104,1340,111500,219
280,20180104,1341,112000,107
281,20180104,1342,112000,163
282,20180104,1343,112000,135
283,20180104,1344,111500,183
284,20180104,1345,112000,165
285,20180104,1346,112000,110
286,20180104,1347,112000,88
287,20180104,1348,111500,211
288,20180104,1349,111500,288
289,20180104,1350,111500,146
290,20180104,1351,111500,86
291,20180104,1352,111500,155
292,20180104,1353,111500,780
293,20180104,1354,111500,220
294,20180104,1355,111500,270
295,20180104,1356,111500,193
296,20180104,1357,111500,248
297,20180104,1358,112000,149
298,20180104,1359,111500,142
299,20180104,1400,112000,254
300,20180104,1401,111500,126
301,20180104,1402,111500,280
302,20180104,1403,111500,142
303,20180104,1404,112000,612
304,20180104,1405,111500,124
305,20180104,1406,111500,165
306,20180104,1407,111500,101
307,20180104,1408,111500,154
308,20180104,1409,111500,180
309,20180104,1410,112000,7888
310,20180104,1411,110500,1927
311,20180104,1412,111000,2419
312,20180104,1413,111000,341
313,20180104,1414,110500,896
314,20180104,1415,110500,600
315,20180104,1416,110500,626
316,20180104,1417,110500,783
317,20180104,1418,110000,388
318,20180104,1419,111000,401
319,20180104,1420,110500,194
320,20180104,1421,110000,345
321,20180104,1422,110500,494
322,20180104,1423,110500,177
323,20180104,1424,110000,327
324,20180104,1425,110500,960
325,20180104,1426,110500,3607
326,20180104,1427,110000,201
327,20180104,1428,110500,227
328,20180104,1429,110500,1184
329,20180104,1430,110000,157
330,20180104,1431,109500,385
331,20180104,1432,110000,286
332,20180104,1433,110000,544
333,20180104,1434,109500,246
334,20180104,1435,109500,345
335,20180104,1436,109500,198
336,20180104,1437,110000,169
337,20180104,1438,110000,205
338,20180104,1439,110000,2175
339,20180104,1440,110500,203
340,20180104,1441,110500,289
341,20180104,1442,110500,274
342,20180104,1443,110500,155
343,20180104,1444,110500,663
344,20180104,1445,110500,316
345,20180104,1446,110500,490
346,20180104,1447,110500,184
347,20180104,1448,110500,301
348,20180104,1449,110500,495
349,20180104,1450,110500,539
350,20180104,1451,110500,600
351,20180104,1452,110500,239
352,20180104,1453,110500,212
353,20180104,1454,110000,212
354,20180104,1455,110500,293
355,20180104,1456,110500,226
356,20180104,1457,110000,203
357,20180104,1458,110000,658
358,20180104,1459,110500,247
359,20180104,1500,110500,277
360,20180104,1501,110000,1844
361,20180104,1502,110000,263
362,20180104,1503,110000,316
363,20180104,1504,110000,454
364,20180104,1505,110000,1363
365,20180104,1506,109000,400
366,20180104,1507,109500,498
367,20180104,1508,109000,851
368,20180104,1509,109500,264
369,20180104,1510,109000,339
370,20180104,1511,109500,483
371,20180104,1512,109500,1282
372,20180104,1513,109000,399
373,20180104,1514,109500,587
374,20180104,1515,109000,1092
375,20180104,1516,109000,1724
376,20180104,1517,109000,645
377,20180104,1518,108500,880
378,20180104,1519,109500,463
379,20180104,1520,110000,170
380,20180104,1530,109500,5640
381,20180105,901,109500,1133
382,20180105,902,110000,107
383,20180105,903,109500,163
384,20180105,904,110000,293
385,20180105,905,110000,221
386,20180105,906,110000,526
387,20180105,907,110500,216
388,20180105,908,110500,100
389,20180105,909,110500,117
390,20180105,910,110500,210
391,20180105,911,110000,258
392,20180105,912,110500,117
393,20180105,913,110500,14
394,20180105,914,110500,195
395,20180105,915,110500,101
396,20180105,916,111000,413
397,20180105,917,110500,170
398,20180105,918,110500,57
399,20180105,919,110500,981
400,20180105,920,110000,72
401,20180105,921,109500,80
402,20180105,922,110000,22
403,20180105,923,109500,17
404,20180105,924,110000,34
405,20180105,925,109500,209
406,20180105,926,109500,10
407,20180105,927,109500,121
408,20180105,928,109500,13
409,20180105,929,109500,14
410,20180105,930,109500,960
411,20180105,931,109000,274
412,20180105,932,109000,1242
413,20180105,933,109000,560
414,20180105,934,108500,276
415,20180105,935,109000,145
416,20180105,936,109000,112
417,20180105,937,109000,90
418,20180105,938,109000,306
419,20180105,939,109500,52
420,20180105,940,109000,94
421,20180105,941,109000,1130
422,20180105,942,109000,174
423,20180105,943,109000,151
424,20180105,944,109000,45
425,20180105,945,109000,22
426,20180105,946,109500,193
427,20180105,947,109500,1100
428,20180105,948,109500,7
429,20180105,949,109500,15
430,20180105,950,109500,18
431,20180105,951,109500,14
432,20180105,952,110000,174
433,20180105,953,109500,635
434,20180105,954,109500,4
435,20180105,955,109500,49
436,20180105,956,109500,932
437,20180105,957,110500,10
438,20180105,958,111000,23
439,20180105,959,110500,30
440,20180105,1000,110500,176
441,20180105,1001,111000,390
442,20180105,1002,111000,72
443,20180105,1003,111000,46
444,20180105,1004,110500,10
445,20180105,1005,110500,318
446,20180105,1007,111000,496
447,20180105,1008,110500,20
448,20180105,1009,110500,213
449,20180105,1010,111000,818
450,20180105,1011,111000,38
451,20180105,1012,110500,12
452,20180105,1013,110500,32
453,20180105,1014,110500,26
454,20180105,1015,111000,17
455,20180105,1016,110500,11
456,20180105,1017,110500,111
457,20180105,1018,110500,1092
458,20180105,1019,110500,210
459,20180105,1020,110000,12
460,20180105,1021,110000,33
461,20180105,1022,110000,10
462,20180105,1023,110000,210
463,20180105,1024,110000,40
464,20180105,1025,110000,13
465,20180105,1026,110000,9
466,20180105,1027,110000,17
467,20180105,1028,110000,47
468,20180105,1029,110500,51
469,20180105,1030,110000,13
470,20180105,1031,110000,25
471,20180105,1032,110000,51
472,20180105,1033,110000,12
473,20180105,1034,110000,11
474,20180105,1035,110500,23
475,20180105,1036,110000,115
476,20180105,1037,110000,40
477,20180105,1038,110500,2225
478,20180105,1039,110000,291
479,20180105,1040,110000,105
480,20180105,1041,110500,13
481,20180105,1042,110000,100
482,20180105,1043,110500,87
483,20180105,1044,110000,15
484,20180105,1045,110500,100
485,20180105,1046,110500,121
486,20180105,1047,111000,15
487,20180105,1048,111000,17
488,20180105,1049,110500,37
489,20180105,1050,110500,48
490,20180105,1051,110500,15
491,20180105,1052,111000,319
492,20180105,1053,110500,113
493,20180105,1054,110500,24
494,20180105,1055,111000,12
495,20180105,1056,110500,10
496,20180105,1057,111000,13
497,20180105,1058,110500,719
498,20180105,1059,110500,30
499,20180105,1100,111000,1146
500,20180105,1101,111000,12
501,20180105,1102,111500,865
502,20180105,1103,112000,436
503,20180105,1104,111500,369
504,20180105,1105,111500,14
505,20180105,1106,112000,40
506,20180105,1107,111500,58
507,20180105,1108,111500,457
508,20180105,1109,111500,10
509,20180105,1110,111500,16
510,20180105,1111,111500,76
511,20180105,1112,111500,20
512,20180105,1113,111500,88
513,20180105,1114,111500,271
514,20180105,1115,111000,12
515,20180105,1116,111000,17
516,20180105,1117,111500,65
517,20180105,1118,111500,389
518,20180105,1119,111500,178
519,20180105,1120,111500,138
520,20180105,1121,111500,21
521,20180105,1122,111000,30
522,20180105,1123,111000,218
523,20180105,1124,111500,87
524,20180105,1125,111000,192
525,20180105,1126,111500,242
526,20180105,1127,111500,22
527,20180105,1128,111500,160
528,20180105,1129,111000,69
529,20180105,1130,111000,10
530,20180105,1131,111000,100
531,20180105,1132,111500,76
532,20180105,1133,111500,59
533,20180105,1134,111000,45
534,20180105,1135,112000,138
535,20180105,1136,111500,11
536,20180105,1137,111500,167
537,20180105,1138,111500,348
538,20180105,1139,111000,38
539,20180105,1140,111000,278
540,20180105,1141,111500,111
541,20180105,1142,111500,12
542,20180105,1143,111500,16
543,20180105,1144,112000,31
544,20180105,1145,111500,339
545,20180105,1146,111000,112
546,20180105,1147,111500,170
547,20180105,1148,111000,32
548,20180105,1149,111000,10
549,20180105,1150,111000,179
550,20180105,1151,111000,12
551,20180105,1152,111500,17
552,20180105,1153,111000,13
553,20180105,1154,111500,50
554,20180105,1155,111500,92
555,20180105,1156,111000,41
556,20180105,1157,111000,41
557,20180105,1159,111000,229
558,20180105,1200,111000,413
559,20180105,1201,111500,6
560,20180105,1202,111500,3
561,20180105,1203,111500,50
562,20180105,1205,111500,9
563,20180105,1206,111000,6
564,20180105,1208,111500,8
565,20180105,1209,111500,36
566,20180105,1210,111500,12
567,20180105,1211,111000,153
568,20180105,1212,111500,1287
569,20180105,1213,112000,10
570,20180105,1215,111500,5
571,20180105,1216,112000,40
572,20180105,1217,111500,71
573,20180105,1219,112000,9
574,20180105,1220,111500,13
575,20180105,1222,112000,17
576,20180105,1223,112000,181
577,20180105,1224,111500,25
578,20180105,1226,112000,94
579,20180105,1227,111500,16
580,20180105,1228,111500,95
581,20180105,1229,111500,307
582,20180105,1231,111500,8
583,20180105,1232,111500,53
584,20180105,1233,111500,112
585,20180105,1234,112000,6
586,20180105,1235,111500,2009
587,20180105,1236,111500,49
588,20180105,1237,111500,160
589,20180105,1238,111500,8
590,20180105,1239,111500,190
591,20180105,1240,111500,206
592,20180105,1241,111500,36
593,20180105,1242,111500,112
594,20180105,1243,111500,10
595,20180105,1244,111500,200
596,20180105,1245,111500,161
597,20180105,1246,111500,9
598,20180105,1247,111500,785
599,20180105,1248,111500,18
600,20180105,1249,111500,252
601,20180105,1251,112000,10
602,20180105,1252,111500,3
603,20180105,1253,112000,11
604,20180105,1254,112000,6
605,20180105,1255,112000,75
606,20180105,1256,111500,25
607,20180105,1259,112000,22
608,20180105,1300,111500,12
609,20180105,1301,111500,3
610,20180105,1302,112000,4
611,20180105,1303,111500,10
612,20180105,1304,111500,22
613,20180105,1305,111500,9
614,20180105,1306,112000,106
615,20180105,1307,112000,134
616,20180105,1308,112000,113
617,20180105,1309,112000,3
618,20180105,1310,112000,28
619,20180105,1311,112000,15
620,20180105,1312,112000,2
621,20180105,1313,112000,30
622,20180105,1314,112000,113
623,20180105,1315,111500,43
624,20180105,1316,112000,18
625,20180105,1317,112000,8
626,20180105,1318,112000,29
627,20180105,1319,111500,2
628,20180105,1320,112000,85
629,20180105,1321,111500,14
630,20180105,1322,111500,11
631,20180105,1323,112000,40
632,20180105,1324,111500,13
633,20180105,1325,111500,55
634,20180105,1326,112000,21
635,20180105,1327,112000,107
636,20180105,1328,112000,2310
637,20180105,1330,111500,22
638,20180105,1331,111500,14
639,20180105,1332,111000,43
640,20180105,1333,111500,22
641,20180105,1334,111000,113
642,20180105,1335,111500,21
643,20180105,1336,111000,32
644,20180105,1337,111000,51
645,20180105,1338,111500,113
646,20180105,1339,111000,2
647,20180105,1340,111500,44
648,20180105,1341,111500,18
649,20180105,1342,111000,10
650,20180105,1343,111500,138
651,20180105,1344,111000,52
652,20180105,1345,111000,30
653,20180105,1346,111500,37
654,20180105,1347,111500,71
655,20180105,1348,111500,13
656,20180105,1349,111500,32
657,20180105,1350,111500,29
658,20180105,1351,111500,29
659,20180105,1352,111000,114
660,20180105,1353,111500,96
661,20180105,1354,111500,17
662,20180105,1355,111500,23
663,20180105,1356,111000,28
664,20180105,1357,111500,21
665,20180105,1358,111500,13
666,20180105,1359,111500,28
667,20180105,1400,111500,505
668,20180105,1401,111500,16
669,20180105,1402,111500,125
670,20180105,1403,111500,541
671,20180105,1404,111500,357
672,20180105,1405,111500,1343
673,20180105,1406,111500,12
674,20180105,1407,111000,910
675,20180105,1408,112000,53
676,20180105,1409,112000,694
677,20180105,1410,111500,203
678,20180105,1411,111500,146
679,20180105,1412,112000,66
680,20180105,1413,111500,12
681,20180105,1414,111000,23
682,20180105,1415,111500,196
683,20180105,1416,111500,50
684,20180105,1417,112000,84
685,20180105,1418,111500,15
686,20180105,1419,111500,30
687,20180105,1420,111500,8
688,20180105,1421,111500,30
689,20180105,1423,111500,14
690,20180105,1424,111500,21
691,20180105,1425,111500,4
692,20180105,1426,111500,109
693,20180105,1427,111500,478
694,20180105,1428,111500,92
695,20180105,1429,112000,20
696,20180105,1430,112000,30
697,20180105,1431,112000,23
698,20180105,1432,111500,2
699,20180105,1433,112000,12
700,20180105,1434,112000,39
701,20180105,1435,112000,100
702,20180105,1436,112000,20
703,20180105,1437,111500,2
704,20180105,1438,112000,39
705,20180105,1439,112000,17
706,20180105,1440,112000,6
707,20180105,1441,112000,128
708,20180105,1442,112000,88
709,20180105,1443,112000,50
710,20180105,1444,112000,167
711,20180105,1445,112000,24
712,20180105,1446,111500,147
713,20180105,1447,111500,50
714,20180105,1448,112000,153
715,20180105,1449,111500,373
716,20180105,1450,111500,22
717,20180105,1451,111500,60
718,20180105,1452,111500,19
719,20180105,1453,111500,20
720,20180105,1454,111500,32
721,20180105,1455,111000,189
722,20180105,1456,111000,36
723,20180105,1457,111500,28
724,20180105,1458,111500,35
725,20180105,1459,111500,34
726,20180105,1500,111500,29
727,20180105,1501,111500,26
728,20180105,1502,111500,29
729,20180105,1503,111500,356
730,20180105,1504,111500,370
731,20180105,1505,111500,257
732,20180105,1506,111500,61
733,20180105,1507,111500,170
734,20180105,1508,111500,228
735,20180105,1509,111500,64
736,20180105,1510,111500,23
737,20180105,1511,111500,359
738,20180105,1512,111500,30
739,20180105,1513,111500,140
740,20180105,1514,111500,64
741,20180105,1515,111500,57
742,20180105,1516,111500,67
743,20180105,1517,111500,273
744,20180105,1518,111500,51
745,20180105,1519,111500,57
746,20180105,1520,111500,1122
747,20180105,1530,111500,6975
0,20180108,901,112500,399
1,20180108,902,112500,132
2,20180108,903,112000,667
3,20180108,904,112000,675
4,20180108,905,111500,151
5,20180108,906,112000,422
6,20180108,907,111500,21
7,20180108,908,111500,949
8,20180108,909,111500,25
9,20180108,910,111000,1042
10,20180108,911,111000,918
11,20180108,912,111500,479
12,20180108,913,111500,47
13,20180108,914,111000,57
14,20180108,915,111500,255
15,20180108,916,112000,544
16,20180108,917,112000,381
17,20180108,918,112500,2175
18,20180108,919,112500,31
19,20180108,920,112000,34
20,20180108,921,112000,10
21,20180108,922,112000,112
22,20180108,923,112000,30
23,20180108,924,112500,1636
24,20180108,925,113000,440
25,20180108,926,112500,547
26,20180108,927,112500,2916
27,20180108,928,113000,694
28,20180108,929,113000,677
29,20180108,930,113000,29
30,20180108,931,113000,469
31,20180108,932,113000,223
32,20180108,933,113000,79
33,20180108,934,112500,29
34,20180108,935,113000,339
35,20180108,936,113000,288
36,20180108,937,113000,73
37,20180108,938,112500,202
38,20180108,939,112500,1398
39,20180108,940,112000,374
40,20180108,941,112500,33
41,20180108,942,112000,80
42,20180108,943,112000,15
43,20180108,944,112500,169
44,20180108,945,112000,206
45,20180108,946,112500,17
46,20180108,947,112000,27
47,20180108,948,112000,129
48,20180108,949,112000,27
49,20180108,950,112500,148
50,20180108,951,112000,156
51,20180108,952,111500,33
52,20180108,953,112000,121
53,20180108,954,112000,335
54,20180108,955,112000,301
55,20180108,956,111500,222
56,20180108,957,112000,87
57,20180108,958,111500,336
58,20180108,959,112000,382
59,20180108,1000,112500,36
60,20180108,1001,112500,208
61,20180108,1002,112500,14
62,20180108,1003,112500,18
63,20180108,1004,112500,73
64,20180108,1005,112500,97
65,20180108,1006,112000,177
66,20180108,1007,112000,423
67,20180108,1008,111500,1202
68,20180108,1009,112000,1230
69,20180108,1010,111500,32
70,20180108,1011,111000,473
71,20180108,1012,112000,1018
72,20180108,1013,112000,119
73,20180108,1014,111500,10
74,20180108,1015,112000,96
75,20180108,1016,112000,69
76,20180108,1017,111500,123
77,20180108,1018,111500,53
78,20180108,1019,111500,130
79,20180108,1020,111000,70
80,20180108,1021,111500,501
81,20180108,1022,111500,15
82,20180108,1023,112000,43
83,20180108,1024,111500,18
84,20180108,1025,112000,204
85,20180108,1026,112000,28
86,20180108,1027,112000,43
87,20180108,1028,112000,325
88,20180108,1029,112000,181
89,20180108,1030,112000,137
90,20180108,1031,112000,133
91,20180108,1032,112000,957
92,20180108,1033,111500,62
93,20180108,1034,111500,36
94,20180108,1035,111500,365
95,20180108,1036,112000,23
96,20180108,1037,112000,85
97,20180108,1038,112000,36
98,20180108,1039,112000,9
99,20180108,1040,112000,19
100,20180108,1041,111500,162
101,20180108,1042,112000,189
102,20180108,1043,112000,38
103,20180108,1044,111500,21
104,20180108,1045,112000,21
105,20180108,1046,112000,124
106,20180108,1047,111500,150
107,20180108,1048,112000,32
108,20180108,1049,112000,342
109,20180108,1050,111500,62
110,20180108,1051,111500,22
111,20180108,1052,112000,8
112,20180108,1053,111500,43
113,20180108,1054,112000,225
114,20180108,1055,111500,12
115,20180108,1056,112000,133
116,20180108,1057,112000,21
117,20180108,1058,111500,88
118,20180108,1059,112000,40
119,20180108,1100,112000,52
120,20180108,1101,112000,89
121,20180108,1102,111500,36
122,20180108,1104,112000,115
123,20180108,1105,111500,267
124,20180108,1106,111500,260
125,20180108,1107,111500,221
126,20180108,1108,111500,261
127,20180108,1109,111000,54
128,20180108,1110,111500,12
129,20180108,1111,111500,20
130,20180108,1112,111500,204
131,20180108,1113,111500,78
132,20180108,1114,111000,918
133,20180108,1115,111000,53
134,20180108,1116,111500,417
135,20180108,1117,111000,1046
136,20180108,1118,111000,150
137,20180108,1119,111000,32
138,20180108,1120,111500,79
139,20180108,1121,111500,38
140,20180108,1122,111500,51
141,20180108,1123,111500,28
142,20180108,1124,111500,8
143,20180108,1125,111500,35
144,20180108,1126,111000,16
145,20180108,1127,111500,28
146,20180108,1128,111000,6
147,20180108,1129,111000,20
148,20180108,1130,111500,327
149,20180108,1131,111500,116
150,20180108,1132,111500,118
151,20180108,1133,111500,504
152,20180108,1134,112000,23
153,20180108,1135,111500,6
154,20180108,1136,111500,29
155,20180108,1137,112000,41
156,20180108,1138,112000,56
157,20180108,1139,112000,539
158,20180108,1140,111500,112
159,20180108,1141,111500,86
160,20180108,1142,111500,13
161,20180108,1143,111000,40
162,20180108,1144,111000,84
163,20180108,1145,111500,25
164,20180108,1146,111500,146
165,20180108,1147,111000,323
166,20180108,1148,111500,32
167,20180108,1149,111000,116
168,20180108,1150,111500,25
169,20180108,1151,111500,55
170,20180108,1152,111000,46
171,20180108,1153,111500,35
172,20180108,1154,111000,1023
173,20180108,1155,111500,267
174,20180108,1156,111500,15
175,20180108,1157,111500,88
176,20180108,1158,111500,131
177,20180108,1159,111500,8
178,20180108,1200,111500,36
179,20180108,1201,111500,11
180,20180108,1202,111500,28
181,20180108,1203,111500,30
182,20180108,1204,111500,138
183,20180108,1205,111000,22
184,20180108,1206,111000,1111
185,20180108,1207,110500,75
186,20180108,1208,111500,73
187,20180108,1209,111500,9
188,20180108,1210,111500,2
189,20180108,1211,111500,608
190,20180108,1212,111500,10
191,20180108,1213,111000,57
192,20180108,1214,111500,21
193,20180108,1215,111500,1376
194,20180108,1216,111500,61
195,20180108,1218,111000,118
196,20180108,1219,111000,254
197,20180108,1220,111500,7
198,20180108,1221,111500,17
199,20180108,1222,111000,10
200,20180108,1223,111500,22
201,20180108,1224,111500,21
202,20180108,1225,111000,16
203,20180108,1226,111500,23
204,20180108,1227,111500,9
205,20180108,1228,111500,10
206,20180108,1230,111500,910
207,20180108,1231,112000,534
208,20180108,1232,112000,1007
209,20180108,1233,112000,137
210,20180108,1234,112000,1240
211,20180108,1235,112000,28
212,20180108,1236,112500,16
213,20180108,1237,112000,232
214,20180108,1238,112000,15
215,20180108,1239,112000,8
216,20180108,1240,112000,39
217,20180108,1241,112000,28
218,20180108,1242,111500,10
219,20180108,1243,112000,7
220,20180108,1244,112000,14
221,20180108,1245,112000,42
222,20180108,1246,112000,51
223,20180108,1247,112000,2
224,20180108,1248,111500,114
225,20180108,1249,112000,141
226,20180108,1250,112000,76
227,20180108,1251,112000,47
228,20180108,1252,112000,141
229,20180108,1253,111500,8
230,20180108,1254,111500,46
231,20180108,1255,112000,85
232,20180108,1256,112000,40
233,20180108,1257,112000,11
234,20180108,1258,111500,90
235,20180108,1259,112000,126
236,20180108,1300,112000,31
237,20180108,1301,111500,14
238,20180108,1302,112000,32
239,20180108,1303,111500,45
240,20180108,1304,112000,164
241,20180108,1305,111500,2
242,20180108,1306,111500,17
243,20180108,1307,112000,81
244,20180108,1308,111500,3
245,20180108,1309,111500,8
246,20180108,1310,112000,66
247,20180108,1311,112000,59
248,20180108,1312,111500,291
249,20180108,1313,111500,313
250,20180108,1314,111500,46
251,20180108,1315,111500,167
252,20180108,1316,111000,26
253,20180108,1317,111000,10
254,20180108,1318,111500,28
255,20180108,1319,111500,40
256,20180108,1320,111500,18
257,20180108,1321,111500,15
258,20180108,1322,111000,15
259,20180108,1323,111500,31
260,20180108,1324,111000,99
261,20180108,1325,111000,384
262,20180108,1326,111000,1235
263,20180108,1327,110500,65
264,20180108,1328,110500,552
265,20180108,1329,111000,35
266,20180108,1330,111000,38
267,20180108,1331,111000,21
268,20180108,1332,110500,76
269,20180108,1333,111000,2862
270,20180108,1334,110000,42
271,20180108,1335,110000,1039
272,20180108,1336,110000,196
273,20180108,1337,110500,77
274,20180108,1338,110000,907
275,20180108,1339,110000,844
276,20180108,1340,110500,9
277,20180108,1341,110500,102
278,20180108,1342,110500,9
279,20180108,1343,110500,5
280,20180108,1344,110500,18
281,20180108,1345,110000,46
282,20180108,1346,110500,7
283,20180108,1347,110500,6
284,20180108,1348,110500,60
285,20180108,1349,110000,4
286,20180108,1350,110500,45
287,20180108,1351,110500,15
288,20180108,1352,110500,18
289,20180108,1353,110500,25
290,20180108,1354,110500,184
291,20180108,1355,110000,33
292,20180108,1356,110500,401
293,20180108,1357,111000,6
294,20180108,1358,111000,17
295,20180108,1359,110500,64
296,20180108,1400,111000,51
297,20180108,1401,111000,55
298,20180108,1402,110500,245
299,20180108,1403,111000,74
300,20180108,1404,110500,160
301,20180108,1405,111000,236
302,20180108,1406,110500,25
303,20180108,1407,111000,93
304,20180108,1408,110500,63
305,20180108,1409,110500,11
306,20180108,1410,110500,39
307,20180108,1411,111000,44
308,20180108,1412,111000,42
309,20180108,1413,111000,21
310,20180108,1414,111000,31
311,20180108,1415,111000,72
312,20180108,1416,111000,1380
313,20180108,1417,111500,73
314,20180108,1418,111500,239
315,20180108,1419,111000,13
316,20180108,1420,111000,26
317,20180108,1421,111000,511
318,20180108,1422,111500,59
319,20180108,1423,111000,122
320,20180108,1424,111500,131
321,20180108,1425,111000,88
322,20180108,1426,111500,92
323,20180108,1427,111500,52
324,20180108,1428,111500,88
325,20180108,1429,111500,89
326,20180108,1430,111500,62
327,20180108,1431,111500,32
328,20180108,1432,111500,43
329,20180108,1433,111000,95
330,20180108,1434,111500,110
331,20180108,1435,111500,39
332,20180108,1436,111500,41
333,20180108,1437,111000,68
334,20180108,1438,111500,83
335,20180108,1439,111500,77
336,20180108,1440,111500,21
337,20180108,1441,111000,280
338,20180108,1442,111500,1552
339,20180108,1443,111500,387
340,20180108,1444,111500,164
341,20180108,1445,111500,54
342,20180108,1446,111500,214
343,20180108,1447,111500,105
344,20180108,1448,111500,68
345,20180108,1449,111500,69
346,20180108,1450,112000,95
347,20180108,1451,112000,53
348,20180108,1452,111500,169
349,20180108,1453,111500,56
350,20180108,1454,112000,67
351,20180108,1455,111500,1701
352,20180108,1456,112000,330
353,20180108,1457,112000,95
354,20180108,1458,111500,68
355,20180108,1459,111500,550
356,20180108,1500,111500,172
357,20180108,1501,112000,90
358,20180108,1502,111500,96
359,20180108,1503,111500,105
360,20180108,1504,111500,320
361,20180108,1505,111000,260
362,20180108,1506,112000,587
363,20180108,1507,111500,65
364,20180108,1508,112000,123
365,20180108,1509,111500,87
366,20180108,1510,112000,63
367,20180108,1511,112000,108
368,20180108,1512,111500,25
369,20180108,1513,111500,216
370,20180108,1514,111500,163
371,20180108,1515,111500,108
372,20180108,1516,111500,1937
373,20180108,1517,111500,129
374,20180108,1518,111500,387
375,20180108,1519,111500,278
376,20180108,1520,111500,196
377,20180108,1530,111500,4638
378,20180109,901,112000,466
379,20180109,902,112000,140
380,20180109,903,112000,124
381,20180109,904,112500,1256
382,20180109,905,112000,1179
383,20180109,906,112000,148
384,20180109,907,112500,170
385,20180109,908,112500,2373
386,20180109,909,111500,271
387,20180109,910,111500,1951
388,20180109,911,110500,1250
389,20180109,912,111000,70
390,20180109,913,111000,99
391,20180109,914,111000,106
392,20180109,915,111500,1079
393,20180109,916,110500,248
394,20180109,917,111000,215
395,20180109,918,110500,882
396,20180109,919,110000,115
397,20180109,920,110000,64
398,20180109,921,110000,168
399,20180109,922,110000,137
400,20180109,923,110000,315
401,20180109,924,110000,1981
402,20180109,925,111000,424
403,20180109,926,111000,59
404,20180109,927,110500,84
405,20180109,928,111000,25
406,20180109,929,111000,53
407,20180109,930,111000,48
408,20180109,931,111000,42
409,20180109,932,111000,37
410,20180109,933,111000,118
411,20180109,934,111500,309
412,20180109,935,111500,1
413,20180109,936,110500,425
414,20180109,937,111000,62
415,20180109,938,111000,300
416,20180109,939,111500,4
417,20180109,940,111000,51
418,20180109,941,111000,27
419,20180109,942,111000,9
420,20180109,943,111000,35
421,20180109,944,111000,484
422,20180109,945,111000,310
423,20180109,946,111000,110
424,20180109,947,111000,218
425,20180109,948,111000,92
426,20180109,949,110500,138
427,20180109,950,110500,293
428,20180109,951,111000,416
429,20180109,952,111500,609
430,20180109,953,112000,696
431,20180109,954,112000,1366
432,20180109,955,112000,495
433,20180109,956,112000,93
434,20180109,957,112000,522
435,20180109,958,112000,62
436,20180109,959,112000,123
437,20180109,1000,112000,350
438,20180109,1001,112000,5547
439,20180109,1002,113000,3010
440,20180109,1003,113000,711
441,20180109,1004,113000,399
442,20180109,1005,113000,132
443,20180109,1006,113000,1056
444,20180109,1007,112500,179
445,20180109,1008,113000,1078
446,20180109,1009,113000,128
447,20180109,1010,113000,51
448,20180109,1011,113000,2372
449,20180109,1012,113500,1221
450,20180109,1013,113000,377
451,20180109,1014,113500,192
452,20180109,1015,113500,433
453,20180109,1016,113000,144
454,20180109,1017,113000,174
455,20180109,1018,112500,102
456,20180109,1019,112500,496
457,20180109,1020,113000,153
458,20180109,1021,112500,119
459,20180109,1022,112500,303
460,20180109,1023,112000,321
461,20180109,1024,112500,231
462,20180109,1025,112000,117
463,20180109,1026,112000,155
464,20180109,1027,112000,1322
465,20180109,1028,111500,313
466,20180109,1029,112000,131
467,20180109,1030,111500,168
468,20180109,1031,111500,175
469,20180109,1032,112000,108
470,20180109,1033,111500,81
471,20180109,1034,111500,389
472,20180109,1035,111500,145
473,20180109,1036,111500,99
474,20180109,1037,111500,129
475,20180109,1038,111500,169
476,20180109,1039,111500,91
477,20180109,1040,111500,66
478,20180109,1041,111500,84
479,20180109,1042,111500,110
480,20180109,1043,111500,104
481,20180109,1044,111500,169
482,20180109,1045,111500,75
483,20180109,1046,111500,108
484,20180109,1047,111500,94
485,20180109,1048,111500,2908
486,20180109,1049,111000,293
487,20180109,1050,111000,821
488,20180109,1051,111000,193
489,20180109,1052,111000,591
490,20180109,1053,111000,456
491,20180109,1054,111000,317
492,20180109,1055,111000,293
493,20180109,1056,111000,169
494,20180109,1057,111000,316
495,20180109,1058,111000,121
496,20180109,1059,111000,218
497,20180109,1100,111000,179
498,20180109,1101,111000,148
499,20180109,1102,111000,1848
500,20180109,1103,111000,294
501,20180109,1104,111000,124
502,20180109,1105,111000,157
503,20180109,1106,110500,143
504,20180109,1107,110500,118
505,20180109,1108,110500,987
506,20180109,1109,111000,571
507,20180109,1110,110500,194
508,20180109,1111,110500,109
509,20180109,1112,110500,114
510,20180109,1113,110500,867
511,20180109,1114,110500,88
512,20180109,1115,110500,53
513,20180109,1116,110500,186
514,20180109,1117,110500,365
515,20180109,1118,110500,82
516,20180109,1119,110500,339
517,20180109,1120,110500,1614
518,20180109,1121,110500,725
519,20180109,1122,110500,318
520,20180109,1123,110500,3182
521,20180109,1124,110000,97
522,20180109,1125,109500,338
523,20180109,1126,109500,206
524,20180109,1127,109500,172
525,20180109,1128,110000,67
526,20180109,1129,109500,309
527,20180109,1130,109500,302
528,20180109,1131,109500,141
529,20180109,1132,109500,202
530,20180109,1133,109500,120
531,20180109,1134,110000,139
532,20180109,1135,109500,332
533,20180109,1136,109500,172
534,20180109,1137,109500,90
535,20180109,1138,109500,161
536,20180109,1139,110000,68
537,20180109,1140,110000,139
538,20180109,1141,109500,331
539,20180109,1142,110000,366
540,20180109,1143,109500,132
541,20180109,1144,109500,1015
542,20180109,1145,110000,106
543,20180109,1146,109500,115
544,20180109,1147,109500,113
545,20180109,1148,109500,142
546,20180109,1149,109500,277
547,20180109,1150,109500,191
548,20180109,1151,109500,614
549,20180109,1152,109500,99
550,20180109,1153,109500,173
551,20180109,1154,109500,184
552,20180109,1155,109500,126
553,20180109,1156,109500,143
554,20180109,1157,109500,302
555,20180109,1158,109500,155
556,20180109,1159,109500,18
557,20180109,1200,109500,199
558,20180109,1201,109500,18
559,20180109,1202,109500,56
560,20180109,1203,109500,101
561,20180109,1204,109500,71
562,20180109,1205,109500,200
563,20180109,1206,109500,47
564,20180109,1207,109500,57
565,20180109,1208,109500,20
566,20180109,1209,109500,62
567,20180109,1210,109500,39
568,20180109,1211,109500,36
569,20180109,1212,109500,87
570,20180109,1213,109500,9
571,20180109,1214,109500,149
572,20180109,1215,109500,142
573,20180109,1216,109500,27
574,20180109,1217,109500,53
575,20180109,1218,109500,53
576,20180109,1219,109500,39
577,20180109,1220,110000,40
578,20180109,1221,110000,49
579,20180109,1222,109500,54
580,20180109,1223,109500,53
581,20180109,1224,109500,24
582,20180109,1225,109500,145
583,20180109,1226,110000,24
584,20180109,1227,109500,58
585,20180109,1228,109500,86
586,20180109,1229,109500,115
587,20180109,1230,109500,72
588,20180109,1231,109500,63
589,20180109,1232,109500,23
590,20180109,1233,109500,82
591,20180109,1234,109500,113
592,20180109,1235,109500,24
593,20180109,1236,109500,89
594,20180109,1237,109500,42
595,20180109,1238,109500,59
596,20180109,1239,110000,58
597,20180109,1240,109500,65
598,20180109,1241,109500,109
599,20180109,1242,109500,567
600,20180109,1243,109500,842
601,20180109,1244,109000,305
602,20180109,1245,109000,77
603,20180109,1246,109000,26
604,20180109,1247,109000,368
605,20180109,1248,109000,71
606,20180109,1249,109000,58
607,20180109,1250,109000,320
608,20180109,1251,109000,171
609,20180109,1252,109500,236
610,20180109,1253,109500,224
611,20180109,1254,109500,40
612,20180109,1255,109000,65
613,20180109,1256,109000,77
614,20180109,1257,109000,41
615,20180109,1258,109000,109
616,20180109,1259,109000,391
617,20180109,1300,109000,106
618,20180109,1301,109000,273
619,20180109,1302,109000,52
620,20180109,1303,109000,161
621,20180109,1304,109000,980
622,20180109,1305,109500,3513
623,20180109,1306,108500,162
624,20180109,1307,109000,81
625,20180109,1308,108500,161
626,20180109,1309,108500,1462
627,20180109,1310,108500,436
628,20180109,1311,108500,231
629,20180109,1312,108500,1584
630,20180109,1313,108500,56
631,20180109,1314,108500,605
632,20180109,1315,108500,339
633,20180109,1316,108500,120
634,20180109,1317,108500,97
635,20180109,1318,108500,39
636,20180109,1319,108500,132
637,20180109,1320,108500,69
638,20180109,1321,108500,52
639,20180109,1322,108500,76
640,20180109,1323,108500,21
641,20180109,1324,108500,80
642,20180109,1325,108500,77
643,20180109,1326,108500,135
644,20180109,1327,108500,87
645,20180109,1328,108500,193
646,20180109,1329,108500,72
647,20180109,1330,108500,97
648,20180109,1331,108500,1215
649,20180109,1332,108500,125
650,20180109,1333,109000,199
651,20180109,1334,108500,587
652,20180109,1335,109000,82
653,20180109,1336,108500,88
654,20180109,1337,108500,279
655,20180109,1338,108000,207
656,20180109,1339,108000,1576
657,20180109,1340,108500,116
658,20180109,1341,108000,325
659,20180109,1342,108000,237
660,20180109,1343,108500,173
661,20180109,1344,108000,178
662,20180109,1345,108000,422
663,20180109,1346,108500,279
664,20180109,1347,108500,137
665,20180109,1348,108500,576
666,20180109,1349,108500,35
667,20180109,1350,108500,75
668,20180109,1351,108500,154
669,20180109,1352,109000,83
670,20180109,1353,108500,87
671,20180109,1354,108500,22
672,20180109,1355,109000,144
673,20180109,1356,108500,65
674,20180109,1357,108500,49
675,20180109,1358,108500,234
676,20180109,1359,108500,31
677,20180109,1400,108500,146
678,20180109,1401,108500,288
679,20180109,1402,108500,702
680,20180109,1403,108500,504
681,20180109,1404,108500,755
682,20180109,1405,108500,1572
683,20180109,1406,108500,436
684,20180109,1407,108000,461
685,20180109,1408,108000,668
686,20180109,1409,108000,598
687,20180109,1410,108000,604
688,20180109,1411,108000,1078
689,20180109,1412,108000,455
690,20180109,1413,108000,1126
691,20180109,1414,108000,223
692,20180109,1415,107500,416
693,20180109,1416,107500,1088
694,20180109,1417,107500,310
695,20180109,1418,107500,605
696,20180109,1419,107500,696
697,20180109,1420,107500,1280
698,20180109,1421,107500,1298
699,20180109,1422,107500,259
700,20180109,1423,107500,3275
701,20180109,1424,107500,2723
702,20180109,1425,107500,277
703,20180109,1426,107500,863
704,20180109,1427,107500,399
705,20180109,1428,107500,893
706,20180109,1429,107500,2229
707,20180109,1430,107500,242
708,20180109,1431,108000,225
709,20180109,1432,107500,163
710,20180109,1433,107500,373
711,20180109,1434,107500,288
712,20180109,1435,107500,1384
713,20180109,1436,107500,539
714,20180109,1437,107500,217
715,20180109,1438,107500,743
716,20180109,1439,107000,509
717,20180109,1440,107000,381
718,20180109,1441,107000,230
719,20180109,1442,107000,652
720,20180109,1443,107000,1076
721,20180109,1444,107000,526
722,20180109,1445,107000,1028
723,20180109,1446,107000,1159
724,20180109,1447,107500,503
725,20180109,1448,107500,505
726,20180109,1449,107000,939
727,20180109,1450,107000,345
728,20180109,1451,107000,823
729,20180109,1452,107000,278
730,20180109,1453,107000,616
731,20180109,1454,107000,558
732,20180109,1455,107000,523
733,20180109,1456,107000,405
734,20180109,1457,107000,683
735,20180109,1458,107000,998
736,20180109,1459,107000,387
737,20180109,1500,107000,367
738,20180109,1501,107000,2138
739,20180109,1502,106500,2563
740,20180109,1503,107000,244
741,20180109,1504,107000,3936
742,20180109,1505,107000,414
743,20180109,1506,106500,581
744,20180109,1507,106500,1790
745,20180109,1508,107000,786
746,20180109,1509,106500,280
747,20180109,1510,106500,2140
748,20180109,1511,106000,362
749,20180109,1512,106500,1293
750,20180109,1513,107000,1625
751,20180109,1514,106500,690
752,20180109,1515,106500,1137
753,20180109,1516,106500,1613
754,20180109,1517,106500,110
755,20180109,1518,107000,1258
756,20180109,1519,107000,82
757,20180109,1520,107000,323
758,20180109,1530,107500,7321
0,20180110,901,108000,405
1,20180110,902,108500,409
2,20180110,903,108500,351
3,20180110,904,108000,345
4,20180110,905,108000,677
5,20180110,906,108500,280
6,20180110,907,109000,208
7,20180110,908,108500,841
8,20180110,909,108000,464
9,20180110,910,108500,15
10,20180110,911,108500,341
11,20180110,912,108500,470
12,20180110,913,108500,280
13,20180110,914,108500,186
14,20180110,915,108500,1649
15,20180110,916,109000,116
16,20180110,917,109500,1665
17,20180110,918,109500,374
18,20180110,919,109500,181
19,20180110,920,109500,119
20,20180110,921,109500,695
21,20180110,922,109000,25
22,20180110,923,108500,77
23,20180110,924,108500,679
24,20180110,925,109000,21
25,20180110,926,108500,270
26,20180110,927,109000,7
27,20180110,928,108500,69
28,20180110,929,108500,583
29,20180110,930,108500,244
30,20180110,931,108000,758
31,20180110,932,108500,18
32,20180110,933,108000,345
33,20180110,934,108000,1236
34,20180110,935,107500,332
35,20180110,936,107500,529
36,20180110,937,108000,82
37,20180110,938,107500,238
38,20180110,939,107500,194
39,20180110,940,107000,403
40,20180110,941,107500,211
41,20180110,942,108000,673
42,20180110,943,107500,19
43,20180110,944,108500,602
44,20180110,945,108500,293
45,20180110,946,109000,55
46,20180110,947,108500,2096
47,20180110,948,109500,164
48,20180110,949,109000,17
49,20180110,950,108500,28
50,20180110,951,108500,23
51,20180110,952,108500,113
52,20180110,953,108500,32
53,20180110,954,109000,439
54,20180110,955,109000,247
55,20180110,956,108500,54
56,20180110,957,108500,1021
57,20180110,958,108500,199
58,20180110,959,108500,65
59,20180110,1000,108500,21
60,20180110,1001,108000,64
61,20180110,1002,108000,90
62,20180110,1003,108500,119
63,20180110,1004,108500,84
64,20180110,1005,108000,25
65,20180110,1006,108500,69
66,20180110,1007,108000,31
67,20180110,1008,108000,246
68,20180110,1009,108000,17
69,20180110,1010,108000,503
70,20180110,1011,107500,88
71,20180110,1012,107500,19
72,20180110,1013,107500,181
73,20180110,1014,108000,236
74,20180110,1015,108000,319
75,20180110,1016,108000,27
76,20180110,1017,107500,81
77,20180110,1018,107500,65
78,20180110,1019,107500,68
79,20180110,1020,107500,5
80,20180110,1021,108000,128
81,20180110,1022,108000,567
82,20180110,1023,107500,164
83,20180110,1024,107500,388
84,20180110,1025,107500,115
85,20180110,1026,107500,437
86,20180110,1027,107500,16
87,20180110,1028,107500,81
88,20180110,1029,107000,24
89,20180110,1030,107500,1118
90,20180110,1031,107000,334
91,20180110,1032,107000,78
92,20180110,1033,107500,124
93,20180110,1034,107000,90
94,20180110,1035,107500,84
95,20180110,1036,107000,53
96,20180110,1037,107500,29
97,20180110,1038,107500,47
98,20180110,1039,107000,85
99,20180110,1040,107000,19
100,20180110,1041,107500,5
101,20180110,1042,107000,17
102,20180110,1043,107000,69
103,20180110,1044,107000,69
104,20180110,1045,107000,8
105,20180110,1046,107000,986
106,20180110,1047,107000,462
107,20180110,1048,106500,10
108,20180110,1049,107000,72
109,20180110,1050,107000,138
110,20180110,1051,106500,24
111,20180110,1052,106500,7
112,20180110,1053,106500,138
113,20180110,1054,106500,2020
114,20180110,1055,106500,46
115,20180110,1056,106500,351
116,20180110,1057,106500,285
117,20180110,1058,106000,197
118,20180110,1059,106500,434
119,20180110,1100,106000,568
120,20180110,1101,106000,86
121,20180110,1102,106500,91
122,20180110,1103,106500,299
123,20180110,1104,106000,276
124,20180110,1105,106500,58
125,20180110,1106,106000,7
126,20180110,1107,106500,188
127,20180110,1108,106000,119
128,20180110,1109,106500,56
129,20180110,1110,106500,92
130,20180110,1111,106500,18
131,20180110,1112,106000,582
132,20180110,1113,107000,10
133,20180110,1114,106500,19
134,20180110,1115,107000,115
135,20180110,1116,107000,18
136,20180110,1117,107000,106
137,20180110,1118,106500,32
138,20180110,1119,107000,211
139,20180110,1120,106500,107
140,20180110,1121,107000,130
141,20180110,1122,106500,181
142,20180110,1123,106500,21
143,20180110,1124,106500,32
144,20180110,1125,107000,8
145,20180110,1126,107000,462
146,20180110,1127,106500,39
147,20180110,1128,107000,64
148,20180110,1129,107000,110
149,20180110,1130,106500,438
150,20180110,1131,107000,40
151,20180110,1132,106500,4
152,20180110,1133,107000,124
153,20180110,1134,106500,112
154,20180110,1135,107000,57
155,20180110,1136,106500,3
156,20180110,1137,106500,151
157,20180110,1138,106500,123
158,20180110,1139,107000,8
159,20180110,1140,107000,219
160,20180110,1141,106500,121
161,20180110,1142,106500,395
162,20180110,1143,106500,226
163,20180110,1144,106500,84
164,20180110,1145,106500,25
165,20180110,1146,107000,4
166,20180110,1147,106500,75
167,20180110,1148,106500,129
168,20180110,1149,106500,86
169,20180110,1150,106500,73
170,20180110,1151,106500,16
171,20180110,1152,106500,137
172,20180110,1153,106500,51
173,20180110,1154,106500,20
174,20180110,1155,106500,81
175,20180110,1156,106500,16
176,20180110,1157,107000,10
177,20180110,1158,106500,17
178,20180110,1159,106500,115
179,20180110,1200,106500,12
180,20180110,1201,106500,27
181,20180110,1202,107000,164
182,20180110,1203,106500,23
183,20180110,1204,107000,39
184,20180110,1205,106500,21
185,20180110,1206,107000,85
186,20180110,1207,107000,22
187,20180110,1208,106500,17
188,20180110,1209,107000,277
189,20180110,1210,106500,109
190,20180110,1211,106500,1497
191,20180110,1212,106500,22
192,20180110,1213,107000,192
193,20180110,1214,106500,6
194,20180110,1215,106500,26
195,20180110,1216,106500,60
196,20180110,1217,106500,532
197,20180110,1218,106500,25
198,20180110,1219,106500,21
199,20180110,1220,107000,4
200,20180110,1221,107000,400
201,20180110,1222,106500,410
202,20180110,1223,107000,6
203,20180110,1224,106500,77
204,20180110,1225,106500,8
205,20180110,1226,107000,70
206,20180110,1227,107000,4
207,20180110,1228,106500,82
208,20180110,1229,106500,24
209,20180110,1230,106500,11
210,20180110,1231,107000,1234
211,20180110,1232,107500,3
212,20180110,1233,107500,25
213,20180110,1234,107500,1
214,20180110,1235,107000,89
215,20180110,1236,107000,18
216,20180110,1237,107000,11
217,20180110,1238,107500,26
218,20180110,1239,107500,73
219,20180110,1240,107000,51
220,20180110,1241,107000,8
221,20180110,1242,107000,92
222,20180110,1243,107000,22
223,20180110,1244,107000,3
224,20180110,1245,107500,121
225,20180110,1246,107500,76
226,20180110,1247,107500,1555
227,20180110,1248,108000,1
228,20180110,1249,107500,28
229,20180110,1250,107500,82
230,20180110,1251,107500,10
231,20180110,1252,108000,15
232,20180110,1253,108000,79
233,20180110,1254,107500,57
234,20180110,1255,108000,14
235,20180110,1256,108000,1541
236,20180110,1257,108500,405
237,20180110,1258,108000,503
238,20180110,1259,108500,31
239,20180110,1300,108000,66
240,20180110,1301,108500,23
241,20180110,1302,108500,47
242,20180110,1303,108000,140
243,20180110,1304,108000,84
244,20180110,1305,108000,9
245,20180110,1306,108500,24
246,20180110,1307,108500,262
247,20180110,1308,108500,82
248,20180110,1309,108500,133
249,20180110,1310,108500,36
250,20180110,1311,108000,70
251,20180110,1312,108000,23
252,20180110,1313,108000,278
253,20180110,1314,108000,12
254,20180110,1315,108000,87
255,20180110,1316,108000,11
256,20180110,1317,107500,81
257,20180110,1318,108000,321
258,20180110,1319,107500,85
259,20180110,1320,108000,60
260,20180110,1321,108000,49
261,20180110,1322,107500,152
262,20180110,1323,108000,58
263,20180110,1324,108000,198
264,20180110,1325,108000,7
265,20180110,1326,108000,87
266,20180110,1327,108000,354
267,20180110,1328,107500,170
268,20180110,1329,108500,27
269,20180110,1330,108000,72
270,20180110,1331,108500,19
271,20180110,1332,108000,13
272,20180110,1333,108000,130
273,20180110,1334,108500,73
274,20180110,1335,108500,3
275,20180110,1336,108000,23
276,20180110,1337,108000,72
277,20180110,1338,108500,43
278,20180110,1339,108500,257
279,20180110,1340,108500,114
280,20180110,1341,108000,127
281,20180110,1342,108500,16
282,20180110,1343,108000,105
283,20180110,1344,108500,607
284,20180110,1345,108000,50
285,20180110,1346,108000,47
286,20180110,1347,107500,2797
287,20180110,1348,108000,86
288,20180110,1349,108000,56
289,20180110,1350,108500,34
290,20180110,1351,108000,91
291,20180110,1352,108000,116
292,20180110,1353,108000,1
293,20180110,1354,108500,44
294,20180110,1355,108000,117
295,20180110,1356,108000,16
296,20180110,1357,108500,40
297,20180110,1358,108000,215
298,20180110,1359,108000,1123
299,20180110,1400,108500,63
300,20180110,1401,108000,30
301,20180110,1402,108500,124
302,20180110,1403,108500,5
303,20180110,1404,108500,78
304,20180110,1405,108500,43
305,20180110,1406,108000,174
306,20180110,1407,108500,669
307,20180110,1408,108000,27
308,20180110,1409,107500,73
309,20180110,1410,107500,51
310,20180110,1411,108000,898
311,20180110,1412,108000,10
312,20180110,1413,108000,91
313,20180110,1414,108000,147
314,20180110,1415,108000,226
315,20180110,1416,108000,33
316,20180110,1417,108000,93
317,20180110,1418,108500,84
318,20180110,1419,108500,39
319,20180110,1420,108500,125
320,20180110,1421,108000,63
321,20180110,1422,108000,129
322,20180110,1423,108000,85
323,20180110,1424,108000,118
324,20180110,1425,108000,17
325,20180110,1426,108500,34
326,20180110,1427,108500,128
327,20180110,1428,108000,148
328,20180110,1429,108000,24
329,20180110,1430,108000,9
330,20180110,1431,108500,445
331,20180110,1432,108000,51
332,20180110,1433,108500,25
333,20180110,1434,108000,155
334,20180110,1435,108500,81
335,20180110,1436,108000,28
336,20180110,1437,108500,511
337,20180110,1438,108000,118
338,20180110,1439,108000,132
339,20180110,1440,108000,191
340,20180110,1441,108000,125
341,20180110,1442,107500,569
342,20180110,1443,107500,19
343,20180110,1444,108000,279
344,20180110,1445,108000,257
345,20180110,1446,108000,85
346,20180110,1447,108000,88
347,20180110,1448,108500,145
348,20180110,1449,108500,79
349,20180110,1450,108000,140
350,20180110,1451,108500,33
351,20180110,1452,108000,63
352,20180110,1453,108500,100
353,20180110,1454,108000,1566
354,20180110,1455,108500,207
355,20180110,1456,108500,102
356,20180110,1457,108500,119
357,20180110,1458,108000,13
358,20180110,1459,108500,313
359,20180110,1500,108000,309
360,20180110,1501,108000,50
361,20180110,1502,108500,129
362,20180110,1503,108000,119
363,20180110,1504,108500,90
364,20180110,1505,108500,26
365,20180110,1506,108000,336
366,20180110,1507,108500,133
367,20180110,1508,108000,18
368,20180110,1509,108500,40
369,20180110,1510,108000,425
370,20180110,1511,108000,733
371,20180110,1512,108000,4085
372,20180110,1513,108000,35
373,20180110,1514,108000,33
374,20180110,1515,108000,11
375,20180110,1516,108500,89
376,20180110,1517,108000,18
377,20180110,1518,108000,67
378,20180110,1519,108000,53
379,20180110,1520,108500,142
380,20180110,1530,108500,5637
381,20180111,901,109500,563
382,20180111,902,109500,48
383,20180111,903,108500,115
384,20180111,904,108500,483
385,20180111,905,109000,243
386,20180111,906,109500,79
387,20180111,907,109000,123
388,20180111,908,109000,89
389,20180111,909,109500,1823
390,20180111,910,108000,254
391,20180111,911,108000,14
392,20180111,912,108000,3429
393,20180111,913,109000,324
394,20180111,914,109000,76
395,20180111,915,109500,36
396,20180111,916,108500,139
397,20180111,917,109000,403
398,20180111,918,108500,134
399,20180111,919,108500,1
400,20180111,920,108500,284
401,20180111,921,108500,37
402,20180111,922,109000,90
403,20180111,923,108500,346
404,20180111,924,108500,244
405,20180111,925,108500,137
406,20180111,926,108500,431
407,20180111,927,108500,334
408,20180111,928,108500,41
409,20180111,929,109000,8
410,20180111,930,109000,1995
411,20180111,931,108000,4
412,20180111,932,108000,2784
413,20180111,933,108500,39
414,20180111,934,108500,91
415,20180111,935,108500,1
416,20180111,936,108000,2210
417,20180111,937,108000,78
418,20180111,938,108000,13
419,20180111,940,108000,10
420,20180111,942,108000,151
421,20180111,943,108000,168
422,20180111,944,108500,173
423,20180111,945,108500,236
424,20180111,946,108000,219
425,20180111,947,108500,192
426,20180111,948,108500,217
427,20180111,949,108500,81
428,20180111,950,108500,88
429,20180111,951,108500,246
430,20180111,952,108500,167
431,20180111,953,108500,117
432,20180111,954,108000,60
433,20180111,955,108000,250
434,20180111,956,108500,116
435,20180111,957,108500,28
436,20180111,959,108500,8420
437,20180111,1000,110500,2707
438,20180111,1001,109500,168
439,20180111,1002,109000,55
440,20180111,1003,109000,186
441,20180111,1004,108500,80
442,20180111,1005,108500,107
443,20180111,1006,109000,513
444,20180111,1007,108500,573
445,20180111,1008,108500,79
446,20180111,1009,108500,106
447,20180111,1010,108500,250
448,20180111,1011,109000,84
449,20180111,1012,108500,158
450,20180111,1013,108500,41
451,20180111,1014,108500,204
452,20180111,1015,108500,96
453,20180111,1016,108000,35
454,20180111,1017,108000,81
455,20180111,1018,108000,109
456,20180111,1019,108000,91
457,20180111,1020,108000,93
458,20180111,1021,108000,21
459,20180111,1022,108000,340
460,20180111,1023,108000,38
461,20180111,1024,108000,107
462,20180111,1025,108500,192
463,20180111,1026,108000,75
464,20180111,1027,108500,129
465,20180111,1028,108500,444
466,20180111,1029,108000,377
467,20180111,1030,108000,97
468,20180111,1031,108500,141
469,20180111,1032,108000,76
470,20180111,1033,108500,548
471,20180111,1034,108500,147
472,20180111,1035,109000,1406
473,20180111,1036,109000,628
474,20180111,1037,109000,64
475,20180111,1038,109000,109
476,20180111,1039,109000,120
477,20180111,1040,109500,237
478,20180111,1041,109500,141
479,20180111,1042,109000,329
480,20180111,1043,109500,70
481,20180111,1044,109000,230
482,20180111,1045,109000,74
483,20180111,1046,109500,195
484,20180111,1047,109500,158
485,20180111,1048,109000,57
486,20180111,1049,109000,57
487,20180111,1050,109000,1043
488,20180111,1051,108500,164
489,20180111,1052,109000,17
490,20180111,1053,108500,23
491,20180111,1054,108500,181
492,20180111,1055,108500,18
493,20180111,1056,109000,219
494,20180111,1057,108500,112
495,20180111,1058,108500,58
496,20180111,1059,108500,30
497,20180111,1100,109000,94
498,20180111,1101,108500,181
499,20180111,1102,108500,9
500,20180111,1103,108500,146
501,20180111,1104,109000,60
502,20180111,1105,109000,26
503,20180111,1106,108500,41
504,20180111,1107,109000,128
505,20180111,1108,109000,136
506,20180111,1109,108500,55
507,20180111,1110,109000,159
508,20180111,1111,108500,121
509,20180111,1112,108500,35
510,20180111,1113,108500,215
511,20180111,1114,109000,248
512,20180111,1115,109500,53
513,20180111,1116,109500,107
514,20180111,1117,109000,64
515,20180111,1118,109500,118
516,20180111,1119,109000,78
517,20180111,1120,109000,183
518,20180111,1121,108500,25
519,20180111,1123,108500,142
520,20180111,1124,109000,22
521,20180111,1125,109000,1339
522,20180111,1126,108500,96
523,20180111,1127,108500,65
524,20180111,1128,108500,419
525,20180111,1129,108500,35
526,20180111,1130,108500,93
527,20180111,1131,108500,21
528,20180111,1132,108500,138
529,20180111,1133,108500,211
530,20180111,1134,109000,50
531,20180111,1135,109500,150
532,20180111,1136,109000,51
533,20180111,1137,109500,80
534,20180111,1138,109000,163
535,20180111,1139,109500,28
536,20180111,1140,109000,102
537,20180111,1141,109000,30
538,20180111,1142,109500,308
539,20180111,1143,109000,33
540,20180111,1144,109000,807
541,20180111,1145,109000,139
542,20180111,1146,109000,209
543,20180111,1147,109000,527
544,20180111,1148,109000,98
545,20180111,1149,108500,98
546,20180111,1150,109000,40
547,20180111,1151,108500,89
548,20180111,1152,108500,599
549,20180111,1153,108500,317
550,20180111,1154,108500,177
551,20180111,1155,108500,449
552,20180111,1156,108500,62
553,20180111,1157,108500,239
554,20180111,1158,108500,136
555,20180111,1159,108500,181
556,20180111,1200,108000,12
557,20180111,1201,108500,135
558,20180111,1202,108000,69
559,20180111,1203,108500,15
560,20180111,1204,109000,143
561,20180111,1205,108500,347
562,20180111,1206,108500,59
563,20180111,1207,109000,88
564,20180111,1208,109000,80
565,20180111,1209,109000,255
566,20180111,1210,109000,87
567,20180111,1211,108500,110
568,20180111,1212,109000,31
569,20180111,1213,109000,33
570,20180111,1214,109000,183
571,20180111,1215,109000,61
572,20180111,1216,109000,58
573,20180111,1217,109000,138
574,20180111,1218,108500,77
575,20180111,1219,108500,85
576,20180111,1220,108500,94
577,20180111,1221,109000,243
578,20180111,1222,108500,7
579,20180111,1223,109000,178
580,20180111,1224,108500,43
581,20180111,1225,108500,30
582,20180111,1226,109000,124
583,20180111,1227,108500,104
584,20180111,1228,109000,62
585,20180111,1229,108500,16
586,20180111,1230,108500,112
587,20180111,1231,108500,103
588,20180111,1232,109000,12
589,20180111,1233,108500,139
590,20180111,1234,108500,72
591,20180111,1235,109000,1
592,20180111,1236,108500,144
593,20180111,1237,109000,36
594,20180111,1238,108500,58
595,20180111,1239,109000,104
596,20180111,1240,109000,100
597,20180111,1241,108500,62
598,20180111,1242,109000,418
599,20180111,1243,108500,62
600,20180111,1244,108500,36
601,20180111,1245,109000,218
602,20180111,1246,108500,31
603,20180111,1247,109000,11
604,20180111,1248,109000,74
605,20180111,1249,109000,139
606,20180111,1250,108500,96
607,20180111,1251,109000,5
608,20180111,1252,109000,158
609,20180111,1253,108500,79
610,20180111,1254,109000,88
611,20180111,1255,108500,262
612,20180111,1256,108500,248
613,20180111,1257,108500,773
614,20180111,1258,108500,90
615,20180111,1259,108000,17
616,20180111,1300,108500,98
617,20180111,1301,108500,181
618,20180111,1302,108000,59
619,20180111,1303,108000,1653
620,20180111,1304,108500,49
621,20180111,1305,108000,182
622,20180111,1306,108000,88
623,20180111,1307,108500,62
624,20180111,1308,108000,304
625,20180111,1309,108000,85
626,20180111,1310,107500,47
627,20180111,1311,108000,415
628,20180111,1312,108000,99
629,20180111,1313,108000,427
630,20180111,1314,108000,264
631,20180111,1315,108000,29
632,20180111,1316,107500,16
633,20180111,1317,107500,138
634,20180111,1318,108000,439
635,20180111,1319,108000,49
636,20180111,1320,108500,41
637,20180111,1321,108000,111
638,20180111,1322,108000,47
639,20180111,1323,108000,30
640,20180111,1324,108000,166
641,20180111,1325,108000,46
642,20180111,1326,108500,2
643,20180111,1327,108000,131
644,20180111,1328,108000,32
645,20180111,1329,108000,50
646,20180111,1330,108500,94
647,20180111,1331,108000,325
648,20180111,1332,107500,19
649,20180111,1333,108000,199
650,20180111,1334,108000,65
651,20180111,1335,108000,46
652,20180111,1336,108500,57
653,20180111,1337,108000,323
654,20180111,1338,108000,14
655,20180111,1339,108000,48
656,20180111,1340,108500,101
657,20180111,1341,108000,81
658,20180111,1342,108500,294
659,20180111,1343,108000,95
660,20180111,1344,108000,82
661,20180111,1345,108500,46
662,20180111,1346,108500,133
663,20180111,1347,108000,100
664,20180111,1348,108000,59
665,20180111,1349,108000,146
666,20180111,1350,108500,19
667,20180111,1351,108000,48
668,20180111,1352,108000,23
669,20180111,1353,108000,192
670,20180111,1354,108000,13
671,20180111,1355,108000,56
672,20180111,1356,108000,158
673,20180111,1357,108000,44
674,20180111,1358,108500,412
675,20180111,1359,108000,286
676,20180111,1400,108500,35
677,20180111,1401,108000,132
678,20180111,1402,108000,104
679,20180111,1403,108500,330
680,20180111,1404,108500,830
681,20180111,1405,109000,127
682,20180111,1406,109000,223
683,20180111,1407,108500,30
684,20180111,1408,108500,238
685,20180111,1409,108500,142
686,20180111,1410,109000,472
687,20180111,1411,108500,19
688,20180111,1412,108000,2913
689,20180111,1413,108000,474
690,20180111,1414,108000,260
691,20180111,1415,108000,254
692,20180111,1416,107500,46
693,20180111,1417,108000,337
694,20180111,1418,108000,228
695,20180111,1419,108000,109
696,20180111,1420,108000,670
697,20180111,1421,108000,163
698,20180111,1422,108000,1053
699,20180111,1423,108000,1
700,20180111,1424,108000,1215
701,20180111,1425,108000,553
702,20180111,1426,107500,77
703,20180111,1427,108000,39
704,20180111,1428,107500,136
705,20180111,1429,107500,689
706,20180111,1430,108000,252
707,20180111,1431,108000,116
708,20180111,1432,108000,200
709,20180111,1433,108000,834
710,20180111,1434,108500,115
711,20180111,1435,108500,76
712,20180111,1436,108500,1207
713,20180111,1437,108500,103
714,20180111,1438,108000,24
715,20180111,1439,108500,73
716,20180111,1440,108500,275
717,20180111,1441,108500,77
718,20180111,1442,108500,12
719,20180111,1443,108500,157
720,20180111,1444,108500,506
721,20180111,1445,108500,75
722,20180111,1446,108500,226
723,20180111,1447,109000,88
724,20180111,1448,108500,43
725,20180111,1449,108500,363
726,20180111,1450,108500,122
727,20180111,1451,108500,123
728,20180111,1452,108500,45
729,20180111,1453,108500,111
730,20180111,1454,109000,113
731,20180111,1455,109000,18
732,20180111,1456,109000,165
733,20180111,1457,109000,389
734,20180111,1458,109000,98
735,20180111,1459,108500,111
736,20180111,1500,108500,531
737,20180111,1501,108000,56
738,20180111,1502,108500,5097
739,20180111,1503,109500,48
740,20180111,1504,109500,126
741,20180111,1505,109500,74
742,20180111,1506,109500,761
743,20180111,1507,109500,168
744,20180111,1508,109000,88
745,20180111,1509,109500,503
746,20180111,1510,109000,2381
747,20180111,1511,108500,37
748,20180111,1512,108000,141
749,20180111,1513,108500,2755
750,20180111,1514,108500,491
751,20180111,1515,108500,14
752,20180111,1516,108500,101
753,20180111,1517,108000,106
754,20180111,1518,108500,67
755,20180111,1519,108000,661
756,20180111,1520,108000,121
757,20180111,1530,107500,24166
758,20180112,901,108500,1089
759,20180112,902,108500,753
760,20180112,903,109000,993
761,20180112,904,109500,204
762,20180112,905,109000,959
763,20180112,906,109500,1357
764,20180112,907,110000,742
765,20180112,908,110500,361
766,20180112,909,110000,5259
767,20180112,910,112000,1654
768,20180112,911,112000,1167
769,20180112,912,112000,319
770,20180112,913,111500,1099
771,20180112,914,111500,467
772,20180112,915,111500,928
773,20180112,916,112000,10274
774,20180112,917,113500,8269
775,20180112,918,114000,6113
776,20180112,919,115000,9808
777,20180112,920,115000,7578
778,20180112,921,115500,7402
779,20180112,922,116000,4365
780,20180112,923,115500,1799
781,20180112,924,114500,3396
782,20180112,925,115000,1491
783,20180112,926,114500,13959
784,20180112,927,116000,2105
785,20180112,928,116500,6675
786,20180112,929,117000,10342
787,20180112,930,117500,9093
788,20180112,931,117500,5229
789,20180112,932,116000,2439
790,20180112,933,117000,5414
791,20180112,934,115500,2870
792,20180112,935,115000,762
793,20180112,936,115000,3756
794,20180112,937,115500,3628
795,20180112,938,115500,1422
796,20180112,939,115000,3509
797,20180112,940,116000,3265
798,20180112,941,115500,442
799,20180112,942,115500,351
800,20180112,943,115500,1211
801,20180112,944,115000,4959
802,20180112,945,114500,623
803,20180112,946,115000,1073
804,20180112,947,114500,371
805,20180112,948,115000,619
806,20180112,949,115000,286
807,20180112,950,114500,3730
808,20180112,951,114000,5408
809,20180112,952,113000,479
810,20180112,953,113500,741
811,20180112,954,113000,490
812,20180112,955,113000,2597
813,20180112,956,112500,1818
814,20180112,957,113500,106
815,20180112,958,113000,3156
816,20180112,959,114000,2663
817,20180112,1000,114000,80
818,20180112,1001,114000,134
819,20180112,1002,114000,8122
820,20180112,1003,115500,1417
821,20180112,1004,115000,4408
822,20180112,1005,115500,2005
823,20180112,1006,116000,302
824,20180112,1007,115500,832
825,20180112,1008,115500,585
826,20180112,1009,115500,218
827,20180112,1010,115000,152
828,20180112,1011,115000,546
829,20180112,1012,114500,1355
830,20180112,1013,114500,423
831,20180112,1014,114500,932
832,20180112,1015,115000,1635
833,20180112,1016,115500,277
834,20180112,1017,115500,430
835,20180112,1018,115500,1128
836,20180112,1019,115500,795
837,20180112,1020,115000,499
838,20180112,1021,115500,1846
839,20180112,1022,114500,876
840,20180112,1023,115500,269
841,20180112,1024,115500,199
842,20180112,1025,115000,1118
843,20180112,1026,115000,405
844,20180112,1027,115000,255
845,20180112,1028,115000,380
846,20180112,1029,115000,3799
847,20180112,1030,115500,181
848,20180112,1031,116000,5244
849,20180112,1032,116500,482
850,20180112,1033,116500,1289
851,20180112,1034,116000,2751
852,20180112,1035,116000,1378
853,20180112,1036,116000,747
854,20180112,1037,116000,2015
855,20180112,1038,115500,525
856,20180112,1039,116000,1136
857,20180112,1040,115500,732
858,20180112,1041,115000,1408
859,20180112,1042,115000,507
860,20180112,1043,115500,612
861,20180112,1044,116000,431
862,20180112,1045,115500,891
863,20180112,1046,116000,1329
864,20180112,1047,115500,515
865,20180112,1048,115500,1944
866,20180112,1049,116000,5944
867,20180112,1050,116000,702
868,20180112,1051,116000,417
869,20180112,1052,116000,591
870,20180112,1053,116500,1068
871,20180112,1054,115500,2859
872,20180112,1055,116500,1038
873,20180112,1056,117000,792
874,20180112,1057,116500,1596
875,20180112,1058,115500,603
876,20180112,1059,116500,527
877,20180112,1100,116000,1227
878,20180112,1101,116500,483
879,20180112,1102,116000,666
880,20180112,1103,116500,4620
881,20180112,1104,116500,3310
882,20180112,1105,117000,606
883,20180112,1106,116500,519
884,20180112,1107,116500,1411
885,20180112,1108,117000,1834
886,20180112,1109,117000,23501
887,20180112,1110,117500,29572
888,20180112,1111,117500,3431
889,20180112,1112,118000,2259
890,20180112,1113,117500,5580
891,20180112,1114,117000,2063
892,20180112,1115,118000,2538
893,20180112,1116,117500,786
894,20180112,1117,117500,1592
895,20180112,1118,118000,2442
896,20180112,1119,117000,945
897,20180112,1120,117000,1970
898,20180112,1121,117000,1105
899,20180112,1122,116500,2673
900,20180112,1123,117000,829
901,20180112,1124,116500,706
902,20180112,1125,116500,607
903,20180112,1126,116500,223
904,20180112,1127,116500,661
905,20180112,1128,116500,2113
906,20180112,1129,117000,2250
907,20180112,1130,116500,544
908,20180112,1131,116000,1009
909,20180112,1132,116500,547
910,20180112,1133,116000,991
911,20180112,1134,116000,315
912,20180112,1135,116000,416
913,20180112,1136,116500,1370
914,20180112,1137,115500,1696
915,20180112,1138,116000,495
916,20180112,1139,115500,486
917,20180112,1140,115500,1515
918,20180112,1141,116000,593
919,20180112,1142,116000,2001
920,20180112,1143,115500,865
921,20180112,1144,115500,170
922,20180112,1145,115000,787
923,20180112,1146,116000,1021
924,20180112,1147,115500,810
925,20180112,1148,115500,706
926,20180112,1149,115000,264
927,20180112,1150,115500,869
928,20180112,1151,116000,1031
929,20180112,1152,115000,1228
930,20180112,1153,115500,708
931,20180112,1154,115500,499
932,20180112,1155,116000,528
933,20180112,1156,115000,426
934,20180112,1157,115500,401
935,20180112,1158,115500,360
936,20180112,1159,116000,685
937,20180112,1200,116000,1332
938,20180112,1201,116000,433
939,20180112,1202,115500,108
940,20180112,1203,116000,318
941,20180112,1204,115500,341
942,20180112,1205,115000,2624
943,20180112,1206,115000,612
944,20180112,1207,115500,517
945,20180112,1208,115000,192
946,20180112,1209,115000,606
947,20180112,1210,115500,192
948,20180112,1211,115000,1470
949,20180112,1212,114500,656
950,20180112,1213,115000,300
951,20180112,1214,114500,197
952,20180112,1215,114500,504
953,20180112,1216,115000,319
954,20180112,1217,114500,257
955,20180112,1218,114500,2848
956,20180112,1219,114000,137
957,20180112,1220,114000,3379
958,20180112,1221,113500,542
959,20180112,1222,114000,1000
960,20180112,1223,113500,1414
961,20180112,1224,113500,296
962,20180112,1225,113500,2407
963,20180112,1226,114000,457
964,20180112,1227,113500,289
965,20180112,1228,114000,384
966,20180112,1229,114000,594
967,20180112,1230,114000,127
968,20180112,1231,113500,775
969,20180112,1232,114000,816
970,20180112,1233,113500,105
971,20180112,1234,114000,603
972,20180112,1235,113500,978
973,20180112,1236,113500,331
974,20180112,1237,113500,198
975,20180112,1238,113500,727
976,20180112,1239,113500,347
977,20180112,1240,113000,334
978,20180112,1241,113000,454
979,20180112,1242,113500,95
980,20180112,1243,113500,213
981,20180112,1244,113500,451
982,20180112,1245,113500,645
983,20180112,1246,113500,508
984,20180112,1247,114000,231
985,20180112,1248,114000,353
986,20180112,1249,113500,179
987,20180112,1250,113500,1916
988,20180112,1251,114500,304
989,20180112,1252,114000,717
990,20180112,1253,113500,171
991,20180112,1254,113500,214
992,20180112,1255,113500,166
993,20180112,1256,114000,12581
994,20180112,1257,113000,349
995,20180112,1258,112500,1486
996,20180112,1259,112500,1141
997,20180112,1300,112500,1314
998,20180112,1301,113000,616
999,20180112,1302,113000,100
1000,20180112,1303,113000,651
1001,20180112,1304,113500,344
1002,20180112,1305,113500,349
1003,20180112,1306,113500,379
1004,20180112,1307,113000,406
1005,20180112,1308,113500,528
1006,20180112,1309,113000,621
1007,20180112,1310,112500,740
1008,20180112,1311,112500,209
1009,20180112,1312,112500,2545
1010,20180112,1313,112000,1178
1011,20180112,1314,112000,120
1012,20180112,1315,112000,534
1013,20180112,1316,112500,681
1014,20180112,1317,112500,126
1015,20180112,1318,112500,449
1016,20180112,1319,113000,234
1017,20180112,1320,112500,195
1018,20180112,1321,112500,1918
1019,20180112,1322,112500,710
1020,20180112,1323,112500,1175
1021,20180112,1324,112500,1014
1022,20180112,1325,112000,365
1023,20180112,1326,112000,4024
1024,20180112,1327,112500,508
1025,20180112,1328,112000,179
1026,20180112,1329,112500,828
1027,20180112,1330,113000,407
1028,20180112,1331,112000,199
1029,20180112,1332,112000,2506
1030,20180112,1333,113000,450
1031,20180112,1334,113000,331
1032,20180112,1335,113000,138
1033,20180112,1336,112500,584
1034,20180112,1337,113000,303
1035,20180112,1338,113500,2173
1036,20180112,1339,113000,724
1037,20180112,1340,113000,260
1038,20180112,1341,113000,832
1039,20180112,1342,113500,1278
1040,20180112,1343,113500,337
1041,20180112,1344,113500,490
1042,20180112,1345,113000,213
1043,20180112,1346,113000,914
1044,20180112,1347,113000,371
1045,20180112,1348,113000,130
1046,20180112,1349,112500,363
1047,20180112,1350,113000,1000
1048,20180112,1351,113500,229
1049,20180112,1352,113500,757
1050,20180112,1353,113500,237
1051,20180112,1354,113500,365
1052,20180112,1355,113500,399
1053,20180112,1356,113500,338
1054,20180112,1357,113000,215
1055,20180112,1358,113500,533
1056,20180112,1359,113500,104
1057,20180112,1400,113000,164
1058,20180112,1401,113500,931
1059,20180112,1402,113000,1870
1060,20180112,1403,112500,262
1061,20180112,1404,113000,199
1062,20180112,1405,113000,1006
1063,20180112,1406,113000,1083
1064,20180112,1407,113500,169
1065,20180112,1408,113000,874
1066,20180112,1409,113500,3652
1067,20180112,1410,113000,92
1068,20180112,1411,113000,417
1069,20180112,1412,113500,648
1070,20180112,1413,113000,713
1071,20180112,1414,112500,1402
1072,20180112,1415,113000,855
1073,20180112,1416,112000,379
1074,20180112,1417,112500,3705
1075,20180112,1418,112500,280
1076,20180112,1419,112000,1586
1077,20180112,1420,111500,2839
1078,20180112,1421,111000,4390
1079,20180112,1422,110500,4034
1080,20180112,1423,110500,2767
1081,20180112,1424,110500,495
1082,20180112,1425,111500,1682
1083,20180112,1426,111000,987
1084,20180112,1427,111000,488
1085,20180112,1428,111500,282
1086,20180112,1429,111000,1563
1087,20180112,1430,111000,125
1088,20180112,1431,110500,920
1089,20180112,1432,111000,1580
1090,20180112,1433,111000,223
1091,20180112,1434,111000,821
1092,20180112,1435,111000,404
1093,20180112,1436,111500,1114
1094,20180112,1437,111000,468
1095,20180112,1438,111000,1482
1096,20180112,1439,111000,1326
1097,20180112,1440,111000,1812
1098,20180112,1441,110000,1174
1099,20180112,1442,110500,595
1100,20180112,1443,110500,1224
1101,20180112,1444,111000,1752
1102,20180112,1445,110000,1233
1103,20180112,1446,110000,4664
1104,20180112,1447,110000,1972
1105,20180112,1448,109000,1000
1106,20180112,1449,110000,1896
1107,20180112,1450,109500,310
1108,20180112,1451,109500,1851
1109,20180112,1452,110500,580
1110,20180112,1453,110000,1392
1111,20180112,1454,110000,1470
1112,20180112,1455,110000,441
1113,20180112,1456,110000,280
1114,20180112,1457,110000,375
1115,20180112,1458,110000,296
1116,20180112,1459,110000,203
1117,20180112,1500,110000,1024
1118,20180112,1501,110500,430
1119,20180112,1502,111000,273
1120,20180112,1503,111000,240
1121,20180112,1504,111000,1619
1122,20180112,1505,110500,923
1123,20180112,1506,110500,984
1124,20180112,1507,110500,71
1125,20180112,1508,110500,1003
1126,20180112,1509,111000,339
1127,20180112,1510,110500,1056
1128,20180112,1511,111000,431
1129,20180112,1512,110500,260
1130,20180112,1513,111000,1708
1131,20180112,1514,110500,2671
1132,20180112,1515,110500,336
1133,20180112,1516,111000,452
1134,20180112,1517,110500,247
1135,20180112,1518,110500,967
1136,20180112,1519,110500,191
1137,20180112,1520,111000,206
1138,20180112,1530,111000,7546
0,20180115,901,113000,4441
1,20180115,902,112500,1034
2,20180115,903,112500,1497
3,20180115,904,113000,773
4,20180115,905,112500,1667
5,20180115,906,112500,387
6,20180115,907,113000,514
7,20180115,908,112500,991
8,20180115,909,112000,699
9,20180115,910,112500,1668
10,20180115,911,112000,153
11,20180115,912,112000,159
12,20180115,913,112000,1138
13,20180115,914,112000,1031
14,20180115,915,112000,980
15,20180115,916,111500,2137
16,20180115,917,111000,44
17,20180115,918,111000,1558
18,20180115,919,111000,421
19,20180115,920,111500,89
20,20180115,921,112000,27
21,20180115,922,112000,314
22,20180115,923,111500,2294
23,20180115,924,110500,1825
24,20180115,925,111000,3073
25,20180115,926,109500,1207
26,20180115,927,109500,2162
27,20180115,928,109500,2343
28,20180115,929,110500,565
29,20180115,930,111500,1179
30,20180115,931,111500,510
31,20180115,932,111500,286
32,20180115,933,111500,21
33,20180115,934,111500,90
34,20180115,935,111000,68
35,20180115,936,111500,22
36,20180115,937,111500,543
37,20180115,938,111000,128
38,20180115,939,110500,345
39,20180115,940,111000,534
40,20180115,941,110500,1164
41,20180115,942,109500,216
42,20180115,943,110000,602
43,20180115,944,109500,724
44,20180115,945,110000,255
45,20180115,946,110000,203
46,20180115,947,110000,8
47,20180115,948,110000,4
48,20180115,949,110000,204
49,20180115,950,110500,88
50,20180115,951,110000,106
51,20180115,952,110000,109
52,20180115,953,110000,147
53,20180115,954,110000,123
54,20180115,955,110500,850
55,20180115,956,110000,109
56,20180115,957,110000,1361
57,20180115,958,109500,384
58,20180115,959,110000,269
59,20180115,1000,110000,830
60,20180115,1001,110000,156
61,20180115,1002,110500,28
62,20180115,1003,110500,205
63,20180115,1004,110000,11
64,20180115,1005,110000,259
65,20180115,1006,110000,437
66,20180115,1007,110500,638
67,20180115,1008,110000,158
68,20180115,1009,110500,55
69,20180115,1010,111000,186
70,20180115,1011,110500,39
71,20180115,1012,110500,6
72,20180115,1013,110500,51
73,20180115,1014,111000,409
74,20180115,1015,110500,23
75,20180115,1016,110500,20
76,20180115,1017,111000,37
77,20180115,1018,110500,92
78,20180115,1019,111000,9
79,20180115,1020,110500,314
80,20180115,1021,111000,95
81,20180115,1022,110500,198
82,20180115,1023,110500,55
83,20180115,1024,110500,56
84,20180115,1025,111000,124
85,20180115,1026,111000,11
86,20180115,1027,110500,292
87,20180115,1028,110500,116
88,20180115,1029,110500,106
89,20180115,1030,110500,511
90,20180115,1031,110500,378
91,20180115,1032,110500,499
92,20180115,1033,110500,353
93,20180115,1034,110500,112
94,20180115,1035,110500,1105
95,20180115,1036,110500,534
96,20180115,1037,110500,36
97,20180115,1038,110500,112
98,20180115,1039,110500,152
99,20180115,1040,110500,271
100,20180115,1041,110500,206
101,20180115,1042,110500,26
102,20180115,1043,110500,114
103,20180115,1044,110000,23
104,20180115,1045,110500,653
105,20180115,1046,110500,87
106,20180115,1047,110500,66
107,20180115,1048,111000,20
108,20180115,1049,110500,9
109,20180115,1050,111000,93
110,20180115,1051,110500,219
111,20180115,1052,110500,100
112,20180115,1053,110500,162
113,20180115,1054,110500,399
114,20180115,1055,111000,93
115,20180115,1056,110500,129
116,20180115,1057,111000,92
117,20180115,1058,110500,49
118,20180115,1059,111000,43
119,20180115,1100,110500,35
120,20180115,1101,110500,634
121,20180115,1102,111000,135
122,20180115,1103,110500,11
123,20180115,1104,111000,93
124,20180115,1105,110500,123
125,20180115,1106,111000,299
126,20180115,1107,111000,30
127,20180115,1108,110500,209
128,20180115,1109,111000,40
129,20180115,1110,110500,1168
130,20180115,1111,111000,12
131,20180115,1112,110500,134
132,20180115,1113,110500,216
133,20180115,1114,111000,130
134,20180115,1115,111000,90
135,20180115,1116,110500,100
136,20180115,1117,110500,152
137,20180115,1118,111000,66
138,20180115,1119,111000,566
139,20180115,1120,111000,48
140,20180115,1121,111000,76
141,20180115,1122,110500,187
142,20180115,1123,110500,212
143,20180115,1124,111000,84
144,20180115,1125,110500,1479
145,20180115,1126,111000,271
146,20180115,1127,110500,407
147,20180115,1128,111000,128
148,20180115,1129,111000,28
149,20180115,1130,110500,885
150,20180115,1131,110500,3
151,20180115,1132,110500,145
152,20180115,1133,110500,146
153,20180115,1134,111000,22
154,20180115,1135,111000,192
155,20180115,1136,111000,147
156,20180115,1137,110500,333
157,20180115,1138,110500,350
158,20180115,1139,110500,158
159,20180115,1140,110500,217
160,20180115,1141,110000,13
161,20180115,1142,110500,103
162,20180115,1143,110000,47
163,20180115,1144,110500,460
164,20180115,1145,110000,246
165,20180115,1146,110500,1139
166,20180115,1147,111000,52
167,20180115,1148,111000,172
168,20180115,1149,111000,5
169,20180115,1150,111000,103
170,20180115,1151,110500,247
171,20180115,1152,110500,50
172,20180115,1153,111000,12
173,20180115,1154,111000,117
174,20180115,1155,111000,132
175,20180115,1156,111000,13
176,20180115,1157,111000,93
177,20180115,1158,110500,139
178,20180115,1159,110500,73
179,20180115,1200,110500,1059
180,20180115,1201,110500,165
181,20180115,1202,111000,396
182,20180115,1203,110500,125
183,20180115,1204,111000,31
184,20180115,1205,110500,441
185,20180115,1206,110500,290
186,20180115,1207,110500,334
187,20180115,1208,111000,21
188,20180115,1209,111000,92
189,20180115,1210,111000,200
190,20180115,1211,111500,4
191,20180115,1212,111000,39
192,20180115,1213,111500,125
193,20180115,1214,111000,943
194,20180115,1215,111000,1165
195,20180115,1216,112000,83
196,20180115,1217,111500,99
197,20180115,1218,112000,14
198,20180115,1219,111500,8
199,20180115,1220,111500,545
200,20180115,1221,111500,111
201,20180115,1222,111500,144
202,20180115,1223,112000,300
203,20180115,1224,112000,593
204,20180115,1225,112000,104
205,20180115,1226,111500,47
206,20180115,1227,111500,100
207,20180115,1228,112000,13
208,20180115,1229,111500,70
209,20180115,1230,111500,18
210,20180115,1231,111500,351
211,20180115,1232,111500,8
212,20180115,1233,111500,42
213,20180115,1234,111500,143
214,20180115,1235,112000,35
215,20180115,1236,111500,14
216,20180115,1237,112000,162
217,20180115,1238,111500,91
218,20180115,1239,111500,154
219,20180115,1240,111500,74
220,20180115,1241,111500,67
221,20180115,1242,111500,341
222,20180115,1243,111500,9
223,20180115,1244,111500,31
224,20180115,1245,111500,135
225,20180115,1246,111500,73
226,20180115,1247,112000,12
227,20180115,1248,111500,49
228,20180115,1249,111500,124
229,20180115,1250,111500,14
230,20180115,1251,111500,63
231,20180115,1252,111500,225
232,20180115,1253,111500,1006
233,20180115,1254,111000,2
234,20180115,1255,111500,20
235,20180115,1256,111000,102
236,20180115,1257,111000,40
237,20180115,1258,111500,528
238,20180115,1259,111000,45
239,20180115,1300,111000,126
240,20180115,1301,111500,52
241,20180115,1302,111000,9
242,20180115,1303,111000,128
243,20180115,1304,111000,59
244,20180115,1305,111500,52
245,20180115,1306,111500,5
246,20180115,1307,111500,123
247,20180115,1308,111000,23
248,20180115,1309,111000,21
249,20180115,1310,111000,81
250,20180115,1311,111000,85
251,20180115,1312,111000,53
252,20180115,1313,111000,20
253,20180115,1314,111500,94
254,20180115,1315,111000,3779
255,20180115,1316,112000,46
256,20180115,1317,111500,104
257,20180115,1318,111500,126
258,20180115,1319,111500,9
259,20180115,1320,111500,7
260,20180115,1321,112000,87
261,20180115,1322,111500,63
262,20180115,1323,111500,108
263,20180115,1324,112000,7
264,20180115,1325,112000,144
265,20180115,1326,111500,39
266,20180115,1327,111500,94
267,20180115,1328,111500,87
268,20180115,1329,111500,17
269,20180115,1330,112000,284
270,20180115,1331,112000,110
271,20180115,1332,111500,520
272,20180115,1333,111500,127
273,20180115,1334,112000,716
274,20180115,1335,112000,243
275,20180115,1336,112000,150
276,20180115,1337,111500,305
277,20180115,1338,111500,48
278,20180115,1339,112000,85
279,20180115,1340,112000,71
280,20180115,1341,112000,3
281,20180115,1342,111500,73
282,20180115,1343,111500,961
283,20180115,1344,111500,101
284,20180115,1345,112000,86
285,20180115,1346,112000,1255
286,20180115,1347,112000,48
287,20180115,1348,111500,195
288,20180115,1349,112000,59
289,20180115,1350,112000,3733
290,20180115,1351,112000,11
291,20180115,1352,112000,619
292,20180115,1353,112500,4
293,20180115,1354,112000,181
294,20180115,1355,112000,55
295,20180115,1356,112000,28
296,20180115,1357,112000,114
297,20180115,1358,112000,64
298,20180115,1359,112500,158
299,20180115,1400,112000,285
300,20180115,1401,112500,511
301,20180115,1402,112000,161
302,20180115,1403,112000,41
303,20180115,1404,112500,453
304,20180115,1405,112000,32
305,20180115,1406,112500,361
306,20180115,1407,112500,370
307,20180115,1408,112500,2940
308,20180115,1409,113000,4883
309,20180115,1410,113500,129
310,20180115,1411,113500,253
311,20180115,1412,113500,807
312,20180115,1413,112500,140
313,20180115,1414,112500,646
314,20180115,1415,113000,228
315,20180115,1416,112500,39
316,20180115,1417,112500,113
317,20180115,1418,113000,1003
318,20180115,1419,112500,107
319,20180115,1420,113000,38
320,20180115,1421,112500,20
321,20180115,1422,113000,219
322,20180115,1423,112500,17
323,20180115,1424,112500,124
324,20180115,1425,113000,107
325,20180115,1426,113000,80
326,20180115,1427,113000,45
327,20180115,1428,112500,48
328,20180115,1429,113000,15
329,20180115,1430,112500,1992
330,20180115,1431,112000,77
331,20180115,1432,112000,120
332,20180115,1433,112500,92
333,20180115,1434,112000,20
334,20180115,1435,112000,98
335,20180115,1436,112500,35
336,20180115,1437,112000,786
337,20180115,1438,112500,14
338,20180115,1439,112000,976
339,20180115,1440,112500,79
340,20180115,1441,112000,211
341,20180115,1442,112500,147
342,20180115,1443,112500,110
343,20180115,1444,112500,91
344,20180115,1445,112000,137
345,20180115,1446,112000,265
346,20180115,1447,112000,116
347,20180115,1448,112000,189
348,20180115,1449,112000,42
349,20180115,1450,112500,58
350,20180115,1451,112000,100
351,20180115,1452,112500,102
352,20180115,1453,112500,35
353,20180115,1454,112000,141
354,20180115,1455,112500,116
355,20180115,1456,112000,45
356,20180115,1457,112500,69
357,20180115,1458,112000,70
358,20180115,1459,112000,134
359,20180115,1500,112000,436
360,20180115,1501,112000,241
361,20180115,1502,112500,74
362,20180115,1503,112500,386
363,20180115,1504,112000,2820
364,20180115,1505,112000,41
365,20180115,1506,112500,3
366,20180115,1507,112000,71
367,20180115,1508,112500,2
368,20180115,1509,112000,39
369,20180115,1510,112500,3
370,20180115,1511,112500,167
371,20180115,1512,112500,685
372,20180115,1513,112500,109
373,20180115,1514,112000,371
374,20180115,1515,112500,332
375,20180115,1516,112500,14
376,20180115,1517,112500,66
377,20180115,1518,112500,113
378,20180115,1519,112500,109
379,20180115,1520,112500,114
380,20180115,1530,112500,3077
0,20180116,901,113500,6447
1,20180116,902,113000,1191
2,20180116,903,112500,221
3,20180116,904,112500,65
4,20180116,905,112000,1714
5,20180116,906,111500,661
6,20180116,907,112000,1039
7,20180116,908,112000,1189
8,20180116,909,112500,751
9,20180116,910,112000,3807
10,20180116,911,112000,4278
11,20180116,912,111500,177
12,20180116,913,112000,300
13,20180116,914,112500,207
14,20180116,915,112500,283
15,20180116,916,112500,616
16,20180116,917,112500,2380
17,20180116,918,112500,86
18,20180116,919,113000,279
19,20180116,920,113000,276
20,20180116,921,113000,205
21,20180116,922,113000,69
22,20180116,923,113000,723
23,20180116,924,113000,3272
24,20180116,925,113500,78
25,20180116,926,113000,467
26,20180116,927,113000,245
27,20180116,928,113500,877
28,20180116,929,113000,315
29,20180116,930,113000,25
30,20180116,931,113000,205
31,20180116,932,113000,84
32,20180116,933,113000,105
33,20180116,934,112500,412
34,20180116,935,112500,122
35,20180116,936,113000,376
36,20180116,937,113000,1084
37,20180116,938,113000,264
38,20180116,939,113000,2685
39,20180116,940,112500,78
40,20180116,941,112500,198
41,20180116,942,112500,2354
42,20180116,943,113000,57
43,20180116,944,112500,721
44,20180116,945,112500,438
45,20180116,946,112500,427
46,20180116,947,113000,29
47,20180116,948,113000,65
48,20180116,949,113000,27
49,20180116,950,112500,36
50,20180116,951,113000,180
51,20180116,952,113000,225
52,20180116,953,113000,478
53,20180116,954,112500,213
54,20180116,955,113000,1440
55,20180116,956,113000,196
56,20180116,957,112500,641
57,20180116,958,113000,69
58,20180116,959,113000,641
59,20180116,1000,112500,38
60,20180116,1001,113000,210
61,20180116,1002,113000,34
62,20180116,1003,112500,113
63,20180116,1004,112500,2849
64,20180116,1005,112000,94
65,20180116,1006,112000,110
66,20180116,1007,112000,101
67,20180116,1008,112000,151
68,20180116,1009,112500,97
69,20180116,1010,112500,191
70,20180116,1011,112000,4445
71,20180116,1012,111500,1110
72,20180116,1013,112000,157
73,20180116,1014,112000,56
74,20180116,1015,112500,137
75,20180116,1016,112000,83
76,20180116,1017,112500,393
77,20180116,1018,112000,208
78,20180116,1019,112000,158
79,20180116,1020,112000,31
80,20180116,1021,112500,643
81,20180116,1022,112500,524
82,20180116,1023,112500,25
83,20180116,1024,112000,288
84,20180116,1025,112000,28
85,20180116,1026,112000,163
86,20180116,1027,112500,21
87,20180116,1028,112500,24
88,20180116,1029,112500,563
89,20180116,1030,112000,2599
90,20180116,1031,112000,379
91,20180116,1032,112500,149
92,20180116,1033,112000,364
93,20180116,1034,112000,78
94,20180116,1035,112000,149
95,20180116,1036,112000,107
96,20180116,1037,112000,12
97,20180116,1038,112000,115
98,20180116,1039,112500,38
99,20180116,1040,112500,1180
100,20180116,1041,112000,86
101,20180116,1042,112500,229
102,20180116,1043,112000,1982
103,20180116,1044,112000,458
104,20180116,1045,111500,131
105,20180116,1046,112000,24
106,20180116,1047,111500,824
107,20180116,1048,111500,31
108,20180116,1049,112000,313
109,20180116,1050,111500,27
110,20180116,1051,112000,164
111,20180116,1052,112000,228
112,20180116,1053,112000,76
113,20180116,1054,111500,774
114,20180116,1055,112000,88
115,20180116,1056,112000,214
116,20180116,1057,111500,19
117,20180116,1058,111500,160
118,20180116,1059,112000,219
119,20180116,1100,111500,63
120,20180116,1101,111500,401
121,20180116,1102,112000,162
122,20180116,1103,112000,478
123,20180116,1104,111500,1880
124,20180116,1105,111500,1080
125,20180116,1106,111500,255
126,20180116,1107,111000,1574
127,20180116,1108,111000,3384
128,20180116,1109,110500,167
129,20180116,1110,110500,135
130,20180116,1111,110500,48
131,20180116,1112,111000,188
132,20180116,1113,110500,57
133,20180116,1114,110500,223
134,20180116,1115,110500,4010
135,20180116,1116,111000,2461
136,20180116,1117,110500,5994
137,20180116,1118,109500,4757
138,20180116,1119,109000,1673
139,20180116,1120,109500,677
140,20180116,1121,109500,197
141,20180116,1122,110000,81
142,20180116,1123,109500,1161
143,20180116,1124,109500,236
144,20180116,1125,110500,269
145,20180116,1126,110000,137
146,20180116,1127,110000,649
147,20180116,1128,110500,158
148,20180116,1129,110000,224
149,20180116,1130,110000,88
150,20180116,1131,110000,10
151,20180116,1132,110000,130
152,20180116,1133,110500,647
153,20180116,1134,110500,9
154,20180116,1135,110000,127
155,20180116,1136,110500,101
156,20180116,1137,110000,150
157,20180116,1138,110000,22
158,20180116,1139,110500,170
159,20180116,1140,110000,110
160,20180116,1141,110500,150
161,20180116,1142,110000,125
162,20180116,1143,110000,272
163,20180116,1144,110000,143
164,20180116,1145,110000,29
165,20180116,1146,110500,146
166,20180116,1147,110500,24
167,20180116,1148,110500,168
168,20180116,1149,110500,420
169,20180116,1150,110000,86
170,20180116,1151,110000,107
171,20180116,1152,110000,43
172,20180116,1153,110500,163
173,20180116,1154,110000,93
174,20180116,1155,110500,25
175,20180116,1156,110000,120
176,20180116,1157,110000,21
177,20180116,1158,110000,238
178,20180116,1159,110500,27
179,20180116,1200,110000,340
180,20180116,1201,110500,57
181,20180116,1202,110500,432
182,20180116,1203,111000,32
183,20180116,1204,110500,33
184,20180116,1205,110500,129
185,20180116,1206,110500,1988
186,20180116,1207,111000,750
187,20180116,1208,111500,12
188,20180116,1209,111000,134
189,20180116,1210,111000,54
190,20180116,1211,111500,21
191,20180116,1212,111000,202
192,20180116,1213,111500,12
193,20180116,1214,111500,118
194,20180116,1215,111000,293
195,20180116,1216,111000,522
196,20180116,1217,110500,27
197,20180116,1218,110500,122
198,20180116,1219,111000,22
199,20180116,1220,110500,195
200,20180116,1221,111000,139
201,20180116,1222,111000,50
202,20180116,1223,111000,126
203,20180116,1224,111500,30
204,20180116,1225,111000,132
205,20180116,1226,111500,409
206,20180116,1227,111500,16
207,20180116,1228,111000,116
208,20180116,1229,111500,50
209,20180116,1230,111000,209
210,20180116,1231,111000,42
211,20180116,1232,111000,144
212,20180116,1233,111500,74
213,20180116,1234,111000,182
214,20180116,1235,111500,26
215,20180116,1236,111500,40
216,20180116,1237,111000,125
217,20180116,1238,111000,13
218,20180116,1239,111500,132
219,20180116,1240,111000,46
220,20180116,1241,111000,150
221,20180116,1242,111000,63
222,20180116,1243,111500,36
223,20180116,1244,111000,116
224,20180116,1245,111500,25
225,20180116,1246,111000,140
226,20180116,1247,111500,13
227,20180116,1248,111000,388
228,20180116,1249,111000,76
229,20180116,1250,111000,298
230,20180116,1251,111500,10
231,20180116,1252,111000,14
232,20180116,1253,111500,136
233,20180116,1254,111000,32
234,20180116,1255,111000,162
235,20180116,1256,111500,144
236,20180116,1257,111000,192
237,20180116,1258,111500,28
238,20180116,1259,111500,98
239,20180116,1300,111500,175
240,20180116,1301,111500,569
241,20180116,1302,111500,138
242,20180116,1303,111500,75
243,20180116,1304,111500,479
244,20180116,1305,111000,930
245,20180116,1306,111000,135
246,20180116,1307,111000,865
247,20180116,1308,111000,700
248,20180116,1309,111000,182
249,20180116,1310,111000,173
250,20180116,1311,111000,450
251,20180116,1312,111000,46
252,20180116,1313,111500,162
253,20180116,1314,111500,92
254,20180116,1315,111500,86
255,20180116,1316,111500,158
256,20180116,1317,111500,48
257,20180116,1318,111500,365
258,20180116,1319,111500,98
259,20180116,1320,111500,150
260,20180116,1321,111000,106
261,20180116,1322,111500,125
262,20180116,1323,111000,75
263,20180116,1324,111500,56
264,20180116,1325,111500,439
265,20180116,1326,111500,42
266,20180116,1327,111000,146
267,20180116,1328,111500,96
268,20180116,1329,111500,346
269,20180116,1330,111500,56
270,20180116,1331,111500,35
271,20180116,1332,111000,172
272,20180116,1333,111000,51
273,20180116,1334,111500,139
274,20180116,1335,111500,20
275,20180116,1336,111000,147
276,20180116,1337,111500,19
277,20180116,1338,111500,121
278,20180116,1339,111500,826
279,20180116,1340,111500,14
280,20180116,1341,111500,397
281,20180116,1342,111500,67
282,20180116,1343,111500,129
283,20180116,1344,111500,32
284,20180116,1345,111000,141
285,20180116,1346,111000,60
286,20180116,1347,111500,64
287,20180116,1348,111500,129
288,20180116,1349,111500,49
289,20180116,1350,111000,203
290,20180116,1351,111500,66
291,20180116,1352,111000,121
292,20180116,1353,111500,48
293,20180116,1354,111000,124
294,20180116,1355,111000,100
295,20180116,1356,111500,36
296,20180116,1357,111000,326
297,20180116,1358,111000,94
298,20180116,1359,111000,110
299,20180116,1400,111500,244
300,20180116,1401,111000,391
301,20180116,1402,111000,25
302,20180116,1403,111000,9
303,20180116,1404,111000,249
304,20180116,1405,111000,21
305,20180116,1406,111500,127
306,20180116,1407,111000,40
307,20180116,1408,111000,133
308,20180116,1409,111500,122
309,20180116,1410,111500,134
310,20180116,1411,111000,73
311,20180116,1412,111000,537
312,20180116,1413,111500,463
313,20180116,1414,111500,849
314,20180116,1415,110500,182
315,20180116,1416,110500,60
316,20180116,1417,111000,133
317,20180116,1418,110500,539
318,20180116,1419,111000,16
319,20180116,1420,111000,187
320,20180116,1421,111500,132
321,20180116,1422,111000,212
322,20180116,1423,111500,86
323,20180116,1424,111000,119
324,20180116,1425,111000,29
325,20180116,1426,111500,123
326,20180116,1427,111000,160
327,20180116,1428,110500,260
328,20180116,1429,111000,368
329,20180116,1430,110500,371
330,20180116,1431,111000,378
331,20180116,1432,111000,256
332,20180116,1433,111000,642
333,20180116,1434,110500,121
334,20180116,1435,111000,541
335,20180116,1436,110500,341
336,20180116,1437,111000,206
337,20180116,1438,111000,371
338,20180116,1439,111000,409
339,20180116,1440,111000,584
340,20180116,1441,111000,1248
341,20180116,1442,110500,739
342,20180116,1443,110500,210
343,20180116,1444,110500,270
344,20180116,1445,110500,236
345,20180116,1446,111000,477
346,20180116,1447,110500,287
347,20180116,1448,110500,813
348,20180116,1449,110500,1680
349,20180116,1450,110500,900
350,20180116,1451,110500,383
351,20180116,1452,110500,355
352,20180116,1453,110500,856
353,20180116,1454,110000,598
354,20180116,1455,110500,226
355,20180116,1456,110500,465
356,20180116,1457,110000,437
357,20180116,1458,110500,256
358,20180116,1459,110000,671
359,20180116,1500,110000,161
360,20180116,1501,110000,2616
361,20180116,1502,110500,672
362,20180116,1503,110500,154
363,20180116,1504,110500,378
364,20180116,1505,110500,216
365,20180116,1506,110500,540
366,20180116,1507,111000,486
367,20180116,1508,111000,161
368,20180116,1509,111000,251
369,20180116,1510,110500,175
370,20180116,1511,111000,763
371,20180116,1512,111000,140
372,20180116,1513,110500,825
373,20180116,1514,111000,585
374,20180116,1515,110500,1382
375,20180116,1516,111000,287
376,20180116,1517,111000,215
377,20180116,1518,111000,766
378,20180116,1519,111000,134
379,20180116,1520,110500,870
380,20180116,1530,110500,9783
381,20180117,901,110500,1867
382,20180117,902,111000,1268
383,20180117,903,111000,168
384,20180117,904,110500,204
385,20180117,905,111000,24
386,20180117,906,111000,853
387,20180117,907,111000,391
388,20180117,908,111000,1778
389,20180117,909,111000,1026
390,20180117,910,111000,764
391,20180117,911,110500,485
392,20180117,912,110500,68
393,20180117,913,110500,3579
394,20180117,914,110000,1473
395,20180117,915,110500,293
396,20180117,916,110000,77
397,20180117,917,110500,193
398,20180117,918,110000,170
399,20180117,919,110000,439
400,20180117,920,110000,201
401,20180117,921,110500,111
402,20180117,922,110500,22
403,20180117,923,110500,11
404,20180117,924,110500,317
405,20180117,925,110500,923
406,20180117,926,110500,146
407,20180117,927,111000,2205
408,20180117,928,111500,284
409,20180117,929,111500,81
410,20180117,930,111500,1123
411,20180117,931,111500,737
412,20180117,932,112000,138
413,20180117,933,112000,56
414,20180117,934,111500,277
415,20180117,935,112000,98
416,20180117,936,112000,33
417,20180117,937,112000,146
418,20180117,938,111500,112
419,20180117,939,112000,77
420,20180117,940,112000,7
421,20180117,941,112000,1092
422,20180117,942,112000,107
423,20180117,943,112000,778
424,20180117,944,112000,58
425,20180117,945,111500,2185
426,20180117,946,111500,382
427,20180117,947,111500,1
428,20180117,948,111500,38
429,20180117,949,111500,506
430,20180117,950,111500,2
431,20180117,951,111500,70
432,20180117,952,111000,53
433,20180117,953,111000,191
434,20180117,954,111500,5
435,20180117,956,111500,11
436,20180117,957,111500,23
437,20180117,958,111000,119
438,20180117,959,111000,56
439,20180117,1000,111000,230
440,20180117,1001,111000,528
441,20180117,1002,111000,25
442,20180117,1003,111000,973
443,20180117,1004,110500,97
444,20180117,1005,111000,39
445,20180117,1006,111000,39
446,20180117,1007,110500,467
447,20180117,1008,110500,581
448,20180117,1009,110000,239
449,20180117,1010,110500,58
450,20180117,1011,110000,74
451,20180117,1012,110500,48
452,20180117,1013,110500,725
453,20180117,1014,110500,135
454,20180117,1015,110500,2
455,20180117,1016,110500,241
456,20180117,1017,110500,219
457,20180117,1018,110500,10
458,20180117,1019,110500,74
459,20180117,1020,110500,10
460,20180117,1021,110500,170
461,20180117,1022,110500,58
462,20180117,1023,111000,218
463,20180117,1024,110500,52
464,20180117,1025,110500,424
465,20180117,1026,110500,69
466,20180117,1027,110500,1
467,20180117,1028,110000,2
468,20180117,1029,110000,75
469,20180117,1030,110000,28
470,20180117,1031,110500,436
471,20180117,1032,111000,18
472,20180117,1033,111000,90
473,20180117,1034,111000,251
474,20180117,1035,110500,44
475,20180117,1036,111000,4
476,20180117,1037,110500,5
477,20180117,1038,111000,129
478,20180117,1039,111000,44
479,20180117,1040,111000,1221
480,20180117,1041,111000,1614
481,20180117,1042,111000,17
482,20180117,1043,111500,270
483,20180117,1044,111000,97
484,20180117,1045,111000,225
485,20180117,1046,111000,4
486,20180117,1047,111000,79
487,20180117,1048,111000,76
488,20180117,1049,111000,33
489,20180117,1050,111000,612
490,20180117,1051,111000,37
491,20180117,1052,111000,6
492,20180117,1053,111000,887
493,20180117,1054,110500,918
494,20180117,1055,111000,251
495,20180117,1056,111000,516
496,20180117,1057,111000,126
497,20180117,1058,110500,2
498,20180117,1059,111000,1
499,20180117,1100,110500,42
500,20180117,1101,110500,6
501,20180117,1102,110500,12
502,20180117,1103,110500,203
503,20180117,1104,110500,17
504,20180117,1105,111000,2
505,20180117,1106,110500,18
506,20180117,1107,111000,89
507,20180117,1108,111000,332
508,20180117,1109,111000,1024
509,20180117,1110,111500,69
510,20180117,1111,111500,148
511,20180117,1112,111500,16
512,20180117,1113,111500,67
513,20180117,1114,111500,15
514,20180117,1115,111500,76
515,20180117,1116,111500,17
516,20180117,1117,111500,61
517,20180117,1118,111500,56
518,20180117,1119,111500,6
519,20180117,1120,111000,69
520,20180117,1121,111000,177
521,20180117,1122,111000,590
522,20180117,1123,111000,212
523,20180117,1124,110500,398
524,20180117,1125,110500,19
525,20180117,1126,110500,2
526,20180117,1127,110500,202
527,20180117,1128,110500,15
528,20180117,1129,110500,2
529,20180117,1130,110500,142
530,20180117,1131,110500,9
531,20180117,1132,110500,471
532,20180117,1133,111000,224
533,20180117,1134,110500,1705
534,20180117,1135,110000,1399
535,20180117,1136,110000,103
536,20180117,1137,110500,40
537,20180117,1138,110000,102
538,20180117,1140,110000,2793
539,20180117,1141,109500,17
540,20180117,1142,110000,347
541,20180117,1143,109500,8
542,20180117,1144,109500,2
543,20180117,1145,109500,12
544,20180117,1146,109500,70
545,20180117,1147,109500,8
546,20180117,1148,110000,39
547,20180117,1149,110000,29
548,20180117,1150,109500,17
549,20180117,1151,110000,32
550,20180117,1152,109500,11
551,20180117,1153,109500,38
552,20180117,1154,110000,2
553,20180117,1155,109500,10
554,20180117,1156,110000,17
555,20180117,1157,110000,1
556,20180117,1158,110000,13
557,20180117,1159,110000,13
558,20180117,1200,110000,28
559,20180117,1201,110000,18
560,20180117,1202,110000,70
561,20180117,1203,110000,200
562,20180117,1204,109500,85
563,20180117,1205,109500,422
564,20180117,1206,110000,110
565,20180117,1207,110000,19
566,20180117,1208,109500,12
567,20180117,1209,110000,49
568,20180117,1210,110000,468
569,20180117,1211,109500,10
570,20180117,1212,110000,15
571,20180117,1213,109500,9
572,20180117,1214,109500,12
573,20180117,1215,110000,29
574,20180117,1216,109500,2
575,20180117,1217,110000,737
576,20180117,1218,110000,209
577,20180117,1219,110000,2
578,20180117,1220,110000,25
579,20180117,1221,110000,16
580,20180117,1222,109500,10
581,20180117,1223,110000,310
582,20180117,1224,110000,1
583,20180117,1225,110000,5
584,20180117,1226,109500,38
585,20180117,1227,109500,2
586,20180117,1228,110000,3
587,20180117,1229,109500,109
588,20180117,1230,109500,19
589,20180117,1231,109500,24
590,20180117,1232,110000,59
591,20180117,1233,110000,41
592,20180117,1234,110000,4
593,20180117,1235,110000,12
594,20180117,1236,110000,13
595,20180117,1237,110000,81
596,20180117,1238,110000,41
597,20180117,1239,110000,9
598,20180117,1240,109500,8
599,20180117,1241,110000,10
600,20180117,1242,109500,17
601,20180117,1243,110000,187
602,20180117,1244,110000,125
603,20180117,1245,109500,169
604,20180117,1246,110000,782
605,20180117,1247,110000,217
606,20180117,1248,110000,255
607,20180117,1249,110000,12
608,20180117,1250,110000,105
609,20180117,1251,110000,1211
610,20180117,1252,109500,13
611,20180117,1253,109500,20
612,20180117,1254,109500,992
613,20180117,1255,109500,4
614,20180117,1256,109500,215
615,20180117,1257,109500,8
616,20180117,1258,109500,2
617,20180117,1259,110000,120
618,20180117,1300,109500,66
619,20180117,1301,110000,8
620,20180117,1302,109500,12
621,20180117,1303,109500,119
622,20180117,1304,110000,1
623,20180117,1305,110000,9
624,20180117,1306,110000,149
625,20180117,1307,109500,25
626,20180117,1308,110000,9
627,20180117,1309,109500,291
628,20180117,1310,110000,81
629,20180117,1311,109500,511
630,20180117,1312,110000,46
631,20180117,1313,110000,8
632,20180117,1314,110000,12
633,20180117,1315,110000,23
634,20180117,1316,109500,33
635,20180117,1317,110000,406
636,20180117,1318,110000,39
637,20180117,1319,109500,18
638,20180117,1320,110000,29
639,20180117,1321,109500,270
640,20180117,1322,110000,684
641,20180117,1323,110000,356
642,20180117,1324,110000,311
643,20180117,1325,110000,156
644,20180117,1326,110000,13
645,20180117,1327,110000,52
646,20180117,1328,110000,18
647,20180117,1329,110000,160
648,20180117,1330,110000,245
649,20180117,1331,110000,15
650,20180117,1332,110000,22
651,20180117,1333,110000,8
652,20180117,1334,109500,34
653,20180117,1335,110000,11
654,20180117,1336,110000,10
655,20180117,1337,110000,18
656,20180117,1338,110000,32
657,20180117,1339,110000,16
658,20180117,1340,110000,152
659,20180117,1341,110000,19
660,20180117,1342,110000,8
661,20180117,1343,110000,19
662,20180117,1344,110000,7
663,20180117,1345,110000,74
664,20180117,1346,110000,578
665,20180117,1347,110000,159
666,20180117,1348,110000,11
667,20180117,1349,109500,71
668,20180117,1350,110000,243
669,20180117,1351,109500,33
670,20180117,1352,109500,585
671,20180117,1353,109500,576
672,20180117,1354,110000,65
673,20180117,1355,109500,27
674,20180117,1356,109500,15
675,20180117,1357,110000,136
676,20180117,1358,110000,1281
677,20180117,1359,110000,386
678,20180117,1400,110000,472
679,20180117,1401,110500,15
680,20180117,1402,110500,35
681,20180117,1403,110000,222
682,20180117,1404,110000,13
683,20180117,1405,110500,107
684,20180117,1406,110000,3
685,20180117,1407,110000,52
686,20180117,1408,110000,233
687,20180117,1409,110000,14
688,20180117,1410,110500,33
689,20180117,1411,110500,27
690,20180117,1412,110000,390
691,20180117,1413,110500,23
692,20180117,1414,110500,26
693,20180117,1415,110500,96
694,20180117,1416,110500,71
695,20180117,1417,110500,47
696,20180117,1418,110000,69
697,20180117,1419,110500,31
698,20180117,1420,110000,31
699,20180117,1421,110000,27
700,20180117,1422,110500,31
701,20180117,1423,110000,38
702,20180117,1424,110500,31
703,20180117,1425,110500,43
704,20180117,1426,110500,36
705,20180117,1427,110000,31
706,20180117,1428,110500,118
707,20180117,1429,110500,128
708,20180117,1430,110500,1382
709,20180117,1431,110000,22
710,20180117,1432,110000,10
711,20180117,1433,110000,36
712,20180117,1434,110000,13
713,20180117,1435,110000,106
714,20180117,1436,110000,32
715,20180117,1437,110000,20
716,20180117,1438,110500,226
717,20180117,1439,110000,28
718,20180117,1440,110000,29
719,20180117,1441,110500,134
720,20180117,1442,110000,30
721,20180117,1443,110500,34
722,20180117,1444,110000,20
723,20180117,1445,110500,36
724,20180117,1446,110500,36
725,20180117,1447,110000,429
726,20180117,1448,110500,53
727,20180117,1449,110500,22
728,20180117,1450,110500,350
729,20180117,1451,110000,227
730,20180117,1452,110000,19
731,20180117,1453,110000,24
732,20180117,1454,110500,105
733,20180117,1455,110500,22
734,20180117,1456,110500,32
735,20180117,1457,110000,73
736,20180117,1458,110000,84
737,20180117,1459,110000,23
738,20180117,1500,110000,31
739,20180117,1501,110000,46
740,20180117,1502,110500,22
741,20180117,1503,110000,92
742,20180117,1504,110500,89
743,20180117,1505,110500,62
744,20180117,1506,110500,1520
745,20180117,1507,110500,257
746,20180117,1508,110000,530
747,20180117,1509,110000,145
748,20180117,1510,110500,233
749,20180117,1511,110500,241
750,20180117,1512,110000,81
751,20180117,1513,110500,41
752,20180117,1514,110500,166
753,20180117,1515,110000,199
754,20180117,1516,110000,231
755,20180117,1517,110000,189
756,20180117,1518,110000,304
757,20180117,1519,110500,68
758,20180117,1520,110500,503
759,20180117,1530,110500,4351
760,20180118,901,110500,3516
761,20180118,902,110500,165
762,20180118,903,110500,182
763,20180118,904,110500,39
764,20180118,905,110500,124
765,20180118,906,110500,162
766,20180118,907,110500,2483
767,20180118,908,111000,1237
768,20180118,909,111500,1782
769,20180118,910,111500,116
770,20180118,911,111500,136
771,20180118,912,111500,1417
772,20180118,913,111500,325
773,20180118,914,111000,268
774,20180118,915,111000,50
775,20180118,916,111000,8
776,20180118,917,111000,176
777,20180118,918,111000,16
778,20180118,919,111000,1785
779,20180118,920,110500,1914
780,20180118,921,110000,1293
781,20180118,922,110500,205
782,20180118,923,110000,46
783,20180118,924,110000,1132
784,20180118,925,110000,33
785,20180118,926,110000,1035
786,20180118,927,109500,58
787,20180118,928,109500,37
788,20180118,929,110000,104
789,20180118,930,109500,30
790,20180118,931,109500,706
791,20180118,932,110000,1132
792,20180118,933,110000,258
793,20180118,934,110000,68
794,20180118,935,110500,21
795,20180118,936,110500,74
796,20180118,937,110000,334
797,20180118,938,110000,15
798,20180118,939,110500,1009
799,20180118,940,110000,21
800,20180118,941,110500,1016
801,20180118,942,110000,41
802,20180118,943,110500,14
803,20180118,944,110500,9
804,20180118,945,110000,45
805,20180118,946,110500,34
806,20180118,947,110000,3
807,20180118,948,110000,2
808,20180118,949,110000,69
809,20180118,950,110500,357
810,20180118,951,110000,1
811,20180118,952,110000,2
812,20180118,953,110000,11
813,20180118,954,110500,13
814,20180118,955,110000,103
815,20180118,956,110000,330
816,20180118,957,110500,195
817,20180118,958,110000,2104
818,20180118,959,110000,804
819,20180118,1000,110000,203
820,20180118,1001,110000,86
821,20180118,1002,110000,14
822,20180118,1003,110000,12
823,20180118,1004,110000,13
824,20180118,1005,110000,4
825,20180118,1006,110000,7
826,20180118,1007,110000,16
827,20180118,1008,110000,113
828,20180118,1009,110000,2
829,20180118,1010,110000,247
830,20180118,1011,110000,87
831,20180118,1012,110000,1231
832,20180118,1013,110000,348
833,20180118,1014,110000,52
834,20180118,1015,110000,101
835,20180118,1016,110000,77
836,20180118,1017,110000,33
837,20180118,1018,110000,5
838,20180118,1019,110000,17
839,20180118,1020,110000,696
840,20180118,1021,110000,548
841,20180118,1022,110000,599
842,20180118,1023,110000,5
843,20180118,1024,110000,483
844,20180118,1025,109500,90
845,20180118,1026,110000,93
846,20180118,1027,110000,12
847,20180118,1028,110000,86
848,20180118,1029,110000,11
849,20180118,1030,110000,69
850,20180118,1031,110000,8
851,20180118,1032,110500,2
852,20180118,1033,110500,203
853,20180118,1034,110500,104
854,20180118,1035,110000,13
855,20180118,1036,110000,50
856,20180118,1037,110000,10
857,20180118,1038,110000,434
858,20180118,1039,110000,327
859,20180118,1040,110000,265
860,20180118,1041,110000,464
861,20180118,1042,110000,96
862,20180118,1043,110000,125
863,20180118,1044,110000,27
864,20180118,1045,110000,316
865,20180118,1046,110000,196
866,20180118,1047,110000,244
867,20180118,1048,110000,542
868,20180118,1049,110500,48
869,20180118,1050,110000,3
870,20180118,1051,110000,153
871,20180118,1052,110000,119
872,20180118,1053,110000,254
873,20180118,1054,110000,64
874,20180118,1055,110000,6
875,20180118,1056,110000,219
876,20180118,1057,110500,12
877,20180118,1058,110000,143
878,20180118,1059,110000,8
879,20180118,1100,110500,19
880,20180118,1101,110000,6
881,20180118,1102,110000,120
882,20180118,1103,110000,14
883,20180118,1104,110000,155
884,20180118,1105,110000,267
885,20180118,1106,110000,51
886,20180118,1107,110000,140
887,20180118,1108,110000,41
888,20180118,1109,110000,3
889,20180118,1110,110000,18
890,20180118,1111,110000,1947
891,20180118,1112,110500,12
892,20180118,1113,110000,21
893,20180118,1114,110000,64
894,20180118,1115,110000,78
895,20180118,1116,110000,96
896,20180118,1117,110000,8
897,20180118,1118,110000,33
898,20180118,1119,110000,31
899,20180118,1120,110000,13
900,20180118,1121,110000,80
901,20180118,1122,110000,8
902,20180118,1123,110500,10
903,20180118,1124,110000,161
904,20180118,1125,110000,12
905,20180118,1126,110000,39
906,20180118,1127,110000,216
907,20180118,1128,110000,35
908,20180118,1129,110000,301
909,20180118,1130,110000,242
910,20180118,1131,110000,34
911,20180118,1132,110000,912
912,20180118,1133,110000,16
913,20180118,1134,110000,13
914,20180118,1135,110000,118
915,20180118,1136,110000,228
916,20180118,1137,110500,43
917,20180118,1138,110000,54
918,20180118,1139,110000,45
919,20180118,1140,110000,19
920,20180118,1141,110000,16
921,20180118,1142,110000,112
922,20180118,1143,110000,6
923,20180118,1144,110000,420
924,20180118,1145,110000,9
925,20180118,1146,110000,7
926,20180118,1147,110000,18
927,20180118,1148,110000,366
928,20180118,1149,110000,23
929,20180118,1150,110000,11
930,20180118,1151,110000,115
931,20180118,1152,110000,62
932,20180118,1153,110000,226
933,20180118,1154,109500,8
934,20180118,1155,110000,197
935,20180118,1156,110000,109
936,20180118,1157,110000,94
937,20180118,1158,110000,8
938,20180118,1159,110000,9
939,20180118,1200,110000,4093
940,20180118,1201,109500,6528
941,20180118,1202,109500,11
942,20180118,1203,109500,20
943,20180118,1204,109500,563
944,20180118,1205,109500,2
945,20180118,1206,109500,6
946,20180118,1207,109500,1
947,20180118,1208,109500,10
948,20180118,1209,109500,7
949,20180118,1211,109500,9
950,20180118,1212,109500,204
951,20180118,1213,109500,24
952,20180118,1214,109500,12
953,20180118,1215,109500,3
954,20180118,1216,109500,186
955,20180118,1217,109500,81
956,20180118,1218,109500,12
957,20180118,1219,109500,553
958,20180118,1220,109500,4
959,20180118,1221,109500,6
960,20180118,1222,109500,1
961,20180118,1223,109500,277
962,20180118,1224,109500,18
963,20180118,1225,109500,3
964,20180118,1226,109500,11
965,20180118,1227,109500,42
966,20180118,1229,109500,11
967,20180118,1230,110000,16
968,20180118,1231,109500,51
969,20180118,1232,109500,29
970,20180118,1233,109500,2
971,20180118,1234,110000,20
972,20180118,1235,110000,15
973,20180118,1236,109500,8
974,20180118,1237,109500,257
975,20180118,1238,109500,5
976,20180118,1239,109500,70
977,20180118,1240,109500,100
978,20180118,1241,109500,109
979,20180118,1242,110000,9
980,20180118,1243,109500,128
981,20180118,1244,109500,7
982,20180118,1245,110000,37
983,20180118,1246,109500,54
984,20180118,1247,109500,43
985,20180118,1248,109500,8
986,20180118,1249,109500,55
987,20180118,1250,110000,23
988,20180118,1251,109500,9
989,20180118,1252,109500,148
990,20180118,1253,109500,38
991,20180118,1254,109500,7
992,20180118,1255,109500,51
993,20180118,1256,109500,58
994,20180118,1257,109500,10
995,20180118,1258,110000,4
996,20180118,1259,110000,11
997,20180118,1300,109500,44
998,20180118,1301,110000,168
999,20180118,1303,109500,6
1000,20180118,1304,109500,361
1001,20180118,1305,109500,365
1002,20180118,1306,109500,2
1003,20180118,1307,109500,100
1004,20180118,1308,109500,4
1005,20180118,1309,109500,8
1006,20180118,1310,110000,9
1007,20180118,1311,109500,51
1008,20180118,1312,109500,254
1009,20180118,1313,109500,275
1010,20180118,1314,109500,10
1011,20180118,1315,109500,475
1012,20180118,1316,109500,92
1013,20180118,1317,110000,2
1014,20180118,1318,110000,2
1015,20180118,1319,109500,185
1016,20180118,1320,109500,1
1017,20180118,1321,109500,15
1018,20180118,1322,110000,1094
1019,20180118,1323,109500,13
1020,20180118,1324,109500,3
1021,20180118,1325,109500,53
1022,20180118,1326,109500,309
1023,20180118,1327,109500,5
1024,20180118,1328,109500,9
1025,20180118,1329,109500,536
1026,20180118,1330,109500,32
1027,20180118,1331,109500,153
1028,20180118,1332,109500,102
1029,20180118,1333,109500,33
1030,20180118,1334,109500,14
1031,20180118,1336,109500,79
1032,20180118,1337,110000,6
1033,20180118,1338,110000,2
1034,20180118,1339,110000,10
1035,20180118,1340,109500,178
1036,20180118,1341,109500,85
1037,20180118,1342,109500,5
1038,20180118,1343,109500,50
1039,20180118,1345,109500,478
1040,20180118,1346,109500,6
1041,20180118,1347,109500,1
1042,20180118,1348,109500,12
1043,20180118,1349,109500,163
1044,20180118,1350,109500,2
1045,20180118,1351,109500,3
1046,20180118,1352,109500,11
1047,20180118,1353,110000,38
1048,20180118,1354,110000,5
1049,20180118,1355,109500,11
1050,20180118,1356,110000,3
1051,20180118,1357,110000,17
1052,20180118,1358,109500,3
1053,20180118,1359,109500,4
1054,20180118,1400,110000,578
1055,20180118,1401,109500,252
1056,20180118,1402,110000,3
1057,20180118,1403,109500,16
1058,20180118,1404,109500,115
1059,20180118,1405,110000,43
1060,20180118,1406,109500,4
1061,20180118,1407,109500,3
1062,20180118,1408,109500,6
1063,20180118,1409,109500,207
1064,20180118,1410,109500,125
1065,20180118,1411,109500,13
1066,20180118,1412,109500,172
1067,20180118,1413,109500,12
1068,20180118,1414,110000,7
1069,20180118,1415,109500,53
1070,20180118,1416,110000,105
1071,20180118,1417,109500,10
1072,20180118,1418,109500,66
1073,20180118,1420,109500,59
1074,20180118,1421,109500,102
1075,20180118,1422,109500,217
1076,20180118,1423,109500,308
1077,20180118,1424,109500,503
1078,20180118,1425,109500,11
1079,20180118,1426,109500,21
1080,20180118,1427,110000,10
1081,20180118,1428,109500,21
1082,20180118,1429,109500,47
1083,20180118,1430,110000,373
1084,20180118,1431,110000,4
1085,20180118,1432,109500,12
1086,20180118,1433,109500,476
1087,20180118,1434,109500,58
1088,20180118,1435,110000,95
1089,20180118,1436,110000,96
1090,20180118,1437,109500,109
1091,20180118,1438,110000,19
1092,20180118,1439,110000,160
1093,20180118,1440,110000,80
1094,20180118,1441,110000,138
1095,20180118,1442,110000,266
1096,20180118,1443,110000,82
1097,20180118,1444,109500,248
1098,20180118,1445,110000,119
1099,20180118,1446,110000,160
1100,20180118,1447,110000,135
1101,20180118,1448,110000,168
1102,20180118,1449,109500,3147
1103,20180118,1450,109500,1242
1104,20180118,1451,110000,239
1105,20180118,1452,109500,1406
1106,20180118,1453,110000,331
1107,20180118,1454,109500,211
1108,20180118,1455,110000,51
1109,20180118,1456,109500,179
1110,20180118,1457,110000,139
1111,20180118,1458,109500,150
1112,20180118,1459,109500,51
1113,20180118,1500,110000,233
1114,20180118,1501,109500,711
1115,20180118,1502,110000,15
1116,20180118,1503,110000,14
1117,20180118,1504,110000,772
1118,20180118,1505,109500,87
1119,20180118,1506,110000,611
1120,20180118,1507,109000,404
1121,20180118,1508,110000,11
1122,20180118,1509,110000,159
1123,20180118,1510,110000,29
1124,20180118,1511,110000,12
1125,20180118,1512,110000,17
1126,20180118,1513,110000,61
1127,20180118,1514,110000,102
1128,20180118,1515,110000,83
1129,20180118,1516,109500,57
1130,20180118,1517,110000,16
1131,20180118,1518,110000,100
1132,20180118,1519,109500,226
1133,20180118,1520,110000,59
1134,20180118,1530,109500,3737
0,20180119,901,109000,1579
1,20180119,902,108500,1087
2,20180119,903,108500,629
3,20180119,904,108500,2027
4,20180119,905,108000,892
5,20180119,906,108500,186
6,20180119,907,108500,361
7,20180119,908,108500,204
8,20180119,909,108500,102
9,20180119,910,108500,1057
10,20180119,911,108500,227
11,20180119,912,108500,969
12,20180119,913,109000,215
13,20180119,914,109000,57
14,20180119,915,109500,36
15,20180119,916,109000,113
16,20180119,917,109000,69
17,20180119,918,108500,67
18,20180119,919,109000,412
19,20180119,920,109000,309
20,20180119,921,108500,355
21,20180119,922,109000,316
22,20180119,923,109500,150
23,20180119,924,109500,681
24,20180119,925,109000,109
25,20180119,926,109500,136
26,20180119,927,109000,60
27,20180119,928,109500,103
28,20180119,929,109500,30
29,20180119,930,109500,20
30,20180119,931,109500,119
31,20180119,932,109500,215
32,20180119,933,109500,17
33,20180119,934,109500,71
34,20180119,935,109000,376
35,20180119,936,109000,53
36,20180119,937,109500,58
37,20180119,938,109000,106
38,20180119,939,109500,135
39,20180119,940,109500,35
40,20180119,941,109500,310
41,20180119,942,109500,316
42,20180119,943,109000,1272
43,20180119,944,109500,19
44,20180119,945,109500,174
45,20180119,946,109500,139
46,20180119,947,109500,7
47,20180119,948,109000,79
48,20180119,949,109500,27
49,20180119,950,109500,135
50,20180119,951,109000,15
51,20180119,952,109000,1530
52,20180119,953,109000,61
53,20180119,954,109500,105
54,20180119,955,109000,2
55,20180119,956,109000,76
56,20180119,957,109500,48
57,20180119,958,109500,12
58,20180119,959,109000,28
59,20180119,1000,109000,70
60,20180119,1001,109500,3
61,20180119,1002,109500,146
62,20180119,1003,109500,121
63,20180119,1004,109000,53
64,20180119,1005,109000,11
65,20180119,1006,109500,229
66,20180119,1007,109500,3
67,20180119,1008,109000,67
68,20180119,1009,109000,827
69,20180119,1010,109000,18
70,20180119,1011,109000,606
71,20180119,1012,109500,8
72,20180119,1013,109500,136
73,20180119,1014,109000,11
74,20180119,1015,109000,119
75,20180119,1016,109000,45
76,20180119,1017,109500,47
77,20180119,1018,109000,20
78,20180119,1019,109000,7
79,20180119,1020,109000,133
80,20180119,1021,109500,7
81,20180119,1022,109000,6
82,20180119,1023,109000,41
83,20180119,1024,109500,75
84,20180119,1025,109000,101
85,20180119,1026,109500,7
86,20180119,1027,109500,2
87,20180119,1028,109500,155
88,20180119,1029,109000,31
89,20180119,1030,109500,4
90,20180119,1031,109000,35
91,20180119,1032,109500,15
92,20180119,1033,109500,23
93,20180119,1034,109000,13
94,20180119,1035,109000,53
95,20180119,1036,109000,579
96,20180119,1037,109000,397
97,20180119,1038,109000,5
98,20180119,1039,109000,212
99,20180119,1040,109000,213
100,20180119,1041,108500,13
101,20180119,1042,109000,3
102,20180119,1043,109000,4
103,20180119,1044,109000,8
104,20180119,1045,109000,11
105,20180119,1046,109000,7
106,20180119,1047,109000,13
107,20180119,1048,109000,3045
108,20180119,1049,108500,17
109,20180119,1050,108000,45
110,20180119,1051,108500,102
111,20180119,1052,108500,229
112,20180119,1053,108500,1680
113,20180119,1054,108000,323
114,20180119,1055,108500,2114
115,20180119,1056,108500,214
116,20180119,1057,108500,583
117,20180119,1058,108500,313
118,20180119,1059,108500,42
119,20180119,1100,108000,73
120,20180119,1101,108500,86
121,20180119,1102,108500,4
122,20180119,1103,108500,43
123,20180119,1104,108500,92
124,20180119,1105,108500,11
125,20180119,1106,108500,45
126,20180119,1107,108500,3
127,20180119,1108,108000,164
128,20180119,1109,108500,16
129,20180119,1110,108000,408
130,20180119,1111,108500,2057
131,20180119,1112,108000,318
132,20180119,1113,108000,95
133,20180119,1114,107500,103
134,20180119,1115,108000,74
135,20180119,1116,108000,54
136,20180119,1117,107500,54
137,20180119,1118,108000,59
138,20180119,1119,108000,1887
139,20180119,1120,108000,11
140,20180119,1121,108000,60
141,20180119,1122,108000,162
142,20180119,1123,107500,113
143,20180119,1124,107500,20
144,20180119,1125,108000,515
145,20180119,1126,108000,660
146,20180119,1127,108000,218
147,20180119,1128,107500,251
148,20180119,1129,108000,84
149,20180119,1130,107500,238
150,20180119,1131,107500,191
151,20180119,1132,108000,2
152,20180119,1133,108000,114
153,20180119,1134,108000,44
154,20180119,1135,107500,288
155,20180119,1136,107500,85
156,20180119,1137,107500,79
157,20180119,1138,108000,109
158,20180119,1139,108000,19
159,20180119,1140,107500,162
160,20180119,1141,108000,199
161,20180119,1142,108000,74
162,20180119,1143,108000,76
163,20180119,1144,107500,404
164,20180119,1145,108000,87
165,20180119,1146,108000,70
166,20180119,1147,107500,40
167,20180119,1148,108000,336
168,20180119,1149,107500,226
169,20180119,1150,107500,302
170,20180119,1151,107500,60
171,20180119,1152,107500,148
172,20180119,1153,107500,105
173,20180119,1154,108000,214
174,20180119,1155,107500,288
175,20180119,1156,108000,16
176,20180119,1157,108000,96
177,20180119,1158,107500,147
178,20180119,1159,107500,144
179,20180119,1200,107500,193
180,20180119,1201,108000,169
181,20180119,1202,107500,70
182,20180119,1203,108000,265
183,20180119,1204,107500,53
184,20180119,1205,108000,42
185,20180119,1206,107500,99
186,20180119,1207,108000,92
187,20180119,1208,108000,219
188,20180119,1209,107500,254
189,20180119,1210,108000,11
190,20180119,1211,108000,107
191,20180119,1212,107500,38
192,20180119,1213,107500,242
193,20180119,1214,107500,330
194,20180119,1215,108000,39
195,20180119,1216,108000,104
196,20180119,1217,107500,106
197,20180119,1218,107500,240
198,20180119,1219,107500,185
199,20180119,1220,107500,173
200,20180119,1221,108000,131
201,20180119,1222,108000,276
202,20180119,1223,107500,324
203,20180119,1224,107500,202
204,20180119,1225,107500,141
205,20180119,1226,108000,212
206,20180119,1227,107500,121
207,20180119,1228,107500,278
208,20180119,1229,108000,47
209,20180119,1230,108000,5
210,20180119,1231,108000,151
211,20180119,1232,107500,1159
212,20180119,1233,107500,85
213,20180119,1234,107500,76
214,20180119,1235,107500,246
215,20180119,1236,107500,420
216,20180119,1237,107500,259
217,20180119,1238,108000,126
218,20180119,1239,107500,581
219,20180119,1240,107500,80
220,20180119,1241,107500,353
221,20180119,1242,107500,518
222,20180119,1243,107500,203
223,20180119,1244,107500,202
224,20180119,1245,107500,149
225,20180119,1246,107500,1415
226,20180119,1247,107000,585
227,20180119,1248,107000,440
228,20180119,1249,107500,192
229,20180119,1250,107500,165
230,20180119,1251,107000,434
231,20180119,1252,107500,150
232,20180119,1253,107000,225
233,20180119,1254,107500,134
234,20180119,1255,107000,1197
235,20180119,1256,107000,344
236,20180119,1257,107500,148
237,20180119,1258,107000,245
238,20180119,1259,107000,165
239,20180119,1300,107000,250
240,20180119,1301,107000,328
241,20180119,1302,107500,1171
242,20180119,1303,107500,194
243,20180119,1304,107500,203
244,20180119,1305,107500,153
245,20180119,1306,107000,438
246,20180119,1307,107000,287
247,20180119,1308,107500,401
248,20180119,1309,107500,209
249,20180119,1310,107500,306
250,20180119,1311,107000,144
251,20180119,1312,107500,219
252,20180119,1313,107500,297
253,20180119,1314,107500,91
254,20180119,1315,107000,270
255,20180119,1316,107500,223
256,20180119,1317,107500,39
257,20180119,1318,107000,232
258,20180119,1319,107500,289
259,20180119,1320,107000,328
260,20180119,1321,107000,237
261,20180119,1322,107000,206
262,20180119,1323,107000,108
263,20180119,1324,107500,102
264,20180119,1325,107000,289
265,20180119,1326,107000,191
266,20180119,1327,107500,273
267,20180119,1328,107500,25
268,20180119,1329,107500,318
269,20180119,1330,107000,212
270,20180119,1331,107500,154
271,20180119,1332,107000,373
272,20180119,1333,107500,93
273,20180119,1334,107000,287
274,20180119,1335,107000,1190
275,20180119,1336,107000,182
276,20180119,1337,107500,191
277,20180119,1338,107000,283
278,20180119,1339,107500,219
279,20180119,1340,107000,162
280,20180119,1341,107500,262
281,20180119,1342,107500,58
282,20180119,1343,107500,321
283,20180119,1344,107000,280
284,20180119,1345,107000,217
285,20180119,1346,107000,431
286,20180119,1347,107000,205
287,20180119,1348,107000,3562
288,20180119,1349,107000,175
289,20180119,1350,107000,161
290,20180119,1351,106500,153
291,20180119,1352,107000,275
292,20180119,1353,106500,1184
293,20180119,1354,107000,1302
294,20180119,1355,106500,264
295,20180119,1356,106500,455
296,20180119,1357,106500,1042
297,20180119,1358,106500,353
298,20180119,1359,106000,623
299,20180119,1400,106000,247
300,20180119,1401,106500,136
301,20180119,1402,106000,547
302,20180119,1403,106000,362
303,20180119,1404,106500,172
304,20180119,1405,106000,724
305,20180119,1406,106000,767
306,20180119,1407,106500,133
307,20180119,1408,106500,532
308,20180119,1409,106500,304
309,20180119,1410,106500,441
310,20180119,1411,106500,298
311,20180119,1412,106500,194
312,20180119,1413,106500,272
313,20180119,1414,106500,134
314,20180119,1415,106500,214
315,20180119,1416,106500,199
316,20180119,1417,106500,237
317,20180119,1418,106000,137
318,20180119,1419,106500,801
319,20180119,1420,106500,55
320,20180119,1421,107000,684
321,20180119,1422,106000,438
322,20180119,1423,106000,9
323,20180119,1424,106000,333
324,20180119,1425,106000,171
325,20180119,1426,106000,270
326,20180119,1427,106000,363
327,20180119,1428,106000,269
328,20180119,1429,106000,207
329,20180119,1430,106500,249
330,20180119,1431,106000,238
331,20180119,1432,106000,395
332,20180119,1433,106000,285
333,20180119,1434,106500,231
334,20180119,1435,106000,653
335,20180119,1436,106500,331
336,20180119,1437,106000,318
337,20180119,1438,106000,498
338,20180119,1439,106000,187
339,20180119,1440,106000,326
340,20180119,1441,106000,1751
341,20180119,1442,106000,322
342,20180119,1443,106000,125
343,20180119,1444,106000,733
344,20180119,1445,105500,183
345,20180119,1446,105500,454
346,20180119,1447,106000,174
347,20180119,1448,106000,204
348,20180119,1449,105500,199
349,20180119,1450,106000,98
350,20180119,1451,105500,337
351,20180119,1452,105500,331
352,20180119,1453,105500,504
353,20180119,1454,105500,135
354,20180119,1455,106000,419
355,20180119,1456,105500,441
356,20180119,1457,105500,153
357,20180119,1458,105500,403
358,20180119,1459,105500,632
359,20180119,1500,105500,338
360,20180119,1501,105500,304
361,20180119,1502,105500,115
362,20180119,1503,105500,31
363,20180119,1504,105500,3324
364,20180119,1505,106000,123
365,20180119,1506,106000,827
366,20180119,1507,105500,20
367,20180119,1508,105500,678
368,20180119,1509,105500,921
369,20180119,1510,105500,370
370,20180119,1511,105500,132
371,20180119,1512,105000,152
372,20180119,1513,105000,81
373,20180119,1514,105500,943
374,20180119,1515,105000,412
375,20180119,1516,105500,575
376,20180119,1517,105000,163
377,20180119,1518,105500,224
378,20180119,1519,105500,2640
379,20180119,1520,105500,1190
380,20180119,1530,105500,4281
0,20180122,901,105000,853
1,20180122,902,105500,716
2,20180122,903,104500,3928
3,20180122,904,104000,2054
4,20180122,905,102500,1839
5,20180122,906,102000,1245
6,20180122,907,101500,1070
7,20180122,908,102000,1390
8,20180122,909,102500,646
9,20180122,910,103000,1649
10,20180122,911,103500,2142
11,20180122,912,104500,1213
12,20180122,913,105000,421
13,20180122,914,105000,75
14,20180122,915,104500,190
15,20180122,916,104500,169
16,20180122,917,104500,289
17,20180122,918,104000,59
18,20180122,919,103500,755
19,20180122,920,104000,761
20,20180122,921,104000,863
21,20180122,922,103500,727
22,20180122,923,104500,1378
23,20180122,924,105000,656
24,20180122,925,105000,1186
25,20180122,926,105500,257
26,20180122,927,105000,226
27,20180122,928,105000,246
28,20180122,929,105000,27
29,20180122,930,105000,88
30,20180122,931,105000,57
31,20180122,932,104500,453
32,20180122,933,104500,3311
33,20180122,934,104000,112
34,20180122,935,104000,355
35,20180122,936,103500,61
36,20180122,937,104000,168
37,20180122,938,104000,39
38,20180122,939,103500,243
39,20180122,940,103500,268
40,20180122,941,103500,83
41,20180122,942,103500,318
42,20180122,943,103500,283
43,20180122,944,103500,56
44,20180122,945,103500,353
45,20180122,946,103500,1184
46,20180122,947,103000,221
47,20180122,948,103000,382
48,20180122,949,103000,289
49,20180122,950,102500,143
50,20180122,951,103000,519
51,20180122,952,103500,1091
52,20180122,953,104000,150
53,20180122,954,104000,123
54,20180122,955,103500,67
55,20180122,956,103000,298
56,20180122,957,103500,173
57,20180122,958,103000,200
58,20180122,959,103000,789
59,20180122,1000,102500,138
60,20180122,1001,103000,31
61,20180122,1002,102500,734
62,20180122,1003,102500,748
63,20180122,1004,102500,108
64,20180122,1005,102500,43
65,20180122,1006,102500,1022
66,20180122,1007,102500,81
67,20180122,1008,102500,67
68,20180122,1009,103000,190
69,20180122,1010,102500,88
70,20180122,1011,103000,511
71,20180122,1012,102500,391
72,20180122,1013,102500,205
73,20180122,1014,102500,82
74,20180122,1015,103000,59
75,20180122,1016,102500,393
76,20180122,1017,102500,176
77,20180122,1018,103000,509
78,20180122,1019,102500,293
79,20180122,1020,102500,678
80,20180122,1021,102500,1009
81,20180122,1022,103000,136
82,20180122,1023,103000,783
83,20180122,1024,102500,136
84,20180122,1025,102500,23
85,20180122,1026,102500,345
86,20180122,1027,103000,207
87,20180122,1028,102500,254
88,20180122,1029,102500,615
89,20180122,1030,102500,128
90,20180122,1031,103000,66
91,20180122,1032,102500,224
92,20180122,1033,102500,347
93,20180122,1034,102500,108
94,20180122,1035,102500,853
95,20180122,1036,103500,356
96,20180122,1037,102500,121
97,20180122,1038,103000,293
98,20180122,1039,103000,302
99,20180122,1040,102500,251
100,20180122,1041,102500,169
101,20180122,1042,102500,73
102,20180122,1043,102500,300
103,20180122,1044,102500,54
104,20180122,1045,102500,230
105,20180122,1046,102500,342
106,20180122,1047,103000,220
107,20180122,1048,102500,278
108,20180122,1049,103000,33
109,20180122,1050,103000,564
110,20180122,1051,103000,42
111,20180122,1052,103000,178
112,20180122,1053,103500,495
113,20180122,1054,102500,6
114,20180122,1055,102500,70
115,20180122,1056,102500,118
116,20180122,1057,102500,312
117,20180122,1058,103000,288
118,20180122,1059,103000,41
119,20180122,1100,102500,309
120,20180122,1101,102500,43
121,20180122,1102,103000,92
122,20180122,1103,102500,185
123,20180122,1104,102500,90
124,20180122,1105,103000,121
125,20180122,1106,102500,144
126,20180122,1107,103000,1223
127,20180122,1108,103000,6
128,20180122,1109,103000,228
129,20180122,1110,102500,300
130,20180122,1111,102500,309
131,20180122,1112,103000,101
132,20180122,1113,103000,309
133,20180122,1114,102500,274
134,20180122,1115,102500,145
135,20180122,1116,103000,276
136,20180122,1117,102500,243
137,20180122,1118,103000,4
138,20180122,1119,102500,86
139,20180122,1120,103000,756
140,20180122,1121,102500,76
141,20180122,1122,102500,14
142,20180122,1123,102500,204
143,20180122,1124,102500,172
144,20180122,1125,103000,5
145,20180122,1127,102500,2282
146,20180122,1128,102500,2009
147,20180122,1129,102500,122
148,20180122,1130,102500,388
149,20180122,1131,102500,71
150,20180122,1132,102500,40
151,20180122,1133,102500,522
152,20180122,1134,102500,391
153,20180122,1135,102500,182
154,20180122,1136,102500,158
155,20180122,1137,102500,194
156,20180122,1139,102000,104
157,20180122,1140,102500,112
158,20180122,1141,102500,197
159,20180122,1142,102000,192
160,20180122,1143,103000,23
161,20180122,1144,102500,326
162,20180122,1145,102500,500
163,20180122,1146,102500,40
164,20180122,1147,102500,185
165,20180122,1148,102500,100
166,20180122,1149,102000,33
167,20180122,1150,102000,681
168,20180122,1151,102500,178
169,20180122,1152,102000,192
170,20180122,1153,102000,91
171,20180122,1154,102000,368
172,20180122,1155,102000,96
173,20180122,1156,102000,422
174,20180122,1157,102000,298
175,20180122,1158,102000,220
176,20180122,1159,102500,40
177,20180122,1200,102000,166
178,20180122,1201,102500,278
179,20180122,1202,102500,20
180,20180122,1203,102000,489
181,20180122,1204,102500,504
182,20180122,1205,102500,3
183,20180122,1206,102000,10
184,20180122,1207,102000,113
185,20180122,1208,102000,178
186,20180122,1209,102000,98
187,20180122,1210,102500,102
188,20180122,1211,102000,270
189,20180122,1212,102000,111
190,20180122,1213,102000,23
191,20180122,1214,102000,454
192,20180122,1215,102500,363
193,20180122,1216,102000,1279
194,20180122,1217,102000,808
195,20180122,1218,102000,302
196,20180122,1219,102000,116
197,20180122,1220,102000,318
198,20180122,1221,102000,438
199,20180122,1222,102500,13
200,20180122,1223,102000,831
201,20180122,1224,102000,2207
202,20180122,1225,101500,334
203,20180122,1226,101500,99
204,20180122,1227,101500,97
205,20180122,1228,101500,393
206,20180122,1229,101500,213
207,20180122,1230,101500,66
208,20180122,1231,101500,384
209,20180122,1232,101500,160
210,20180122,1233,101500,563
211,20180122,1234,101500,76
212,20180122,1235,101500,623
213,20180122,1236,101500,178
214,20180122,1237,101500,186
215,20180122,1238,101500,476
216,20180122,1239,102000,134
217,20180122,1240,101500,175
218,20180122,1241,101500,1344
219,20180122,1242,101500,864
220,20180122,1243,101500,113
221,20180122,1244,101500,829
222,20180122,1245,101500,2823
223,20180122,1246,101500,250
224,20180122,1247,101500,740
225,20180122,1248,101500,306
226,20180122,1249,101500,303
227,20180122,1250,101500,163
228,20180122,1251,101500,3245
229,20180122,1252,101000,509
230,20180122,1253,101500,56
231,20180122,1254,101500,107
232,20180122,1255,101500,602
233,20180122,1256,101500,118
234,20180122,1257,101000,177
235,20180122,1258,101000,406
236,20180122,1259,101000,183
237,20180122,1300,101500,845
238,20180122,1301,101500,229
239,20180122,1302,101500,265
240,20180122,1303,101500,136
241,20180122,1304,101500,185
242,20180122,1305,101500,388
243,20180122,1306,101500,200
244,20180122,1307,101500,62
245,20180122,1308,101500,218
246,20180122,1309,101500,394
247,20180122,1310,101500,169
248,20180122,1311,101500,317
249,20180122,1312,101500,584
250,20180122,1313,101500,104
251,20180122,1314,101500,63
252,20180122,1315,101500,753
253,20180122,1316,101500,107
254,20180122,1317,101500,231
255,20180122,1318,101500,344
256,20180122,1319,101000,406
257,20180122,1320,101000,153
258,20180122,1321,101500,395
259,20180122,1322,101000,350
260,20180122,1323,101000,150
261,20180122,1324,101500,204
262,20180122,1325,101500,84
263,20180122,1326,101000,326
264,20180122,1327,101000,116
265,20180122,1328,101500,317
266,20180122,1329,101000,348
267,20180122,1330,101000,97
268,20180122,1331,101000,703
269,20180122,1332,101000,2265
270,20180122,1333,101000,141
271,20180122,1334,101000,345
272,20180122,1335,101000,254
273,20180122,1336,101500,1334
274,20180122,1337,101000,268
275,20180122,1338,101000,659
276,20180122,1339,101000,3195
277,20180122,1340,101000,2948
278,20180122,1341,100500,650
279,20180122,1342,100500,336
280,20180122,1343,101000,134
281,20180122,1344,101000,736
282,20180122,1345,101000,502
283,20180122,1346,101000,425
284,20180122,1347,101000,132
285,20180122,1348,101000,3537
286,20180122,1349,100500,487
287,20180122,1350,100500,271
288,20180122,1351,100500,1058
289,20180122,1352,101000,437
290,20180122,1353,101000,339
291,20180122,1354,101000,257
292,20180122,1355,101500,289
293,20180122,1356,101000,317
294,20180122,1357,101000,215
295,20180122,1358,101000,230
296,20180122,1359,101000,667
297,20180122,1400,100500,388
298,20180122,1401,101000,226
299,20180122,1402,101000,142
300,20180122,1403,101000,345
301,20180122,1404,101000,30
302,20180122,1405,101000,459
303,20180122,1406,100500,415
304,20180122,1407,101000,127
305,20180122,1408,101000,71
306,20180122,1409,101000,251
307,20180122,1410,101500,233
308,20180122,1411,101000,109
309,20180122,1412,101000,249
310,20180122,1413,101000,2462
311,20180122,1414,101500,896
312,20180122,1415,101500,999
313,20180122,1416,101500,290
314,20180122,1417,101500,85
315,20180122,1418,101500,107
316,20180122,1419,101500,111
317,20180122,1420,101500,282
318,20180122,1421,101500,109
319,20180122,1422,101500,425
320,20180122,1423,101500,318
321,20180122,1424,102000,30
322,20180122,1425,101500,38
323,20180122,1426,102000,504
324,20180122,1427,101500,311
325,20180122,1428,102000,287
326,20180122,1429,101500,238
327,20180122,1430,101500,750
328,20180122,1431,101500,116
329,20180122,1432,102000,11
330,20180122,1433,102000,199
331,20180122,1434,102000,50
332,20180122,1435,101500,404
333,20180122,1436,102000,94
334,20180122,1437,101500,723
335,20180122,1438,102000,65
336,20180122,1439,102000,94
337,20180122,1440,102000,315
338,20180122,1441,101500,28
339,20180122,1442,102000,23
340,20180122,1443,101500,399
341,20180122,1444,101500,121
342,20180122,1445,101500,33
343,20180122,1446,102000,535
344,20180122,1447,102000,205
345,20180122,1448,102000,25
346,20180122,1449,101500,28
347,20180122,1450,102000,213
348,20180122,1451,101500,420
349,20180122,1452,102000,87
350,20180122,1453,102000,515
351,20180122,1454,102000,1689
352,20180122,1455,102500,108
353,20180122,1456,102000,2398
354,20180122,1457,102000,190
355,20180122,1458,102000,298
356,20180122,1459,102000,23
357,20180122,1500,102000,242
358,20180122,1501,102500,169
359,20180122,1502,102500,56
360,20180122,1503,102500,481
361,20180122,1504,102500,1796
362,20180122,1505,102500,11
363,20180122,1506,103000,96
364,20180122,1507,102500,20
365,20180122,1508,103000,24
366,20180122,1509,102500,894
367,20180122,1510,102500,106
368,20180122,1511,103000,5
369,20180122,1512,103000,362
370,20180122,1513,103000,22
371,20180122,1514,103000,1707
372,20180122,1515,103000,408
373,20180122,1516,103000,1723
374,20180122,1517,103000,55
375,20180122,1518,102500,1152
376,20180122,1519,103000,18
377,20180122,1520,103000,268
378,20180122,1530,102500,5275
379,20180123,901,104000,2517
380,20180123,902,103500,260
381,20180123,903,104000,1064
382,20180123,904,103500,1350
383,20180123,905,103500,85
384,20180123,906,103500,3126
385,20180123,907,103000,286
386,20180123,908,103000,480
387,20180123,909,103000,513
388,20180123,910,103500,872
389,20180123,911,103000,925
390,20180123,912,103000,101
391,20180123,913,102500,319
392,20180123,914,103000,273
393,20180123,915,102500,274
394,20180123,916,103000,357
395,20180123,917,102500,285
396,20180123,918,103000,313
397,20180123,919,103500,211
398,20180123,920,103000,273
399,20180123,921,103000,513
400,20180123,922,103000,538
401,20180123,923,103500,221
402,20180123,924,103500,331
403,20180123,925,103500,1081
404,20180123,926,103000,156
405,20180123,927,103000,80
406,20180123,928,103000,32
407,20180123,929,103000,83
408,20180123,930,103500,966
409,20180123,931,103000,142
410,20180123,932,103500,777
411,20180123,933,103500,851
412,20180123,934,103500,39
413,20180123,935,104000,725
414,20180123,936,103500,137
415,20180123,937,103500,82
416,20180123,938,103500,18
417,20180123,939,103500,247
418,20180123,940,103500,52
419,20180123,941,104000,537
420,20180123,942,104000,1855
421,20180123,943,104000,215
422,20180123,944,104500,3847
423,20180123,945,105000,272
424,20180123,946,104500,205
425,20180123,947,105000,124
426,20180123,948,105000,770
427,20180123,949,104500,3282
428,20180123,950,105500,605
429,20180123,951,105000,1367
430,20180123,952,105500,573
431,20180123,953,105500,262
432,20180123,954,105500,107
433,20180123,955,105000,319
434,20180123,956,105000,62
435,20180123,957,105000,783
436,20180123,958,105000,590
437,20180123,959,105500,82
438,20180123,1000,105000,10
439,20180123,1001,105000,302
440,20180123,1002,105000,330
441,20180123,1003,105000,564
442,20180123,1004,105500,53
443,20180123,1005,105000,409
444,20180123,1006,105000,143
445,20180123,1007,105500,93
446,20180123,1008,105000,534
447,20180123,1009,105000,60
448,20180123,1010,105000,17
449,20180123,1011,105000,209
450,20180123,1012,105000,1370
451,20180123,1013,105000,974
452,20180123,1014,105000,1441
453,20180123,1015,105000,185
454,20180123,1016,105000,41
455,20180123,1017,105000,216
456,20180123,1018,105000,829
457,20180123,1019,104500,128
458,20180123,1020,104500,6
459,20180123,1021,104500,239
460,20180123,1022,104500,9
461,20180123,1023,104500,22
462,20180123,1024,104500,273
463,20180123,1025,104500,129
464,20180123,1026,104500,83
465,20180123,1027,104500,288
466,20180123,1028,105000,61
467,20180123,1029,105000,23
468,20180123,1030,105000,227
469,20180123,1031,104500,23
470,20180123,1032,104500,153
471,20180123,1033,105000,85
472,20180123,1034,105000,244
473,20180123,1035,105000,62
474,20180123,1036,104500,130
475,20180123,1037,104500,468
476,20180123,1038,104500,47
477,20180123,1039,104500,81
478,20180123,1040,104500,220
479,20180123,1041,105000,58
480,20180123,1042,104500,2217
481,20180123,1043,105000,317
482,20180123,1044,105000,127
483,20180123,1045,105000,59
484,20180123,1046,105000,8
485,20180123,1047,105000,180
486,20180123,1048,105000,18
487,20180123,1049,105000,41
488,20180123,1050,105500,2413
489,20180123,1051,105000,22
490,20180123,1052,105000,327
491,20180123,1053,105000,268
492,20180123,1054,104500,77
493,20180123,1055,104500,414
494,20180123,1056,105000,179
495,20180123,1057,105000,26
496,20180123,1058,105000,18
497,20180123,1059,105000,280
498,20180123,1100,105000,17
499,20180123,1101,105000,48
500,20180123,1102,105000,17
501,20180123,1103,105000,187
502,20180123,1104,105500,101
503,20180123,1105,105000,90
504,20180123,1106,105000,206
505,20180123,1107,105000,45
506,20180123,1108,105000,1864
507,20180123,1109,105500,3383
508,20180123,1110,105500,21
509,20180123,1111,105500,1951
510,20180123,1112,106500,320
511,20180123,1113,106000,37
512,20180123,1114,106000,100
513,20180123,1115,106000,6
514,20180123,1116,106000,2990
515,20180123,1117,106000,762
516,20180123,1118,105500,8
517,20180123,1119,105500,978
518,20180123,1120,105500,429
519,20180123,1121,105000,1
520,20180123,1122,105000,509
521,20180123,1123,105500,129
522,20180123,1124,105000,9
523,20180123,1125,105000,310
524,20180123,1126,105500,15
525,20180123,1127,105000,83
526,20180123,1128,105000,33
527,20180123,1129,105500,221
528,20180123,1130,105500,21
529,20180123,1131,105000,4
530,20180123,1132,105000,1044
531,20180123,1133,105500,87
532,20180123,1134,105000,434
533,20180123,1135,105000,232
534,20180123,1136,105000,5
535,20180123,1137,105000,154
536,20180123,1138,105000,202
537,20180123,1139,105000,23
538,20180123,1140,105000,225
539,20180123,1141,105500,304
540,20180123,1142,105500,23
541,20180123,1143,105500,38
542,20180123,1144,105000,50
543,20180123,1145,105000,256
544,20180123,1146,105000,207
545,20180123,1147,105000,5
546,20180123,1148,105500,147
547,20180123,1149,105000,18
548,20180123,1150,105500,70
549,20180123,1151,105500,191
550,20180123,1152,105000,166
551,20180123,1153,105000,8
552,20180123,1154,105000,174
553,20180123,1155,105000,23
554,20180123,1156,105500,197
555,20180123,1157,105500,24
556,20180123,1158,105000,179
557,20180123,1159,105000,53
558,20180123,1200,105500,5
559,20180123,1201,105500,185
560,20180123,1202,105000,57
561,20180123,1203,105000,41
562,20180123,1204,105000,290
563,20180123,1205,105500,13
564,20180123,1206,105000,342
565,20180123,1207,105000,238
566,20180123,1208,105000,18
567,20180123,1209,105000,1391
568,20180123,1210,104500,457
569,20180123,1211,105000,91
570,20180123,1212,105000,217
571,20180123,1213,104500,136
572,20180123,1214,104500,177
573,20180123,1215,105000,182
574,20180123,1216,105000,374
575,20180123,1217,104500,195
576,20180123,1218,104500,122
577,20180123,1219,104500,9
578,20180123,1220,105000,194
579,20180123,1221,104500,14
580,20180123,1222,104500,38
581,20180123,1223,105500,183
582,20180123,1224,104500,102
583,20180123,1225,104500,7
584,20180123,1226,104500,13
585,20180123,1227,104500,259
586,20180123,1228,105000,75
587,20180123,1229,104500,5
588,20180123,1230,104500,259
589,20180123,1231,104500,119
590,20180123,1232,105000,3
591,20180123,1233,104500,512
592,20180123,1234,105000,262
593,20180123,1235,104500,108
594,20180123,1236,104500,177
595,20180123,1237,104500,37
596,20180123,1238,104500,45
597,20180123,1239,104500,192
598,20180123,1240,104500,784
599,20180123,1241,105000,71
600,20180123,1242,104500,16
601,20180123,1243,104500,181
602,20180123,1244,104500,55
603,20180123,1245,104500,557
604,20180123,1246,105000,243
605,20180123,1247,104500,108
606,20180123,1248,104500,196
607,20180123,1249,104500,264
608,20180123,1250,104500,9
609,20180123,1251,104500,136
610,20180123,1252,105000,37
611,20180123,1253,104500,175
612,20180123,1254,104500,35
613,20180123,1255,104500,15
614,20180123,1256,104500,291
615,20180123,1257,104500,9
616,20180123,1258,104500,20
617,20180123,1259,104500,197
618,20180123,1300,104500,7
619,20180123,1301,104500,62
620,20180123,1302,104500,527
621,20180123,1303,104500,26
622,20180123,1304,104500,11
623,20180123,1305,105000,176
624,20180123,1306,104500,76
625,20180123,1307,104500,123
626,20180123,1308,104500,116
627,20180123,1309,104500,180
628,20180123,1310,104500,18
629,20180123,1311,104500,175
630,20180123,1312,104500,182
631,20180123,1313,104500,130
632,20180123,1314,104500,20
633,20180123,1315,104500,175
634,20180123,1316,104500,179
635,20180123,1317,104500,292
636,20180123,1318,104500,239
637,20180123,1319,104500,7
638,20180123,1320,104500,733
639,20180123,1321,104500,524
640,20180123,1322,105000,196
641,20180123,1323,104500,257
642,20180123,1324,104500,140
643,20180123,1325,104500,181
644,20180123,1326,104500,5
645,20180123,1327,104500,6
646,20180123,1328,104500,230
647,20180123,1329,105000,20
648,20180123,1330,105000,10
649,20180123,1331,105000,241
650,20180123,1332,104500,90
651,20180123,1333,104500,7
652,20180123,1334,104500,7
653,20180123,1335,104500,191
654,20180123,1336,104500,308
655,20180123,1337,104500,25
656,20180123,1338,104500,175
657,20180123,1339,104500,20
658,20180123,1340,104500,10
659,20180123,1341,105000,206
660,20180123,1342,104500,103
661,20180123,1343,104500,45
662,20180123,1344,104500,382
663,20180123,1345,104500,8
664,20180123,1346,104500,23
665,20180123,1347,105000,240
666,20180123,1348,105000,81
667,20180123,1349,104500,26
668,20180123,1350,104500,121
669,20180123,1351,104500,260
670,20180123,1352,104500,57
671,20180123,1353,104500,97
672,20180123,1354,104500,215
673,20180123,1355,104500,957
674,20180123,1356,104000,2556
675,20180123,1357,104500,974
676,20180123,1358,104500,60
677,20180123,1359,104500,444
678,20180123,1400,105000,193
679,20180123,1401,104500,5
680,20180123,1402,104500,281
681,20180123,1403,104500,16
682,20180123,1404,104500,227
683,20180123,1405,104500,82
684,20180123,1406,105000,17
685,20180123,1407,104500,263
686,20180123,1408,104500,34
687,20180123,1409,104500,662
688,20180123,1410,104500,184
689,20180123,1411,104500,216
690,20180123,1412,105000,176
691,20180123,1413,105000,201
692,20180123,1414,104500,35
693,20180123,1415,104500,11
694,20180123,1416,104500,25
695,20180123,1417,104500,295
696,20180123,1418,104500,98
697,20180123,1419,105000,177
698,20180123,1420,104500,177
699,20180123,1421,105000,122
700,20180123,1422,104500,177
701,20180123,1423,104500,178
702,20180123,1424,104500,340
703,20180123,1425,104500,1123
704,20180123,1426,105000,1085
705,20180123,1427,104500,2
706,20180123,1428,104500,27
707,20180123,1429,104500,177
708,20180123,1430,104500,3
709,20180123,1431,105000,16
710,20180123,1432,105000,279
711,20180123,1433,104500,216
712,20180123,1434,104500,419
713,20180123,1435,105000,438
714,20180123,1436,105000,239
715,20180123,1437,105000,27
716,20180123,1438,105000,11
717,20180123,1439,105000,256
718,20180123,1440,105000,6
719,20180123,1441,105000,80
720,20180123,1442,105000,275
721,20180123,1443,105000,173
722,20180123,1444,105500,137
723,20180123,1445,105000,6
724,20180123,1446,105000,1193
725,20180123,1447,105000,1044
726,20180123,1448,105000,45
727,20180123,1449,105500,446
728,20180123,1450,105500,302
729,20180123,1451,105500,1207
730,20180123,1452,105000,296
731,20180123,1453,105000,18
732,20180123,1454,105000,718
733,20180123,1455,106000,375
734,20180123,1456,105500,40
735,20180123,1457,105500,173
736,20180123,1458,105500,179
737,20180123,1459,105500,209
738,20180123,1500,105500,189
739,20180123,1501,105500,134
740,20180123,1502,106000,289
741,20180123,1503,105500,19
742,20180123,1504,106000,10
743,20180123,1505,106000,173
744,20180123,1506,105500,20
745,20180123,1507,106000,24
746,20180123,1508,105500,197
747,20180123,1509,106000,163
748,20180123,1510,105500,248
749,20180123,1511,106000,202
750,20180123,1512,106000,75
751,20180123,1513,105500,136
752,20180123,1514,106000,332
753,20180123,1515,106000,483
754,20180123,1516,105500,181
755,20180123,1517,105500,164
756,20180123,1518,105500,60
757,20180123,1519,106000,700
758,20180123,1520,105500,2605
759,20180123,1530,106500,6615
760,20180124,901,105500,1739
761,20180124,902,105500,476
762,20180124,903,105000,17
763,20180124,904,105500,248
764,20180124,905,105500,190
765,20180124,906,105000,647
766,20180124,907,105500,94
767,20180124,908,105000,44
768,20180124,909,105000,400
769,20180124,910,105000,107
770,20180124,911,105000,122
771,20180124,912,105500,402
772,20180124,913,105500,69
773,20180124,914,105500,99
774,20180124,915,106000,87
775,20180124,916,105500,506
776,20180124,917,106000,18
777,20180124,918,105500,258
778,20180124,919,106000,20
779,20180124,920,105500,1692
780,20180124,921,106000,180
781,20180124,922,106500,333
782,20180124,923,106500,19
783,20180124,924,106500,1147
784,20180124,925,106000,208
785,20180124,926,105500,73
786,20180124,927,106000,30
787,20180124,928,106000,302
788,20180124,929,106000,171
789,20180124,930,106000,35
790,20180124,931,106000,17
791,20180124,932,105500,51
792,20180124,933,106000,45
793,20180124,934,106000,10
794,20180124,935,106000,202
795,20180124,936,106000,147
796,20180124,937,105500,661
797,20180124,938,106000,79
798,20180124,939,106000,139
799,20180124,940,105500,265
800,20180124,941,106000,2881
801,20180124,942,105500,76
802,20180124,943,105000,693
803,20180124,944,105000,110
804,20180124,945,105500,328
805,20180124,946,105000,111
806,20180124,947,105500,36
807,20180124,948,105500,69
808,20180124,949,105500,83
809,20180124,950,105000,1791
810,20180124,951,105500,182
811,20180124,952,106000,1066
812,20180124,953,106000,150
813,20180124,954,106000,113
814,20180124,955,106000,111
815,20180124,956,106000,124
816,20180124,957,106000,147
817,20180124,958,106500,143
818,20180124,959,106500,119
819,20180124,1000,106500,221
820,20180124,1001,106500,81
821,20180124,1002,106500,130
822,20180124,1003,106500,143
823,20180124,1004,106500,43
824,20180124,1005,106000,79
825,20180124,1006,106500,596
826,20180124,1007,106000,232
827,20180124,1008,106000,217
828,20180124,1009,106000,218
829,20180124,1010,105500,94
830,20180124,1011,105500,26
831,20180124,1012,105500,469
832,20180124,1013,105500,44
833,20180124,1014,105500,146
834,20180124,1015,105000,171
835,20180124,1016,105500,25
836,20180124,1017,105000,183
837,20180124,1018,105000,169
838,20180124,1019,105000,571
839,20180124,1020,105000,221
840,20180124,1021,105000,641
841,20180124,1022,105500,212
842,20180124,1023,105000,203
843,20180124,1024,105500,254
844,20180124,1025,105500,59
845,20180124,1026,106000,380
846,20180124,1027,106000,182
847,20180124,1028,105500,204
848,20180124,1029,105500,186
849,20180124,1030,106000,142
850,20180124,1031,106000,26
851,20180124,1032,105500,43
852,20180124,1033,105500,114
853,20180124,1034,105500,72
854,20180124,1036,105500,230
855,20180124,1037,105500,26
856,20180124,1038,105500,1
857,20180124,1039,105500,109
858,20180124,1040,105500,106
859,20180124,1041,105500,74
860,20180124,1042,105500,57
861,20180124,1043,105500,132
862,20180124,1044,105500,34
863,20180124,1045,106000,98
864,20180124,1046,106000,137
865,20180124,1047,105500,51
866,20180124,1048,105500,422
867,20180124,1049,105000,68
868,20180124,1050,105500,90
869,20180124,1051,105000,330
870,20180124,1052,105000,118
871,20180124,1053,105000,49
872,20180124,1054,105000,27
873,20180124,1055,105000,182
874,20180124,1057,105000,25
875,20180124,1058,105000,180
876,20180124,1059,105000,9
877,20180124,1100,105000,187
878,20180124,1101,105000,252
879,20180124,1102,105500,44
880,20180124,1103,105500,34
881,20180124,1104,105000,240
882,20180124,1105,105500,64
883,20180124,1106,105500,16
884,20180124,1107,105500,225
885,20180124,1108,105500,28
886,20180124,1109,105500,129
887,20180124,1110,105500,186
888,20180124,1111,105500,84
889,20180124,1112,105500,82
890,20180124,1113,105500,283
891,20180124,1114,105500,65
892,20180124,1115,105500,32
893,20180124,1116,105500,392
894,20180124,1117,105500,80
895,20180124,1118,105500,103
896,20180124,1119,105500,209
897,20180124,1120,105000,846
898,20180124,1121,106000,63
899,20180124,1122,106000,304
900,20180124,1123,105500,174
901,20180124,1124,106000,37
902,20180124,1125,105500,107
903,20180124,1126,105500,132
904,20180124,1127,105500,49
905,20180124,1128,105500,227
906,20180124,1129,106000,164
907,20180124,1130,106000,37
908,20180124,1131,106000,237
909,20180124,1132,105500,82
910,20180124,1133,105500,99
911,20180124,1134,106000,32
912,20180124,1135,105500,798
913,20180124,1136,106000,38
914,20180124,1137,106000,20
915,20180124,1138,105500,175
916,20180124,1139,106000,81
917,20180124,1140,106000,79
918,20180124,1141,105500,134
919,20180124,1142,106000,175
920,20180124,1143,106000,53
921,20180124,1144,106000,123
922,20180124,1145,106000,69
923,20180124,1146,105500,90
924,20180124,1147,105500,315
925,20180124,1148,106000,23
926,20180124,1149,106000,65
927,20180124,1150,105000,141
928,20180124,1151,106000,22
929,20180124,1152,106000,57
930,20180124,1153,106000,158
931,20180124,1154,106000,69
932,20180124,1155,106000,118
933,20180124,1156,106000,149
934,20180124,1157,105500,86
935,20180124,1158,106000,922
936,20180124,1159,106000,193
937,20180124,1200,106000,21
938,20180124,1201,106000,66
939,20180124,1202,105500,144
940,20180124,1203,105500,245
941,20180124,1204,105500,84
942,20180124,1205,105500,128
943,20180124,1206,105500,86
944,20180124,1207,106000,26
945,20180124,1208,106000,97
946,20180124,1209,105500,126
947,20180124,1210,106000,16
948,20180124,1211,106000,131
949,20180124,1212,105500,85
950,20180124,1213,105000,63
951,20180124,1214,106000,21
952,20180124,1215,105500,161
953,20180124,1216,105500,51
954,20180124,1217,105500,19
955,20180124,1218,105500,200
956,20180124,1219,105500,189
957,20180124,1220,105500,56
958,20180124,1221,105000,173
959,20180124,1222,105500,86
960,20180124,1223,105500,108
961,20180124,1224,105500,144
962,20180124,1225,105500,146
963,20180124,1226,105500,225
964,20180124,1227,105000,117
965,20180124,1228,105500,60
966,20180124,1229,105500,275
967,20180124,1230,105000,177
968,20180124,1231,105500,80
969,20180124,1232,105500,203
970,20180124,1233,105500,180
971,20180124,1234,105500,83
972,20180124,1235,105500,141
973,20180124,1236,105000,246
974,20180124,1237,105000,89
975,20180124,1238,106000,29
976,20180124,1239,106000,192
977,20180124,1240,105500,419
978,20180124,1241,105500,73
979,20180124,1242,105000,144
980,20180124,1243,105500,53
981,20180124,1244,105500,73
982,20180124,1245,105500,435
983,20180124,1246,105500,106
984,20180124,1247,105500,60
985,20180124,1248,106000,269
986,20180124,1249,105500,30
987,20180124,1250,106000,129
988,20180124,1251,106000,459
989,20180124,1252,105000,99
990,20180124,1253,105500,566
991,20180124,1254,105500,2488
992,20180124,1255,105500,416
993,20180124,1256,104500,59
994,20180124,1257,105000,137
995,20180124,1258,105000,233
996,20180124,1259,104500,1353
997,20180124,1300,105500,149
998,20180124,1301,105000,180
999,20180124,1302,105000,87
1000,20180124,1303,104500,114
1001,20180124,1304,105000,172
1002,20180124,1305,105000,132
1003,20180124,1306,105000,141
1004,20180124,1307,105000,184
1005,20180124,1308,105000,57
1006,20180124,1309,105000,82
1007,20180124,1310,105000,173
1008,20180124,1311,105000,44
1009,20180124,1312,104500,117
1010,20180124,1313,105000,131
1011,20180124,1314,105000,100
1012,20180124,1315,104500,65
1013,20180124,1316,105000,147
1014,20180124,1317,105000,81
1015,20180124,1318,105000,123
1016,20180124,1319,104500,2792
1017,20180124,1320,105000,14
1018,20180124,1321,105000,101
1019,20180124,1322,104500,144
1020,20180124,1323,105000,19
1021,20180124,1324,104500,63
1022,20180124,1325,105000,159
1023,20180124,1326,105000,234
1024,20180124,1327,105000,16
1025,20180124,1328,105000,194
1026,20180124,1329,105000,125
1027,20180124,1330,105000,118
1028,20180124,1331,105000,199
1029,20180124,1332,105000,222
1030,20180124,1333,105000,120
1031,20180124,1334,105000,80
1032,20180124,1335,104500,97
1033,20180124,1336,105000,182
1034,20180124,1337,104500,1178
1035,20180124,1338,104500,216
1036,20180124,1339,105000,168
1037,20180124,1340,105000,65
1038,20180124,1341,104500,158
1039,20180124,1342,105000,17
1040,20180124,1343,105000,74
1041,20180124,1344,104500,180
1042,20180124,1345,104500,81
1043,20180124,1346,105000,52
1044,20180124,1347,104500,158
1045,20180124,1348,104500,66
1046,20180124,1349,105000,25
1047,20180124,1350,105000,179
1048,20180124,1351,105000,43
1049,20180124,1352,105000,183
1050,20180124,1353,105000,220
1051,20180124,1354,105000,82
1052,20180124,1355,105000,42
1053,20180124,1356,105000,141
1054,20180124,1357,104500,117
1055,20180124,1358,105000,54
1056,20180124,1359,105000,206
1057,20180124,1400,105000,29
1058,20180124,1401,105000,233
1059,20180124,1402,104500,265
1060,20180124,1403,105000,89
1061,20180124,1404,105000,102
1062,20180124,1405,104500,155
1063,20180124,1406,105000,68
1064,20180124,1407,104500,40
1065,20180124,1408,104500,158
1066,20180124,1409,105000,122
1067,20180124,1410,105000,68
1068,20180124,1411,105000,239
1069,20180124,1412,105000,12
1070,20180124,1413,105000,58
1071,20180124,1414,105000,174
1072,20180124,1415,105000,38
1073,20180124,1416,105000,60
1074,20180124,1417,104500,141
1075,20180124,1418,105000,133
1076,20180124,1419,105000,24
1077,20180124,1420,104500,87
1078,20180124,1421,105000,202
1079,20180124,1422,104500,121
1080,20180124,1423,105000,145
1081,20180124,1424,105000,161
1082,20180124,1425,104500,75
1083,20180124,1426,105000,150
1084,20180124,1427,105000,848
1085,20180124,1428,104000,58
1086,20180124,1429,104000,59
1087,20180124,1430,104000,358
1088,20180124,1431,104500,45
1089,20180124,1432,104500,86
1090,20180124,1433,104000,397
1091,20180124,1434,104500,108
1092,20180124,1435,104000,660
1093,20180124,1436,105000,175
1094,20180124,1437,104000,57
1095,20180124,1438,104000,32
1096,20180124,1439,104000,259
1097,20180124,1440,104500,30
1098,20180124,1441,104500,77
1099,20180124,1442,104500,192
1100,20180124,1443,104500,60
1101,20180124,1444,104000,454
1102,20180124,1445,104000,1117
1103,20180124,1446,104500,98
1104,20180124,1447,104500,259
1105,20180124,1448,105000,109
1106,20180124,1449,104000,68
1107,20180124,1450,104500,118
1108,20180124,1451,104500,176
1109,20180124,1452,104500,234
1110,20180124,1453,104500,146
1111,20180124,1454,104500,153
1112,20180124,1455,104500,70
1113,20180124,1456,104500,404
1114,20180124,1457,104500,164
1115,20180124,1458,104500,99
1116,20180124,1459,104500,20
1117,20180124,1500,104500,463
1118,20180124,1501,105000,1139
1119,20180124,1502,105000,15
1120,20180124,1503,105000,168
1121,20180124,1504,104500,504
1122,20180124,1505,104500,583
1123,20180124,1506,105000,116
1124,20180124,1507,105000,120
1125,20180124,1508,105000,237
1126,20180124,1509,105500,132
1127,20180124,1510,105500,251
1128,20180124,1511,105000,95
1129,20180124,1512,105000,76
1130,20180124,1513,105000,21
1131,20180124,1514,105000,404
1132,20180124,1515,105500,205
1133,20180124,1516,105000,19
1134,20180124,1517,104500,76
1135,20180124,1518,104500,75
1136,20180124,1519,104500,745
1137,20180124,1520,104500,489
1138,20180124,1530,104500,4098
0,20180125,901,104500,551
1,20180125,902,105000,450
2,20180125,903,104500,3
3,20180125,904,105000,1134
4,20180125,905,105500,630
5,20180125,906,105500,176
6,20180125,907,105500,670
7,20180125,908,105000,942
8,20180125,909,105000,990
9,20180125,910,105000,237
10,20180125,911,104500,64
11,20180125,912,104500,85
12,20180125,913,104500,1068
13,20180125,914,105000,718
14,20180125,915,105000,98
15,20180125,916,105000,109
16,20180125,918,104500,13
17,20180125,920,104500,81
18,20180125,921,105000,132
19,20180125,922,105000,296
20,20180125,923,105000,22
21,20180125,924,104500,13
22,20180125,925,105000,261
23,20180125,926,105000,15
24,20180125,927,105000,135
25,20180125,928,105000,762
26,20180125,929,105500,47
27,20180125,930,105000,98
28,20180125,931,105500,1489
29,20180125,932,106000,252
30,20180125,933,106000,152
31,20180125,934,105500,102
32,20180125,935,106000,116
33,20180125,936,105500,183
34,20180125,937,106000,3
35,20180125,938,105500,340
36,20180125,939,106000,14
37,20180125,940,106000,5
38,20180125,941,106000,177
39,20180125,942,105500,251
40,20180125,943,105500,108
41,20180125,944,106000,80
42,20180125,945,106000,5
43,20180125,946,105500,39
44,20180125,947,106000,114
45,20180125,948,105500,3
46,20180125,949,106000,105
47,20180125,950,106000,2461
48,20180125,951,106500,77
49,20180125,952,106500,125
50,20180125,953,106500,263
51,20180125,954,106500,726
52,20180125,955,106000,40
53,20180125,956,106000,101
54,20180125,957,106000,1
55,20180125,958,106000,480
56,20180125,959,106000,6
57,20180125,1000,106000,45
58,20180125,1001,106000,32
59,20180125,1002,106000,63
60,20180125,1003,106000,62
61,20180125,1004,106500,12
62,20180125,1005,106000,26
63,20180125,1006,106000,435
64,20180125,1007,106000,370
65,20180125,1008,106000,106
66,20180125,1009,106000,7
67,20180125,1010,106000,7
68,20180125,1012,106000,4
69,20180125,1013,106000,25
70,20180125,1014,106000,137
71,20180125,1015,106000,182
72,20180125,1016,106000,504
73,20180125,1017,106500,23
74,20180125,1018,106500,23
75,20180125,1019,106500,13
76,20180125,1020,106500,18
77,20180125,1021,106000,107
78,20180125,1022,106500,4
79,20180125,1023,106000,25
80,20180125,1024,106000,1275
81,20180125,1025,106500,28
82,20180125,1026,106500,2
83,20180125,1027,106500,96
84,20180125,1028,106500,7
85,20180125,1029,106000,5
86,20180125,1030,106500,56
87,20180125,1031,106500,49
88,20180125,1032,106000,157
89,20180125,1033,106500,1729
90,20180125,1034,107000,25
91,20180125,1035,107000,86
92,20180125,1036,106500,126
93,20180125,1037,107000,532
94,20180125,1038,106500,628
95,20180125,1039,106500,7
96,20180125,1040,106500,4
97,20180125,1041,106500,12
98,20180125,1043,106500,86
99,20180125,1044,106500,96
100,20180125,1045,106000,292
101,20180125,1046,106500,120
102,20180125,1047,106500,3
103,20180125,1048,106500,5
104,20180125,1049,106500,12
105,20180125,1050,106500,63
106,20180125,1051,106000,54
107,20180125,1052,106500,81
108,20180125,1053,106500,6
109,20180125,1054,106500,411
110,20180125,1055,106500,74
111,20180125,1056,106500,11
112,20180125,1057,106500,11
113,20180125,1058,106500,588
114,20180125,1059,106500,253
115,20180125,1100,106500,57
116,20180125,1101,106500,30
117,20180125,1102,106000,36
118,20180125,1103,106500,15
119,20180125,1104,106000,75
120,20180125,1105,106500,4
121,20180125,1106,106500,54
122,20180125,1107,106500,14
123,20180125,1108,106500,73
124,20180125,1109,106500,20
125,20180125,1110,106500,10
126,20180125,1111,106000,773
127,20180125,1112,106000,23
128,20180125,1113,105500,90
129,20180125,1114,106000,10
130,20180125,1115,106000,52
131,20180125,1116,105500,304
132,20180125,1117,105500,21
133,20180125,1118,106000,17
134,20180125,1120,105500,577
135,20180125,1121,105500,511
136,20180125,1122,106000,3
137,20180125,1123,106000,60
138,20180125,1124,106000,89
139,20180125,1125,105500,129
140,20180125,1126,105500,25
141,20180125,1127,106000,2
142,20180125,1128,106000,358
143,20180125,1129,106000,167
144,20180125,1130,105500,80
145,20180125,1131,106000,13
146,20180125,1132,106000,14
147,20180125,1133,106000,5
148,20180125,1134,106000,12
149,20180125,1135,106000,10
150,20180125,1136,106000,60
151,20180125,1137,105500,88
152,20180125,1138,106000,8
153,20180125,1139,106000,39
154,20180125,1140,106000,20
155,20180125,1141,105500,11
156,20180125,1142,105500,327
157,20180125,1143,106000,8
158,20180125,1144,105500,19
159,20180125,1145,105500,65
160,20180125,1146,106000,165
161,20180125,1147,106000,737
162,20180125,1148,106000,3
163,20180125,1149,106000,24
164,20180125,1150,105500,43
165,20180125,1151,105500,52
166,20180125,1152,105500,34
167,20180125,1153,105500,6
168,20180125,1154,105500,92
169,20180125,1155,105500,10
170,20180125,1156,105000,12
171,20180125,1157,105500,100
172,20180125,1158,105500,6
173,20180125,1159,105500,55
174,20180125,1200,105500,19
175,20180125,1201,105500,168
176,20180125,1202,105500,77
177,20180125,1203,105500,45
178,20180125,1204,105500,50
179,20180125,1205,105500,2010
180,20180125,1206,105500,8
181,20180125,1207,105000,6
182,20180125,1208,105500,2
183,20180125,1210,105000,68
184,20180125,1211,105500,4
185,20180125,1212,105500,1
186,20180125,1214,105500,36
187,20180125,1215,105500,1
188,20180125,1216,105000,79
189,20180125,1217,105500,16
190,20180125,1218,105500,6
191,20180125,1219,105500,8
192,20180125,1220,105500,17
193,20180125,1221,105500,8
194,20180125,1222,105500,41
195,20180125,1223,105500,13
196,20180125,1224,105500,130
197,20180125,1225,105500,3
198,20180125,1226,105500,18
199,20180125,1227,105500,9
200,20180125,1228,105500,10
201,20180125,1229,105500,8
202,20180125,1230,105500,23
203,20180125,1231,105500,45
204,20180125,1232,105500,15
205,20180125,1233,105500,8
206,20180125,1234,105500,12
207,20180125,1235,105500,6
208,20180125,1236,105500,24
209,20180125,1237,105500,333
210,20180125,1238,105000,226
211,20180125,1239,105500,127
212,20180125,1240,105500,9
213,20180125,1241,105500,20
214,20180125,1242,105500,7
215,20180125,1243,105500,4
216,20180125,1244,105000,24
217,20180125,1246,105500,1141
218,20180125,1247,105500,239
219,20180125,1248,105500,19
220,20180125,1249,105000,337
221,20180125,1250,105000,8
222,20180125,1251,105500,404
223,20180125,1252,105500,7
224,20180125,1253,105000,60
225,20180125,1254,105500,6
226,20180125,1255,105500,23
227,20180125,1256,105500,11
228,20180125,1257,105500,89
229,20180125,1258,105000,102
230,20180125,1259,105500,28
231,20180125,1300,105500,11
232,20180125,1301,105000,13
233,20180125,1302,105500,1285
234,20180125,1304,106000,10
235,20180125,1305,106000,32
236,20180125,1306,106000,19
237,20180125,1307,106000,16
238,20180125,1308,106000,9
239,20180125,1309,105500,50
240,20180125,1310,106000,1
241,20180125,1311,105500,208
242,20180125,1312,106000,16
243,20180125,1313,106000,7
244,20180125,1315,105500,112
245,20180125,1316,106000,3
246,20180125,1317,105500,3
247,20180125,1318,106000,9
248,20180125,1319,105500,8
249,20180125,1320,106000,47
250,20180125,1321,106000,18
251,20180125,1322,105500,21
252,20180125,1323,106000,50
253,20180125,1324,105500,21
254,20180125,1325,105500,25
255,20180125,1326,105500,40
256,20180125,1327,106000,37
257,20180125,1328,105500,18
258,20180125,1329,106000,14
259,20180125,1330,106000,34
260,20180125,1331,105500,53
261,20180125,1332,106000,30
262,20180125,1333,105500,8
263,20180125,1334,106000,34
264,20180125,1335,106000,465
265,20180125,1336,105500,33
266,20180125,1337,105500,723
267,20180125,1338,105000,41
268,20180125,1339,105000,21
269,20180125,1340,105000,3
270,20180125,1341,105000,32
271,20180125,1342,105500,10
272,20180125,1343,105500,35
273,20180125,1344,105000,16
274,20180125,1345,105000,34
275,20180125,1346,105000,19
276,20180125,1347,105000,37
277,20180125,1348,105500,21
278,20180125,1349,105000,18
279,20180125,1350,105500,22
280,20180125,1351,105000,357
281,20180125,1352,105000,581
282,20180125,1353,104500,18
283,20180125,1354,105000,353
284,20180125,1355,105000,16
285,20180125,1356,104500,49
286,20180125,1357,105000,32
287,20180125,1358,104500,11
288,20180125,1359,105000,30
289,20180125,1400,104500,131
290,20180125,1401,104500,14
291,20180125,1402,105000,39
292,20180125,1403,104500,73
293,20180125,1404,105000,165
294,20180125,1405,104500,144
295,20180125,1406,105000,201
296,20180125,1407,105000,57
297,20180125,1408,105000,43
298,20180125,1409,105000,18
299,20180125,1410,105000,13
300,20180125,1411,104500,1467
301,20180125,1412,105000,740
302,20180125,1413,104500,40
303,20180125,1414,104500,204
304,20180125,1415,105000,33
305,20180125,1416,105000,37
306,20180125,1417,105000,64
307,20180125,1418,105000,18
308,20180125,1419,105000,20
309,20180125,1420,104500,139
310,20180125,1421,104500,81
311,20180125,1422,105000,30
312,20180125,1423,104500,189
313,20180125,1424,105000,67
314,20180125,1425,105000,41
315,20180125,1426,104500,101
316,20180125,1427,105000,32
317,20180125,1428,104500,27
318,20180125,1429,105000,34
319,20180125,1430,104500,30
320,20180125,1431,104500,223
321,20180125,1432,105000,46
322,20180125,1433,104500,14
323,20180125,1434,104500,160
324,20180125,1435,105000,24
325,20180125,1436,105000,260
326,20180125,1437,104500,219
327,20180125,1438,105000,113
328,20180125,1439,105000,30
329,20180125,1440,104500,6
330,20180125,1441,104500,18
331,20180125,1442,105000,306
332,20180125,1443,104500,12
333,20180125,1444,104500,45
334,20180125,1445,105000,21
335,20180125,1446,105000,21
336,20180125,1447,104500,17
337,20180125,1448,105000,28
338,20180125,1449,105000,62
339,20180125,1450,104500,86
340,20180125,1451,104500,1163
341,20180125,1452,104500,29
342,20180125,1453,104500,49
343,20180125,1454,104500,46
344,20180125,1455,105000,12
345,20180125,1456,105000,132
346,20180125,1457,105000,24
347,20180125,1458,105000,103
348,20180125,1459,105000,14
349,20180125,1500,104500,28
350,20180125,1501,104500,140
351,20180125,1502,105000,32
352,20180125,1503,105000,36
353,20180125,1504,104500,154
354,20180125,1505,104500,44
355,20180125,1506,105000,33
356,20180125,1507,104500,13
357,20180125,1508,104500,117
358,20180125,1509,104500,76
359,20180125,1510,105000,31
360,20180125,1511,105000,19
361,20180125,1512,105000,56
362,20180125,1513,104500,25
363,20180125,1514,105000,19
364,20180125,1515,105000,55
365,20180125,1516,105000,72
366,20180125,1517,104500,120
367,20180125,1518,105000,171
368,20180125,1519,105000,456
369,20180125,1520,105000,1334
370,20180125,1530,104500,7685
371,20180126,901,104500,509
372,20180126,902,104500,154
373,20180126,903,105000,14
374,20180126,904,105000,2
375,20180126,905,105000,2
376,20180126,906,104500,131
377,20180126,907,104500,67
378,20180126,908,104500,75
379,20180126,909,104500,96
380,20180126,910,104500,100
381,20180126,911,104500,283
382,20180126,912,104500,104
383,20180126,913,104500,2
384,20180126,914,104500,40
385,20180126,915,104500,196
386,20180126,916,104000,120
387,20180126,917,104000,71
388,20180126,918,104500,32
389,20180126,919,104000,5
390,20180126,920,104000,18
391,20180126,921,104500,1308
392,20180126,922,104000,681
393,20180126,923,104000,120
394,20180126,924,104000,105
395,20180126,925,104000,299
396,20180126,926,104000,10
397,20180126,928,104000,212
398,20180126,929,104500,13
399,20180126,930,104000,50
400,20180126,931,104000,5
401,20180126,932,104000,160
402,20180126,933,104500,15
403,20180126,934,104000,31
404,20180126,935,104500,5
405,20180126,936,104500,22
406,20180126,937,104000,167
407,20180126,938,104500,2590
408,20180126,939,105000,316
409,20180126,940,105500,23
410,20180126,941,105000,76
411,20180126,942,105000,2
412,20180126,943,105500,16
413,20180126,944,105500,82
414,20180126,945,105500,74
415,20180126,946,105000,349
416,20180126,947,105500,69
417,20180126,948,105000,306
418,20180126,949,105000,258
419,20180126,950,105000,102
420,20180126,951,105500,151
421,20180126,952,105000,230
422,20180126,953,105500,93
423,20180126,955,105000,53
424,20180126,956,105500,95
425,20180126,957,105000,133
426,20180126,958,105500,448
427,20180126,959,105500,1602
428,20180126,1000,106500,333
429,20180126,1001,106000,116
430,20180126,1002,106500,245
431,20180126,1003,106500,26
432,20180126,1004,106000,274
433,20180126,1005,106500,526
434,20180126,1006,106500,93
435,20180126,1007,106000,925
436,20180126,1008,106000,152
437,20180126,1009,106000,124
438,20180126,1010,105500,51
439,20180126,1011,106000,50
440,20180126,1012,106000,96
441,20180126,1013,105500,35
442,20180126,1014,106000,32
443,20180126,1015,106000,105
444,20180126,1016,105500,45
445,20180126,1017,106000,141
446,20180126,1018,106000,38
447,20180126,1019,105500,52
448,20180126,1020,106000,21
449,20180126,1021,106000,59
450,20180126,1022,105500,5
451,20180126,1023,105500,88
452,20180126,1024,105500,1
453,20180126,1025,105500,28
454,20180126,1026,106000,71
455,20180126,1027,105500,200
456,20180126,1028,105500,87
457,20180126,1029,106000,23
458,20180126,1030,106000,35
459,20180126,1031,105500,486
460,20180126,1032,105500,141
461,20180126,1033,106000,112
462,20180126,1034,106000,15
463,20180126,1035,105500,14
464,20180126,1036,106000,62
465,20180126,1037,106000,36
466,20180126,1038,106000,5
467,20180126,1039,106000,35
468,20180126,1040,106000,115
469,20180126,1041,105500,39
470,20180126,1042,106000,34
471,20180126,1043,106000,39
472,20180126,1044,106000,1635
473,20180126,1045,106500,77
474,20180126,1046,106500,204
475,20180126,1047,106000,1
476,20180126,1048,106500,87
477,20180126,1049,106500,109
478,20180126,1050,106500,74
479,20180126,1051,106500,162
480,20180126,1052,106500,173
481,20180126,1053,106500,77
482,20180126,1054,106500,231
483,20180126,1055,106500,231
484,20180126,1056,106500,65
485,20180126,1057,106000,233
486,20180126,1058,106500,425
487,20180126,1059,106500,1503
488,20180126,1100,107000,137
489,20180126,1101,107000,302
490,20180126,1102,107000,127
491,20180126,1103,106500,49
492,20180126,1104,107000,54
493,20180126,1105,107000,122
494,20180126,1106,107000,43
495,20180126,1107,106500,47
496,20180126,1108,107000,1
497,20180126,1109,106500,1017
498,20180126,1110,106500,33
499,20180126,1111,106500,58
500,20180126,1112,106000,1
501,20180126,1113,106500,259
502,20180126,1115,106500,133
503,20180126,1116,106000,24
504,20180126,1117,106500,203
505,20180126,1118,106500,290
506,20180126,1119,106500,40
507,20180126,1120,106500,231
508,20180126,1121,106500,88
509,20180126,1122,107000,48
510,20180126,1123,107000,129
511,20180126,1124,106500,98
512,20180126,1125,106500,37
513,20180126,1126,106500,45
514,20180126,1127,106500,140
515,20180126,1128,107000,3
516,20180126,1129,107000,45
517,20180126,1130,107000,62
518,20180126,1131,106500,176
519,20180126,1132,106500,264
520,20180126,1133,107000,66
521,20180126,1134,107000,42
522,20180126,1135,106500,107
523,20180126,1136,107000,1
524,20180126,1137,107000,199
525,20180126,1138,107000,1
526,20180126,1139,107000,1
527,20180126,1140,106500,1357
528,20180126,1141,106500,365
529,20180126,1142,107000,224
530,20180126,1143,106500,246
531,20180126,1144,106500,233
532,20180126,1145,106500,11
533,20180126,1146,106500,110
534,20180126,1147,106000,2
535,20180126,1148,106000,56
536,20180126,1149,106500,38
537,20180126,1150,106000,2
538,20180126,1151,106500,61
539,20180126,1152,106500,50
540,20180126,1153,106500,92
541,20180126,1154,106000,1
542,20180126,1155,106500,382
543,20180126,1156,106500,64
544,20180126,1157,106000,85
545,20180126,1158,106500,27
546,20180126,1159,106000,104
547,20180126,1200,106500,78
548,20180126,1201,106000,116
549,20180126,1202,106500,57
550,20180126,1203,106500,147
551,20180126,1204,106500,125
552,20180126,1205,106000,4
553,20180126,1206,106500,178
554,20180126,1207,106500,31
555,20180126,1208,106000,55
556,20180126,1209,106500,14
557,20180126,1210,106500,71
558,20180126,1211,106500,29
559,20180126,1212,106500,66
560,20180126,1213,106500,120
561,20180126,1214,106500,54
562,20180126,1215,106500,58
563,20180126,1216,106500,23
564,20180126,1217,106500,116
565,20180126,1218,106500,14
566,20180126,1219,106500,60
567,20180126,1220,106500,58
568,20180126,1221,106500,58
569,20180126,1222,106500,58
570,20180126,1223,106500,45
571,20180126,1224,106500,104
572,20180126,1225,106000,17
573,20180126,1226,106500,178
574,20180126,1227,106000,20
575,20180126,1228,106500,67
576,20180126,1229,106500,92
577,20180126,1230,106500,71
578,20180126,1231,106500,30
579,20180126,1232,106500,54
580,20180126,1233,106500,47
581,20180126,1234,106500,8
582,20180126,1235,106500,133
583,20180126,1236,106000,33
584,20180126,1237,106500,47
585,20180126,1238,106500,25
586,20180126,1239,106500,71
587,20180126,1240,106500,45
588,20180126,1241,106500,49
589,20180126,1242,106500,80
590,20180126,1243,106500,48
591,20180126,1244,106500,6
592,20180126,1245,106500,39
593,20180126,1246,106500,57
594,20180126,1247,106500,74
595,20180126,1248,106500,141
596,20180126,1249,106500,46
597,20180126,1250,106500,48
598,20180126,1251,106500,110
599,20180126,1252,106500,197
600,20180126,1253,106500,90
601,20180126,1254,106500,162
602,20180126,1255,106000,327
603,20180126,1256,106500,57
604,20180126,1257,106500,323
605,20180126,1258,106500,132
606,20180126,1259,106500,667
607,20180126,1300,106500,84
608,20180126,1301,107000,73
609,20180126,1302,107000,83
610,20180126,1303,107000,349
611,20180126,1304,107000,358
612,20180126,1305,106500,81
613,20180126,1306,106500,87
614,20180126,1307,107000,41
615,20180126,1308,107000,71
616,20180126,1309,106500,548
617,20180126,1310,106500,60
618,20180126,1311,106500,68
619,20180126,1312,106000,113
620,20180126,1313,106500,78
621,20180126,1314,106500,86
622,20180126,1315,106500,107
623,20180126,1316,106500,145
624,20180126,1317,106500,117
625,20180126,1318,106500,61
626,20180126,1319,106500,168
627,20180126,1320,106500,110
628,20180126,1321,106500,287
629,20180126,1322,107000,109
630,20180126,1323,106500,147
631,20180126,1324,107000,632
632,20180126,1325,107000,141
633,20180126,1326,107000,138
634,20180126,1327,106500,322
635,20180126,1328,107000,194
636,20180126,1329,107000,70
637,20180126,1330,106500,294
638,20180126,1331,107000,74
639,20180126,1332,107000,155
640,20180126,1333,106500,63
641,20180126,1334,106500,139
642,20180126,1335,107000,30
643,20180126,1336,106500,142
644,20180126,1337,107000,245
645,20180126,1338,107000,182
646,20180126,1339,107000,79
647,20180126,1340,107000,145
648,20180126,1341,107000,399
649,20180126,1342,107000,250
650,20180126,1343,107000,216
651,20180126,1344,107000,126
652,20180126,1345,106500,247
653,20180126,1346,106500,115
654,20180126,1347,107000,147
655,20180126,1348,107000,128
656,20180126,1349,107000,173
657,20180126,1350,107000,171
658,20180126,1351,106500,109
659,20180126,1352,107000,348
660,20180126,1353,107000,76
661,20180126,1354,107000,238
662,20180126,1355,107000,150
663,20180126,1356,107000,4496
664,20180126,1357,107000,117
665,20180126,1358,107000,241
666,20180126,1359,107000,352
667,20180126,1400,106500,72
668,20180126,1401,107000,1005
669,20180126,1402,106500,109
670,20180126,1403,107000,256
671,20180126,1404,107000,137
672,20180126,1405,107000,461
673,20180126,1406,107000,6759
674,20180126,1407,107500,262
675,20180126,1408,107500,344
676,20180126,1409,107500,295
677,20180126,1410,107500,109
678,20180126,1411,107500,2570
679,20180126,1412,107500,306
680,20180126,1413,107500,896
681,20180126,1414,107500,51
682,20180126,1415,107500,891
683,20180126,1416,108000,128
684,20180126,1417,108000,138
685,20180126,1418,108000,183
686,20180126,1419,107500,82
687,20180126,1420,107500,4
688,20180126,1421,108000,254
689,20180126,1422,108000,444
690,20180126,1423,107500,513
691,20180126,1424,108000,201
692,20180126,1425,108000,70
693,20180126,1426,107500,276
694,20180126,1427,108000,176
695,20180126,1428,108000,245
696,20180126,1429,108000,428
697,20180126,1430,108000,34
698,20180126,1431,108000,173
699,20180126,1432,107500,1292
700,20180126,1433,107500,189
701,20180126,1434,107500,140
702,20180126,1435,107500,131
703,20180126,1436,107000,247
704,20180126,1437,107500,339
705,20180126,1438,108000,670
706,20180126,1439,107500,220
707,20180126,1440,107500,146
708,20180126,1441,107500,117
709,20180126,1442,108000,109
710,20180126,1443,107500,288
711,20180126,1444,107500,3
712,20180126,1445,108000,63
713,20180126,1446,108000,401
714,20180126,1447,107500,74
715,20180126,1448,108000,220
716,20180126,1449,108000,295
717,20180126,1450,108000,189
718,20180126,1451,107500,149
719,20180126,1452,108000,610
720,20180126,1453,108000,109
721,20180126,1454,108000,184
722,20180126,1455,108000,45
723,20180126,1456,107500,120
724,20180126,1457,107500,45
725,20180126,1458,108000,57
726,20180126,1459,108000,464
727,20180126,1500,107500,127
728,20180126,1501,107500,124
729,20180126,1502,108000,63
730,20180126,1503,108000,258
731,20180126,1504,108000,189
732,20180126,1505,108000,188
733,20180126,1506,108000,184
734,20180126,1507,108000,75
735,20180126,1508,108000,117
736,20180126,1509,108000,90
737,20180126,1510,108000,101
738,20180126,1511,107500,39
739,20180126,1512,108000,135
740,20180126,1513,107500,93
741,20180126,1514,108000,244
742,20180126,1515,108000,311
743,20180126,1516,108000,352
744,20180126,1517,108000,188
745,20180126,1518,108000,332
746,20180126,1519,108000,432
747,20180126,1520,108000,1467
748,20180126,1530,108000,5054
0,20180129,901,109500,1869
1,20180129,902,109000,830
2,20180129,903,109000,345
3,20180129,904,108500,485
4,20180129,905,109000,2839
5,20180129,906,108500,639
6,20180129,907,108500,295
7,20180129,908,108500,391
8,20180129,909,108500,300
9,20180129,910,108500,372
10,20180129,911,109000,2282
11,20180129,912,108000,126
12,20180129,913,108000,661
13,20180129,914,108000,189
14,20180129,915,108000,161
15,20180129,916,108000,215
16,20180129,917,108000,200
17,20180129,918,108000,904
18,20180129,919,108000,564
19,20180129,920,108500,652
20,20180129,921,108500,52
21,20180129,922,108500,113
22,20180129,923,108500,51
23,20180129,924,108000,241
24,20180129,925,108500,432
25,20180129,926,108500,30
26,20180129,927,108000,52
27,20180129,928,108000,181
28,20180129,929,108000,31
29,20180129,930,108500,130
30,20180129,931,108000,179
31,20180129,932,108000,144
32,20180129,933,108500,273
33,20180129,934,108000,112
34,20180129,935,108500,383
35,20180129,936,108500,67
36,20180129,937,108500,59
37,20180129,938,108000,170
38,20180129,939,108500,2319
39,20180129,940,108500,22
40,20180129,941,108500,1149
41,20180129,942,109000,241
42,20180129,943,108500,157
43,20180129,944,108500,298
44,20180129,945,108500,82
45,20180129,946,108500,14
46,20180129,947,108500,110
47,20180129,948,109000,63
48,20180129,949,108500,614
49,20180129,950,108500,98
50,20180129,951,108000,22
51,20180129,952,108500,52
52,20180129,953,108000,52
53,20180129,954,108000,1109
54,20180129,955,108000,292
55,20180129,956,108000,317
56,20180129,957,108000,41
57,20180129,958,108000,356
58,20180129,959,108500,30
59,20180129,1000,108500,38
60,20180129,1001,108000,205
61,20180129,1002,108500,104
62,20180129,1003,108500,147
63,20180129,1004,108000,34
64,20180129,1005,108000,174
65,20180129,1006,108000,41
66,20180129,1007,108500,215
67,20180129,1008,108000,281
68,20180129,1009,108500,124
69,20180129,1010,108000,42
70,20180129,1011,108000,583
71,20180129,1012,108000,445
72,20180129,1013,108000,56
73,20180129,1014,108000,303
74,20180129,1015,107500,192
75,20180129,1016,108000,22
76,20180129,1017,107500,25
77,20180129,1018,108000,89
78,20180129,1019,108000,109
79,20180129,1020,107500,313
80,20180129,1021,108000,76
81,20180129,1022,107500,198
82,20180129,1023,108000,339
83,20180129,1024,107500,22
84,20180129,1025,107500,74
85,20180129,1026,107500,27
86,20180129,1027,108000,219
87,20180129,1028,107500,589
88,20180129,1029,108000,7
89,20180129,1030,108000,133
90,20180129,1031,107500,111
91,20180129,1032,107500,257
92,20180129,1033,107500,106
93,20180129,1034,107500,518
94,20180129,1035,108000,474
95,20180129,1036,107500,1
96,20180129,1037,108000,125
97,20180129,1038,108000,108
98,20180129,1039,108000,17
99,20180129,1040,107500,2251
100,20180129,1041,107500,208
101,20180129,1042,107000,256
102,20180129,1043,107500,75
103,20180129,1044,107000,244
104,20180129,1045,107500,270
105,20180129,1046,107000,35
106,20180129,1047,107000,112
107,20180129,1048,107000,52
108,20180129,1049,107000,1024
109,20180129,1050,107500,362
110,20180129,1051,107500,68
111,20180129,1052,107500,113
112,20180129,1053,107500,53
113,20180129,1054,107500,609
114,20180129,1055,108000,8
115,20180129,1056,107500,62
116,20180129,1057,107500,255
117,20180129,1058,107500,104
118,20180129,1059,108000,156
119,20180129,1100,108000,5
120,20180129,1101,107500,206
121,20180129,1102,107500,38
122,20180129,1103,107500,23
123,20180129,1104,108000,221
124,20180129,1105,107500,89
125,20180129,1106,108000,807
126,20180129,1107,107500,388
127,20180129,1108,107500,31
128,20180129,1109,107500,419
129,20180129,1110,107500,56
130,20180129,1111,107500,54
131,20180129,1112,107500,41
132,20180129,1113,108000,73
133,20180129,1114,107500,109
134,20180129,1115,108000,264
135,20180129,1116,107500,34
136,20180129,1117,107500,522
137,20180129,1118,108000,46
138,20180129,1119,107500,42
139,20180129,1120,108000,85
140,20180129,1121,108000,102
141,20180129,1122,107500,59
142,20180129,1123,107500,96
143,20180129,1124,107500,124
144,20180129,1125,108000,94
145,20180129,1126,108000,39
146,20180129,1127,107500,112
147,20180129,1128,108000,51
148,20180129,1129,108000,28
149,20180129,1130,107500,125
150,20180129,1131,107500,403
151,20180129,1132,108000,48
152,20180129,1133,108000,146
153,20180129,1134,107500,84
154,20180129,1135,108000,159
155,20180129,1136,108000,18
156,20180129,1137,108000,140
157,20180129,1138,108000,9
158,20180129,1139,108000,48
159,20180129,1140,107500,114
160,20180129,1141,107500,44
161,20180129,1142,108000,38
162,20180129,1143,108000,197
163,20180129,1144,107500,44
164,20180129,1145,108000,19
165,20180129,1146,107500,414
166,20180129,1147,108000,87
167,20180129,1148,107500,19
168,20180129,1149,107500,83
169,20180129,1150,107500,68
170,20180129,1151,108000,36
171,20180129,1152,108000,50
172,20180129,1153,107500,136
173,20180129,1154,107500,1167
174,20180129,1155,107000,254
175,20180129,1156,107000,85
176,20180129,1157,107000,77
177,20180129,1158,107500,256
178,20180129,1159,107000,32
179,20180129,1200,107500,87
180,20180129,1201,107500,28
181,20180129,1202,107000,18
182,20180129,1203,107000,101
183,20180129,1204,107500,28
184,20180129,1205,107000,115
185,20180129,1206,107000,154
186,20180129,1207,107500,35
187,20180129,1208,107000,11
188,20180129,1209,107500,58
189,20180129,1210,107000,75
190,20180129,1211,107500,29
191,20180129,1212,107000,71
192,20180129,1213,107500,73
193,20180129,1214,107000,365
194,20180129,1215,107500,28
195,20180129,1216,107500,52
196,20180129,1217,107500,238
197,20180129,1218,107500,139
198,20180129,1219,107500,448
199,20180129,1220,107000,177
200,20180129,1221,107500,132
201,20180129,1222,107000,17
202,20180129,1223,107000,60
203,20180129,1224,107000,56
204,20180129,1225,107000,61
205,20180129,1226,107000,78
206,20180129,1227,107500,16
207,20180129,1228,107500,68
208,20180129,1229,107500,64
209,20180129,1230,107500,40
210,20180129,1231,107500,4879
211,20180129,1232,107000,68
212,20180129,1233,107000,132
213,20180129,1234,106500,62
214,20180129,1235,107000,48
215,20180129,1236,106500,294
216,20180129,1237,107000,106
217,20180129,1238,107000,118
218,20180129,1239,106500,105
219,20180129,1240,106500,124
220,20180129,1241,107000,1748
221,20180129,1242,106500,152
222,20180129,1243,106000,511
223,20180129,1244,107000,41
224,20180129,1245,106500,204
225,20180129,1246,106500,809
226,20180129,1247,106500,245
227,20180129,1248,106500,141
228,20180129,1249,106500,190
229,20180129,1250,106500,46
230,20180129,1251,107000,38
231,20180129,1252,107000,52
232,20180129,1253,106500,21
233,20180129,1254,106500,478
234,20180129,1255,106500,6
235,20180129,1256,107000,271
236,20180129,1257,106500,12
237,20180129,1258,106500,81
238,20180129,1259,106500,295
239,20180129,1300,107000,40
240,20180129,1301,106500,14
241,20180129,1302,107000,75
242,20180129,1303,106500,35
243,20180129,1304,107000,12
244,20180129,1305,107000,40
245,20180129,1306,106500,148
246,20180129,1307,106500,55
247,20180129,1308,106500,50
248,20180129,1309,106500,53
249,20180129,1310,106500,514
250,20180129,1311,106500,110
251,20180129,1312,106500,76
252,20180129,1313,107000,591
253,20180129,1314,106500,68
254,20180129,1315,106500,49
255,20180129,1316,107000,14
256,20180129,1317,106500,3505
257,20180129,1318,106000,90
258,20180129,1319,106000,140
259,20180129,1320,106500,62
260,20180129,1321,106000,107
261,20180129,1322,106000,56
262,20180129,1323,106500,37
263,20180129,1324,106000,481
264,20180129,1325,106500,71
265,20180129,1326,106000,31
266,20180129,1327,106000,355
267,20180129,1328,106000,62
268,20180129,1329,106000,299
269,20180129,1330,106000,89
270,20180129,1331,106000,99
271,20180129,1332,106500,121
272,20180129,1333,106000,285
273,20180129,1334,106000,98
274,20180129,1335,106000,198
275,20180129,1336,106000,76
276,20180129,1337,106500,318
277,20180129,1338,106500,55
278,20180129,1339,106000,48
279,20180129,1340,106000,166
280,20180129,1341,106500,218
281,20180129,1342,105500,110
282,20180129,1343,106000,465
283,20180129,1344,106000,103
284,20180129,1345,106000,137
285,20180129,1346,106000,602
286,20180129,1347,106000,346
287,20180129,1348,106000,155
288,20180129,1349,106000,34
289,20180129,1350,106500,43
290,20180129,1351,106000,36
291,20180129,1352,106000,67
292,20180129,1353,106500,155
293,20180129,1354,106000,52
294,20180129,1355,106000,182
295,20180129,1356,106000,126
296,20180129,1357,106500,97
297,20180129,1358,106500,200
298,20180129,1359,106000,1188
299,20180129,1400,106000,107
300,20180129,1401,106000,133
301,20180129,1402,105500,553
302,20180129,1403,105500,619
303,20180129,1404,106000,509
304,20180129,1405,105500,101
305,20180129,1406,106000,14
306,20180129,1407,105500,56
307,20180129,1408,106000,110
308,20180129,1409,106000,16
309,20180129,1410,105500,1904
310,20180129,1411,106000,1848
311,20180129,1412,106000,314
312,20180129,1413,106500,24
313,20180129,1414,106500,59
314,20180129,1415,106000,105
315,20180129,1416,106000,587
316,20180129,1417,106000,904
317,20180129,1418,106000,54
318,20180129,1419,106000,323
319,20180129,1420,106000,15
320,20180129,1421,106000,250
321,20180129,1422,106000,10
322,20180129,1423,106000,129
323,20180129,1424,106000,56
324,20180129,1425,106500,22
325,20180129,1426,106000,152
326,20180129,1427,106000,137
327,20180129,1428,106000,117
328,20180129,1429,106000,53
329,20180129,1430,106000,50
330,20180129,1431,106000,158
331,20180129,1432,106000,525
332,20180129,1433,106000,83
333,20180129,1434,106500,102
334,20180129,1435,106000,107
335,20180129,1436,106000,152
336,20180129,1437,106500,90
337,20180129,1438,106000,200
338,20180129,1439,106000,62
339,20180129,1440,106000,1057
340,20180129,1441,106000,113
341,20180129,1442,106000,32
342,20180129,1443,106500,1018
343,20180129,1444,107000,114
344,20180129,1445,106500,254
345,20180129,1446,106500,79
346,20180129,1447,106000,117
347,20180129,1448,106000,74
348,20180129,1449,106000,76
349,20180129,1450,106000,57
350,20180129,1451,106000,183
351,20180129,1452,106500,311
352,20180129,1453,106500,167
353,20180129,1454,106000,423
354,20180129,1455,106500,63
355,20180129,1456,106000,112
356,20180129,1457,106000,1451
357,20180129,1458,106000,612
358,20180129,1459,106000,396
359,20180129,1500,106000,161
360,20180129,1501,106000,168
361,20180129,1502,106000,66
362,20180129,1503,106000,494
363,20180129,1504,106500,215
364,20180129,1505,106500,174
365,20180129,1506,106000,286
366,20180129,1507,106500,241
367,20180129,1508,106500,74
368,20180129,1509,106000,891
369,20180129,1510,106000,394
370,20180129,1511,106000,35
371,20180129,1512,106000,74
372,20180129,1513,106000,104
373,20180129,1514,105500,104
374,20180129,1515,106000,91
375,20180129,1516,106000,305
376,20180129,1517,105500,195
377,20180129,1518,105500,140
378,20180129,1519,106000,376
379,20180129,1520,105500,1114
380,20180129,1530,105500,10406
381,20180130,901,107500,8964
382,20180130,902,108500,3244
383,20180130,903,108000,3524
384,20180130,904,108500,4706
385,20180130,905,107500,2201
386,20180130,906,108000,2723
387,20180130,907,109000,5789
388,20180130,908,110000,6744
389,20180130,909,110000,6610
390,20180130,910,110000,3454
391,20180130,911,110500,1395
392,20180130,912,110500,5928
393,20180130,913,110500,5510
394,20180130,914,110500,3631
395,20180130,915,110000,1968
396,20180130,916,110000,3252
397,20180130,917,109500,3324
398,20180130,918,109500,949
399,20180130,919,109500,4996
400,20180130,920,110000,2152
401,20180130,921,110000,1813
402,20180130,922,110000,1224
403,20180130,923,109500,849
404,20180130,924,110000,5982
405,20180130,925,110000,963
406,20180130,926,109500,1488
407,20180130,927,109000,268
408,20180130,928,109500,669
409,20180130,929,109500,609
410,20180130,930,110000,641
411,20180130,931,110000,204
412,20180130,932,110000,274
413,20180130,933,109500,145
414,20180130,934,109500,565
415,20180130,935,109000,2924
416,20180130,936,109000,393
417,20180130,937,109000,4517
418,20180130,938,108500,1573
419,20180130,939,108500,586
420,20180130,940,108000,3518
421,20180130,941,107500,812
422,20180130,942,108000,650
423,20180130,943,108500,424
424,20180130,944,108500,262
425,20180130,945,108000,641
426,20180130,946,108500,335
427,20180130,947,108500,1589
428,20180130,948,108500,69
429,20180130,949,108000,247
430,20180130,950,108500,26
431,20180130,951,108500,333
432,20180130,952,108500,115
433,20180130,953,108000,241
434,20180130,954,108500,344
435,20180130,955,108500,444
436,20180130,956,108000,148
437,20180130,957,108000,90
438,20180130,958,108500,200
439,20180130,959,108500,779
440,20180130,1000,108500,350
441,20180130,1001,109000,309
442,20180130,1002,108000,56
443,20180130,1003,109000,55
444,20180130,1004,108500,94
445,20180130,1005,108500,339
446,20180130,1006,108500,400
447,20180130,1007,108500,40
448,20180130,1008,108500,147
449,20180130,1009,108500,36
450,20180130,1010,108500,80
451,20180130,1011,108000,127
452,20180130,1012,108000,170
453,20180130,1013,108500,616
454,20180130,1014,108500,87
455,20180130,1015,108500,134
456,20180130,1016,108500,127
457,20180130,1017,108500,296
458,20180130,1018,108500,35
459,20180130,1019,108500,77
460,20180130,1020,109000,68
461,20180130,1021,109000,218
462,20180130,1022,108500,55
463,20180130,1023,108500,124
464,20180130,1024,109000,35
465,20180130,1025,109000,2421
466,20180130,1026,109000,38
467,20180130,1027,109000,140
468,20180130,1028,109000,75
469,20180130,1029,109000,93
470,20180130,1030,109000,211
471,20180130,1031,109000,51
472,20180130,1032,108500,80
473,20180130,1033,109000,139
474,20180130,1034,108500,3177
475,20180130,1035,108500,394
476,20180130,1036,108500,48
477,20180130,1037,108000,153
478,20180130,1038,108000,139
479,20180130,1039,108500,4870
480,20180130,1040,107500,643
481,20180130,1041,108000,282
482,20180130,1042,107500,17
483,20180130,1043,107500,32
484,20180130,1044,108000,165
485,20180130,1045,107500,61
486,20180130,1046,108000,129
487,20180130,1047,107500,3060
488,20180130,1048,107500,34
489,20180130,1049,108000,447
490,20180130,1050,107500,84
491,20180130,1051,107000,978
492,20180130,1052,107500,90
493,20180130,1053,107000,48
494,20180130,1054,107500,4246
495,20180130,1055,107500,20
496,20180130,1056,107500,71
497,20180130,1057,107000,207
498,20180130,1058,107500,275
499,20180130,1059,108000,88
500,20180130,1100,108000,73
501,20180130,1101,108000,249
502,20180130,1102,108000,2678
503,20180130,1103,108500,695
504,20180130,1104,108500,2337
505,20180130,1105,108500,432
506,20180130,1106,109000,325
507,20180130,1107,109000,433
508,20180130,1108,109000,395
509,20180130,1109,109000,352
510,20180130,1110,109000,4623
511,20180130,1111,109500,275
512,20180130,1112,109500,565
513,20180130,1113,109500,346
514,20180130,1114,109000,18
515,20180130,1115,109000,249
516,20180130,1116,109500,314
517,20180130,1117,109500,541
518,20180130,1118,109500,83
519,20180130,1119,109500,326
520,20180130,1120,109500,656
521,20180130,1121,109500,591
522,20180130,1122,109500,390
523,20180130,1123,109500,1206
524,20180130,1124,109500,709
525,20180130,1125,109500,841
526,20180130,1126,109000,312
527,20180130,1127,109500,429
528,20180130,1128,109500,316
529,20180130,1129,109500,469
530,20180130,1130,109000,3
531,20180130,1131,109500,71
532,20180130,1132,109500,72
533,20180130,1133,109000,501
534,20180130,1134,109500,425
535,20180130,1135,109000,572
536,20180130,1136,108500,70
537,20180130,1137,108500,3
538,20180130,1138,109000,247
539,20180130,1139,108500,486
540,20180130,1140,109000,186
541,20180130,1141,108500,14
542,20180130,1142,109000,116
543,20180130,1143,109000,154
544,20180130,1144,108500,73
545,20180130,1145,108500,112
546,20180130,1146,109000,58
547,20180130,1147,109000,78
548,20180130,1148,109000,84
549,20180130,1149,109000,92
550,20180130,1150,109000,28
551,20180130,1151,108500,214
552,20180130,1152,109000,361
553,20180130,1153,109000,38
554,20180130,1154,109000,227
555,20180130,1155,109000,71
556,20180130,1156,109000,138
557,20180130,1157,109000,106
558,20180130,1158,109500,32
559,20180130,1159,109500,55
560,20180130,1200,109000,47
561,20180130,1201,109000,347
562,20180130,1202,109000,34
563,20180130,1203,109000,38
564,20180130,1204,109000,13
565,20180130,1205,109000,84
566,20180130,1206,109000,7
567,20180130,1207,109000,81
568,20180130,1208,109000,112
569,20180130,1209,109000,81
570,20180130,1210,109000,38
571,20180130,1211,109000,143
572,20180130,1212,109500,74
573,20180130,1213,109500,91
574,20180130,1214,109500,176
575,20180130,1215,109000,42
576,20180130,1216,109000,275
577,20180130,1217,109000,52
578,20180130,1218,109000,126
579,20180130,1219,109000,1
580,20180130,1220,109000,277
581,20180130,1221,109000,86
582,20180130,1222,109000,38
583,20180130,1223,108500,359
584,20180130,1224,108500,28
585,20180130,1225,109000,140
586,20180130,1226,109000,80
587,20180130,1227,109000,115
588,20180130,1228,109000,192
589,20180130,1229,109000,159
590,20180130,1230,109000,195
591,20180130,1231,109000,175
592,20180130,1232,108500,72
593,20180130,1233,109000,248
594,20180130,1234,108500,1782
595,20180130,1235,108000,187
596,20180130,1236,108500,136
597,20180130,1237,108500,579
598,20180130,1238,108000,70
599,20180130,1239,108500,34
600,20180130,1240,108500,198
601,20180130,1241,108500,65
602,20180130,1242,108500,8
603,20180130,1243,108500,175
604,20180130,1244,108500,126
605,20180130,1245,108500,99
606,20180130,1246,108500,78
607,20180130,1247,108500,5
608,20180130,1248,108000,270
609,20180130,1249,108000,1798
610,20180130,1250,108000,120
611,20180130,1251,107500,84
612,20180130,1252,108000,20
613,20180130,1253,107500,26
614,20180130,1254,108000,110
615,20180130,1255,108000,26
616,20180130,1256,108000,98
617,20180130,1257,107500,732
618,20180130,1258,108000,117
619,20180130,1259,107500,47
620,20180130,1300,107500,71
621,20180130,1301,107500,121
622,20180130,1302,107500,39
623,20180130,1303,108000,26
624,20180130,1304,107500,340
625,20180130,1305,108000,80
626,20180130,1306,107500,3119
627,20180130,1307,107000,593
628,20180130,1308,107000,294
629,20180130,1309,107500,21
630,20180130,1310,107500,503
631,20180130,1311,107500,619
632,20180130,1312,107500,22
633,20180130,1313,107500,261
634,20180130,1314,107500,101
635,20180130,1315,107500,97
636,20180130,1316,107500,134
637,20180130,1317,107500,957
638,20180130,1318,107000,3365
639,20180130,1319,107000,67
640,20180130,1320,107000,626
641,20180130,1321,107000,100
642,20180130,1322,107000,13
643,20180130,1323,106500,5
644,20180130,1324,107000,247
645,20180130,1325,106500,84
646,20180130,1326,107000,351
647,20180130,1327,107000,1099
648,20180130,1328,107500,5
649,20180130,1329,107500,101
650,20180130,1330,107500,13
651,20180130,1331,107500,10
652,20180130,1332,107500,66
653,20180130,1333,107500,97
654,20180130,1334,107000,32
655,20180130,1335,107500,107
656,20180130,1336,107500,35
657,20180130,1337,107500,44
658,20180130,1338,107500,45
659,20180130,1339,107500,83
660,20180130,1340,107000,17
661,20180130,1341,107000,12
662,20180130,1342,107500,126
663,20180130,1343,107500,285
664,20180130,1344,107000,234
665,20180130,1345,107500,146
666,20180130,1346,107500,173
667,20180130,1347,107500,59
668,20180130,1348,107000,51
669,20180130,1349,107000,21
670,20180130,1350,107000,500
671,20180130,1351,107500,34
672,20180130,1352,107500,143
673,20180130,1353,107000,39
674,20180130,1354,107500,67
675,20180130,1355,107000,888
676,20180130,1356,107000,141
677,20180130,1357,107000,32
678,20180130,1358,107000,27
679,20180130,1359,107000,42
680,20180130,1400,107500,134
681,20180130,1401,107500,11
682,20180130,1402,107500,137
683,20180130,1403,107500,12
684,20180130,1404,107000,376
685,20180130,1405,107500,189
686,20180130,1406,107000,87
687,20180130,1407,107000,291
688,20180130,1408,107000,132
689,20180130,1409,107000,176
690,20180130,1410,107000,35
691,20180130,1411,107000,19
692,20180130,1412,107000,250
693,20180130,1413,107000,40
694,20180130,1414,107000,149
695,20180130,1415,107500,57
696,20180130,1416,107500,331
697,20180130,1417,107500,48
698,20180130,1418,107000,92
699,20180130,1419,107000,26
700,20180130,1420,107500,31
701,20180130,1421,107000,719
702,20180130,1422,107000,25
703,20180130,1423,107000,289
704,20180130,1424,107000,2037
705,20180130,1425,107000,503
706,20180130,1426,107000,41
707,20180130,1427,107000,520
708,20180130,1428,107000,85
709,20180130,1429,107000,184
710,20180130,1430,106500,105
711,20180130,1431,107000,147
712,20180130,1432,106500,79
713,20180130,1433,107000,168
714,20180130,1434,107000,136
715,20180130,1435,106500,341
716,20180130,1436,107000,234
717,20180130,1437,107000,758
718,20180130,1438,107000,295
719,20180130,1439,107500,152
720,20180130,1440,107500,139
721,20180130,1441,107500,82
722,20180130,1442,107500,80
723,20180130,1443,107500,139
724,20180130,1444,107000,114
725,20180130,1445,107000,204
726,20180130,1446,107500,107
727,20180130,1447,107500,181
728,20180130,1448,107000,85
729,20180130,1449,107500,90
730,20180130,1450,107500,175
731,20180130,1451,107000,123
732,20180130,1452,107000,91
733,20180130,1453,107500,168
734,20180130,1454,107000,135
735,20180130,1455,107500,161
736,20180130,1456,107500,1491
737,20180130,1457,108000,96
738,20180130,1458,108000,194
739,20180130,1459,108000,86
740,20180130,1500,108000,301
741,20180130,1501,107500,122
742,20180130,1502,108000,139
743,20180130,1503,108000,4
744,20180130,1504,107500,12
745,20180130,1505,108000,20
746,20180130,1506,107500,37
747,20180130,1507,107500,99
748,20180130,1508,108000,19
749,20180130,1509,107500,153
750,20180130,1510,108000,75
751,20180130,1511,107500,580
752,20180130,1512,107500,117
753,20180130,1513,108000,89
754,20180130,1514,107500,516
755,20180130,1515,107500,489
756,20180130,1516,107500,473
757,20180130,1517,107500,79
758,20180130,1518,107000,29
759,20180130,1519,107500,293
760,20180130,1520,107000,200
761,20180130,1530,107000,7083
0,20180131,901,106000,1461
1,20180131,902,106000,290
2,20180131,903,105500,1115
3,20180131,904,105500,347
4,20180131,905,106000,559
5,20180131,906,106000,261
6,20180131,907,106000,761
7,20180131,908,106000,982
8,20180131,909,106000,147
9,20180131,910,106000,216
10,20180131,911,106500,4
11,20180131,912,106500,45
12,20180131,913,106500,920
13,20180131,914,107000,67
14,20180131,915,107000,47
15,20180131,916,107000,734
16,20180131,917,106500,223
17,20180131,918,106500,223
18,20180131,919,106000,37
19,20180131,920,106500,4
20,20180131,921,106000,2006
21,20180131,922,105500,1021
22,20180131,923,105000,2116
23,20180131,924,104500,629
24,20180131,925,105000,556
25,20180131,926,104500,2028
26,20180131,927,104000,734
27,20180131,928,104500,553
28,20180131,929,104500,104
29,20180131,930,105000,241
30,20180131,931,105000,18
31,20180131,932,105000,94
32,20180131,933,105000,323
33,20180131,934,105000,44
34,20180131,935,105000,6427
35,20180131,936,104500,261
36,20180131,937,104500,221
37,20180131,938,104500,241
38,20180131,939,105000,1423
39,20180131,940,104000,258
40,20180131,941,104500,64
41,20180131,942,104500,455
42,20180131,943,104500,161
43,20180131,944,104000,335
44,20180131,945,104000,68
45,20180131,946,104500,891
46,20180131,947,104000,144
47,20180131,948,104000,43
48,20180131,949,104500,482
49,20180131,950,104500,19
50,20180131,951,104500,476
51,20180131,952,104500,71
52,20180131,953,104000,274
53,20180131,954,104000,60
54,20180131,955,104500,183
55,20180131,956,104500,45
56,20180131,957,104500,3644
57,20180131,958,104000,197
58,20180131,959,103500,24
59,20180131,1000,103500,5079
60,20180131,1001,103500,1912
61,20180131,1002,103000,2826
62,20180131,1003,103000,835
63,20180131,1004,102500,2092
64,20180131,1005,102500,4534
65,20180131,1006,102000,8062
66,20180131,1007,101000,3907
67,20180131,1008,101500,5230
68,20180131,1009,101000,611
69,20180131,1010,102000,162
70,20180131,1011,102000,444
71,20180131,1012,102000,1538
72,20180131,1013,102000,617
73,20180131,1014,102000,399
74,20180131,1015,102500,95
75,20180131,1016,102500,34
76,20180131,1017,102000,411
77,20180131,1018,102000,399
78,20180131,1019,102500,1837
79,20180131,1020,102500,6
80,20180131,1021,102500,321
81,20180131,1022,102500,1254
82,20180131,1023,103000,88
83,20180131,1024,103000,19
84,20180131,1025,102500,131
85,20180131,1026,102500,66
86,20180131,1027,103000,209
87,20180131,1028,103000,119
88,20180131,1029,102500,67
89,20180131,1030,103000,117
90,20180131,1031,103000,144
91,20180131,1032,103000,83
92,20180131,1033,103000,118
93,20180131,1034,102500,6
94,20180131,1035,103000,3210
95,20180131,1036,103000,676
96,20180131,1037,102500,1094
97,20180131,1038,103000,224
98,20180131,1039,103500,62
99,20180131,1040,103500,814
100,20180131,1041,104000,452
101,20180131,1042,103500,135
102,20180131,1043,103500,512
103,20180131,1044,103500,39
104,20180131,1045,104000,188
105,20180131,1046,104000,47
106,20180131,1047,103500,1419
107,20180131,1048,104500,51
108,20180131,1049,104500,433
109,20180131,1050,104000,123
110,20180131,1051,104500,170
111,20180131,1052,103500,193
112,20180131,1053,103500,115
113,20180131,1054,104000,21
114,20180131,1055,104000,232
115,20180131,1056,104000,182
116,20180131,1057,104000,188
117,20180131,1058,103500,35
118,20180131,1059,104000,16
119,20180131,1100,103500,63
120,20180131,1101,103500,11
121,20180131,1102,104000,44
122,20180131,1103,104000,59
123,20180131,1104,104000,26
124,20180131,1105,104000,171
125,20180131,1106,104000,41
126,20180131,1107,104000,278
127,20180131,1108,104000,109
128,20180131,1109,103500,292
129,20180131,1110,104500,183
130,20180131,1111,104500,946
131,20180131,1112,104000,127
132,20180131,1113,103500,99
133,20180131,1114,104000,10
134,20180131,1115,103500,180
135,20180131,1116,104000,9
136,20180131,1117,104000,528
137,20180131,1118,104000,44
138,20180131,1119,104000,9
139,20180131,1120,103500,252
140,20180131,1121,104000,35
141,20180131,1122,104000,307
142,20180131,1123,104000,143
143,20180131,1124,104000,97
144,20180131,1125,103500,50
145,20180131,1126,103500,88
146,20180131,1127,104000,54
147,20180131,1128,104000,831
148,20180131,1129,104500,42
149,20180131,1130,104000,1035
150,20180131,1131,104000,48
151,20180131,1132,104500,104
152,20180131,1133,104500,56
153,20180131,1134,104500,53
154,20180131,1135,104500,23
155,20180131,1136,104500,15
156,20180131,1137,104500,87
157,20180131,1138,104500,85
158,20180131,1139,104500,41
159,20180131,1140,104500,118
160,20180131,1141,104500,33
161,20180131,1142,104000,32
162,20180131,1143,104500,18
163,20180131,1144,104500,46
164,20180131,1145,104000,93
165,20180131,1146,104000,53
166,20180131,1147,104500,60
167,20180131,1148,104500,64
168,20180131,1149,104000,100
169,20180131,1150,104500,25
170,20180131,1151,104500,21
171,20180131,1152,104500,67
172,20180131,1153,104000,334
173,20180131,1154,104500,124
174,20180131,1155,104500,325
175,20180131,1156,104500,131
176,20180131,1157,104500,38
177,20180131,1158,104000,19
178,20180131,1159,104500,253
179,20180131,1200,104500,69
180,20180131,1201,104500,389
181,20180131,1202,104000,2
182,20180131,1203,104000,235
183,20180131,1204,104000,40
184,20180131,1205,104000,6
185,20180131,1206,104000,23
186,20180131,1207,104000,457
187,20180131,1208,104000,164
188,20180131,1209,104000,1
189,20180131,1210,104000,22
190,20180131,1211,104000,31
191,20180131,1212,104000,238
192,20180131,1213,104000,256
193,20180131,1214,104000,109
194,20180131,1215,104000,77
195,20180131,1216,104000,151
196,20180131,1217,104000,62
197,20180131,1218,104000,34
198,20180131,1219,104000,62
199,20180131,1220,104000,43
200,20180131,1221,104500,244
201,20180131,1222,104500,251
202,20180131,1223,104500,76
203,20180131,1224,104500,748
204,20180131,1225,104500,181
205,20180131,1226,104500,60
206,20180131,1227,105000,307
207,20180131,1228,105000,105
208,20180131,1229,105000,5
209,20180131,1230,104500,51
210,20180131,1231,104500,10
211,20180131,1232,104500,20
212,20180131,1233,104500,30
213,20180131,1234,105000,35
214,20180131,1235,105000,86
215,20180131,1236,105000,106
216,20180131,1237,104500,50
217,20180131,1239,104500,20
218,20180131,1240,104500,7
219,20180131,1241,104500,50
220,20180131,1242,105000,2
221,20180131,1243,105000,65
222,20180131,1244,104500,38
223,20180131,1245,104500,56
224,20180131,1246,104500,94
225,20180131,1247,105000,5
226,20180131,1248,104500,56
227,20180131,1249,104500,315
228,20180131,1250,104500,32
229,20180131,1251,104500,83
230,20180131,1252,105000,54
231,20180131,1253,104500,121
232,20180131,1254,105000,52
233,20180131,1255,104500,27
234,20180131,1256,104500,75
235,20180131,1257,104500,132
236,20180131,1258,104500,2
237,20180131,1259,104500,31
238,20180131,1300,104500,34
239,20180131,1301,104500,87
240,20180131,1302,105000,26
241,20180131,1303,105000,51
242,20180131,1304,104500,6
243,20180131,1305,104500,641
244,20180131,1306,104500,2
245,20180131,1307,104500,88
246,20180131,1308,105000,13
247,20180131,1310,104500,88
248,20180131,1311,105000,42
249,20180131,1312,105000,27
250,20180131,1313,104500,38
251,20180131,1314,104500,20
252,20180131,1315,104500,33
253,20180131,1316,104500,108
254,20180131,1317,104500,3
255,20180131,1318,104500,80
256,20180131,1319,104500,4
257,20180131,1320,105000,20
258,20180131,1321,104500,27
259,20180131,1322,104500,182
260,20180131,1323,104500,67
261,20180131,1324,104500,35
262,20180131,1325,105000,67
263,20180131,1326,104500,32
264,20180131,1327,105000,34
265,20180131,1328,104500,230
266,20180131,1329,104500,49
267,20180131,1330,104500,149
268,20180131,1331,105000,22
269,20180131,1332,104500,96
270,20180131,1333,105000,55
271,20180131,1334,105000,40
272,20180131,1335,105000,16
273,20180131,1336,105000,37
274,20180131,1337,105000,69
275,20180131,1338,104500,133
276,20180131,1339,105000,20
277,20180131,1340,105000,396
278,20180131,1341,104500,56
279,20180131,1342,105000,18
280,20180131,1343,104500,38
281,20180131,1344,105000,17
282,20180131,1345,104500,103
283,20180131,1346,104500,72
284,20180131,1347,105000,141
285,20180131,1348,104500,127
286,20180131,1349,105000,347
287,20180131,1350,105000,22
288,20180131,1351,104500,1040
289,20180131,1352,104500,3506
290,20180131,1353,104500,43
291,20180131,1354,104000,46
292,20180131,1355,104500,11
293,20180131,1356,104000,75
294,20180131,1357,104000,21
295,20180131,1358,104000,36
296,20180131,1359,104000,42
297,20180131,1400,104000,92
298,20180131,1401,104000,38
299,20180131,1402,104500,83
300,20180131,1403,104000,59
301,20180131,1404,104500,31
302,20180131,1405,104000,117
303,20180131,1406,104500,62
304,20180131,1407,104000,79
305,20180131,1408,104500,121
306,20180131,1409,104000,51
307,20180131,1410,104500,46
308,20180131,1411,104500,219
309,20180131,1412,104000,29
310,20180131,1413,104500,119
311,20180131,1414,104000,97
312,20180131,1415,104500,77
313,20180131,1416,104000,511
314,20180131,1417,104500,45
315,20180131,1418,104000,70
316,20180131,1419,104000,35
317,20180131,1420,104000,77
318,20180131,1421,104000,137
319,20180131,1422,104500,99
320,20180131,1423,104000,37
321,20180131,1424,104500,262
322,20180131,1425,104500,17
323,20180131,1426,104500,52
324,20180131,1427,104000,135
325,20180131,1428,104500,85
326,20180131,1429,104500,42
327,20180131,1430,104000,298
328,20180131,1431,104000,416
329,20180131,1432,104000,59
330,20180131,1433,104000,109
331,20180131,1434,104000,12
332,20180131,1435,104500,202
333,20180131,1436,104500,11
334,20180131,1437,104000,54
335,20180131,1438,104000,75
336,20180131,1439,104000,141
337,20180131,1440,104000,40
338,20180131,1441,104000,73
339,20180131,1442,104000,260
340,20180131,1443,104000,17
341,20180131,1444,104000,62
342,20180131,1445,104000,789
343,20180131,1446,104000,222
344,20180131,1447,104500,39
345,20180131,1448,104500,190
346,20180131,1449,104000,32
347,20180131,1450,104000,74
348,20180131,1451,104500,80
349,20180131,1452,104000,112
350,20180131,1453,104000,140
351,20180131,1454,104500,59
352,20180131,1455,104000,63
353,20180131,1456,104000,80
354,20180131,1457,104000,76
355,20180131,1458,104000,26
356,20180131,1459,104500,99
357,20180131,1500,104000,57
358,20180131,1501,104500,240
359,20180131,1502,104000,1137
360,20180131,1503,104000,125
361,20180131,1504,104000,144
362,20180131,1505,104000,73
363,20180131,1506,104500,801
364,20180131,1507,104500,71
365,20180131,1508,104000,190
366,20180131,1509,104500,233
367,20180131,1510,104000,2921
368,20180131,1511,104500,204
369,20180131,1512,105000,420
370,20180131,1513,105000,349
371,20180131,1514,105000,556
372,20180131,1515,104500,1500
373,20180131,1516,104500,565
374,20180131,1517,105000,328
375,20180131,1518,104500,297
376,20180131,1519,105000,515
377,20180131,1520,104500,463
378,20180131,1530,105000,12234
379,20180201,901,104000,807
380,20180201,902,104000,71
381,20180201,903,105000,13
382,20180201,904,104500,99
383,20180201,905,105000,915
384,20180201,906,104500,162
385,20180201,907,104500,421
386,20180201,908,104500,26
387,20180201,909,104500,88
388,20180201,910,104500,115
389,20180201,911,104500,192
390,20180201,912,104500,21
391,20180201,913,105000,13
392,20180201,914,105000,108
393,20180201,915,104500,114
394,20180201,916,104500,140
395,20180201,917,104500,30
396,20180201,918,104000,29
397,20180201,919,104500,348
398,20180201,920,104000,3474
399,20180201,921,103500,155
400,20180201,922,103500,211
401,20180201,923,103500,118
402,20180201,924,103500,71
403,20180201,925,103500,26
404,20180201,926,103500,52
405,20180201,927,103500,181
406,20180201,928,103500,28
407,20180201,929,103500,347
408,20180201,930,103000,152
409,20180201,931,103500,251
410,20180201,932,103000,347
411,20180201,933,103500,56
412,20180201,934,103500,370
413,20180201,935,103500,153
414,20180201,936,103500,765
415,20180201,937,104000,40
416,20180201,938,103500,638
417,20180201,939,104000,221
418,20180201,940,104000,90
419,20180201,941,104000,354
420,20180201,942,103500,187
421,20180201,943,104000,34
422,20180201,944,104000,440
423,20180201,945,103500,68
424,20180201,946,103500,82
425,20180201,947,103500,70
426,20180201,948,103500,173
427,20180201,949,103500,31
428,20180201,950,103000,881
429,20180201,951,103500,11050
430,20180201,952,103000,196
431,20180201,953,103000,1494
432,20180201,954,102500,578
433,20180201,955,102500,413
434,20180201,956,102000,2103
435,20180201,957,102500,180
436,20180201,958,102000,687
437,20180201,959,102500,233
438,20180201,1000,102000,3593
439,20180201,1001,102000,351
440,20180201,1002,102000,981
441,20180201,1003,101500,65
442,20180201,1004,102000,1003
443,20180201,1005,102500,116
444,20180201,1006,102000,72
445,20180201,1007,102500,503
446,20180201,1008,102000,572
447,20180201,1009,102000,151
448,20180201,1010,102000,273
449,20180201,1011,102500,245
450,20180201,1012,102500,160
451,20180201,1013,102500,398
452,20180201,1014,102000,422
453,20180201,1015,102500,208
454,20180201,1016,102000,51
455,20180201,1017,102500,101
456,20180201,1018,102500,93
457,20180201,1019,102500,356
458,20180201,1020,102000,146
459,20180201,1021,102500,216
460,20180201,1022,102500,33
461,20180201,1023,102500,194
462,20180201,1024,102000,87
463,20180201,1025,102500,313
464,20180201,1026,102000,51
465,20180201,1027,102000,213
466,20180201,1028,102500,86
467,20180201,1029,102000,24
468,20180201,1030,102500,50
469,20180201,1031,102000,2584
470,20180201,1032,103000,195
471,20180201,1033,103500,103
472,20180201,1034,103500,30
473,20180201,1035,103500,39
474,20180201,1036,103500,33
475,20180201,1037,103000,75
476,20180201,1038,103000,248
477,20180201,1039,103500,25
478,20180201,1040,103500,26
479,20180201,1041,103500,49
480,20180201,1042,103500,44
481,20180201,1043,103000,223
482,20180201,1044,103500,1031
483,20180201,1045,103000,588
484,20180201,1046,103000,406
485,20180201,1047,103500,23
486,20180201,1048,103500,60
487,20180201,1049,103500,218
488,20180201,1050,103000,234
489,20180201,1051,103000,114
490,20180201,1052,103000,68
491,20180201,1053,103500,19
492,20180201,1054,103500,23
493,20180201,1055,103000,163
494,20180201,1056,103500,90
495,20180201,1057,103000,24
496,20180201,1058,103000,27
497,20180201,1059,103000,242
498,20180201,1100,103500,415
499,20180201,1101,103500,668
500,20180201,1102,102500,44
501,20180201,1103,103000,158
502,20180201,1104,103000,453
503,20180201,1105,102500,30
504,20180201,1106,102500,270
505,20180201,1107,102500,13
506,20180201,1108,102500,77
507,20180201,1109,103000,24
508,20180201,1110,102500,64
509,20180201,1111,102500,289
510,20180201,1112,103000,38
511,20180201,1113,102500,61
512,20180201,1114,103000,207
513,20180201,1115,103000,27
514,20180201,1116,102500,134
515,20180201,1117,102500,284
516,20180201,1118,103000,8
517,20180201,1119,102500,1177
518,20180201,1120,102500,251
519,20180201,1121,102500,851
520,20180201,1122,102500,34
521,20180201,1123,102500,248
522,20180201,1124,103000,36
523,20180201,1125,102500,119
524,20180201,1126,102500,34
525,20180201,1127,102500,172
526,20180201,1128,102500,395
527,20180201,1129,103000,479
528,20180201,1130,102500,6
529,20180201,1131,103000,250
530,20180201,1132,102500,33
531,20180201,1133,102500,329
532,20180201,1134,102500,157
533,20180201,1135,102500,2050
534,20180201,1136,102000,118
535,20180201,1137,102000,128
536,20180201,1138,102000,162
537,20180201,1139,102500,62
538,20180201,1140,102000,2244
539,20180201,1141,102500,164
540,20180201,1142,102500,151
541,20180201,1143,102500,121
542,20180201,1144,102500,119
543,20180201,1145,102000,26
544,20180201,1146,102000,118
545,20180201,1147,102000,129
546,20180201,1148,102000,66
547,20180201,1149,102000,267
548,20180201,1150,102000,283
549,20180201,1151,102000,120
550,20180201,1152,102000,78
551,20180201,1153,102500,153
552,20180201,1154,102000,112
553,20180201,1155,102500,196
554,20180201,1156,102000,92
555,20180201,1157,102000,125
556,20180201,1158,102000,268
557,20180201,1159,102000,281
558,20180201,1200,102500,257
559,20180201,1201,102500,366
560,20180201,1202,102000,201
561,20180201,1203,102000,23
562,20180201,1204,102500,184
563,20180201,1205,102500,67
564,20180201,1206,102000,158
565,20180201,1207,102000,34
566,20180201,1208,102500,159
567,20180201,1209,102000,375
568,20180201,1210,102000,46
569,20180201,1211,102000,205
570,20180201,1212,102000,276
571,20180201,1213,102500,247
572,20180201,1214,102500,268
573,20180201,1215,102000,63
574,20180201,1216,102500,46
575,20180201,1217,102000,134
576,20180201,1218,102500,11
577,20180201,1219,102000,122
578,20180201,1220,102500,61
579,20180201,1221,102000,212
580,20180201,1222,102500,94
581,20180201,1223,102000,258
582,20180201,1224,102000,25
583,20180201,1225,102000,312
584,20180201,1226,102000,44
585,20180201,1227,102000,150
586,20180201,1228,102500,16
587,20180201,1229,102000,14
588,20180201,1230,102500,25
589,20180201,1231,102000,37
590,20180201,1232,102000,380
591,20180201,1233,102500,68
592,20180201,1234,102000,149
593,20180201,1235,102000,65
594,20180201,1236,102000,101
595,20180201,1237,102500,74
596,20180201,1238,102000,156
597,20180201,1239,102000,12
598,20180201,1240,102000,237
599,20180201,1241,102000,18
600,20180201,1242,102000,42
601,20180201,1243,102500,16
602,20180201,1244,102000,13
603,20180201,1245,102000,269
604,20180201,1246,102000,37
605,20180201,1247,102000,155
606,20180201,1248,102000,40
607,20180201,1249,102000,153
608,20180201,1250,102000,165
609,20180201,1251,102000,12
610,20180201,1252,102000,54
611,20180201,1253,102000,16
612,20180201,1254,102000,14
613,20180201,1255,102000,168
614,20180201,1256,102000,128
615,20180201,1257,102000,172
616,20180201,1258,102500,514
617,20180201,1259,102000,54
618,20180201,1300,102000,133
619,20180201,1301,102000,16
620,20180201,1302,102000,232
621,20180201,1303,102000,76
622,20180201,1304,102000,305
623,20180201,1305,102500,16
624,20180201,1306,102500,247
625,20180201,1307,102500,61
626,20180201,1308,102000,113
627,20180201,1309,102000,664
628,20180201,1310,102000,36
629,20180201,1311,102000,402
630,20180201,1312,102500,70
631,20180201,1313,102000,37
632,20180201,1314,102000,32
633,20180201,1315,102000,28
634,20180201,1316,102000,6
635,20180201,1317,102000,46
636,20180201,1318,102000,18
637,20180201,1319,102500,66
638,20180201,1320,102500,38
639,20180201,1321,102000,249
640,20180201,1322,102000,93
641,20180201,1323,102500,224
642,20180201,1324,102000,1624
643,20180201,1325,102000,264
644,20180201,1326,102000,16
645,20180201,1327,102500,115
646,20180201,1328,102000,245
647,20180201,1329,102500,21
648,20180201,1330,102500,304
649,20180201,1331,102000,64
650,20180201,1332,102000,136
651,20180201,1333,102000,18
652,20180201,1334,102000,432
653,20180201,1335,102000,40
654,20180201,1336,102000,31
655,20180201,1337,102000,13
656,20180201,1338,102000,136
657,20180201,1339,102000,16
658,20180201,1340,102500,141
659,20180201,1341,102000,62
660,20180201,1342,102500,38
661,20180201,1343,102000,143
662,20180201,1344,102500,36
663,20180201,1345,102000,59
664,20180201,1346,102500,98
665,20180201,1347,102500,230
666,20180201,1348,102000,62
667,20180201,1349,102500,166
668,20180201,1350,102000,288
669,20180201,1351,102500,348
670,20180201,1352,102000,323
671,20180201,1353,102000,523
672,20180201,1354,102500,3456
673,20180201,1355,102500,138
674,20180201,1356,102500,491
675,20180201,1357,103000,42
676,20180201,1358,103000,114
677,20180201,1359,103000,67
678,20180201,1400,102500,228
679,20180201,1401,102500,267
680,20180201,1402,102500,52
681,20180201,1403,102500,91
682,20180201,1404,102000,285
683,20180201,1405,102000,142
684,20180201,1406,102500,271
685,20180201,1407,102500,66
686,20180201,1408,102000,144
687,20180201,1409,102000,31
688,20180201,1410,102000,55
689,20180201,1411,102500,34
690,20180201,1412,102500,139
691,20180201,1413,102500,76
692,20180201,1414,102500,197
693,20180201,1415,102500,105
694,20180201,1416,102000,60
695,20180201,1417,102000,137
696,20180201,1418,102000,38
697,20180201,1419,102500,23
698,20180201,1420,102000,50
699,20180201,1421,102000,246
700,20180201,1422,102500,70
701,20180201,1423,102500,551
702,20180201,1424,102000,621
703,20180201,1425,102500,215
704,20180201,1426,102000,1055
705,20180201,1427,102000,60
706,20180201,1428,102000,244
707,20180201,1429,102000,31
708,20180201,1430,102500,40
709,20180201,1431,102000,44
710,20180201,1432,102500,340
711,20180201,1433,102000,140
712,20180201,1434,102000,132
713,20180201,1435,102000,134
714,20180201,1436,102500,143
715,20180201,1437,102500,255
716,20180201,1438,102000,36
717,20180201,1439,102500,153
718,20180201,1440,102000,26
719,20180201,1441,102500,3797
720,20180201,1442,102500,48
721,20180201,1443,103000,18
722,20180201,1444,103000,702
723,20180201,1445,102000,48
724,20180201,1446,102500,232
725,20180201,1447,102000,36
726,20180201,1448,102000,319
727,20180201,1449,102000,149
728,20180201,1450,102000,27
729,20180201,1451,102500,182
730,20180201,1452,102000,54
731,20180201,1453,102500,209
732,20180201,1454,102000,1705
733,20180201,1455,102000,57
734,20180201,1456,102000,150
735,20180201,1457,102000,214
736,20180201,1458,102000,23
737,20180201,1459,102000,67
738,20180201,1500,102500,311
739,20180201,1501,102000,38
740,20180201,1502,102000,411
741,20180201,1503,102500,115
742,20180201,1504,102000,38
743,20180201,1505,102500,111
744,20180201,1506,102000,181
745,20180201,1507,102500,639
746,20180201,1508,102000,111
747,20180201,1509,102500,26
748,20180201,1510,102500,1454
749,20180201,1511,102000,186
750,20180201,1512,102500,73
751,20180201,1513,102500,164
752,20180201,1514,102000,231
753,20180201,1515,102500,48
754,20180201,1516,102000,23
755,20180201,1517,102500,187
756,20180201,1518,102000,206
757,20180201,1519,102500,91
758,20180201,1520,102000,296
759,20180201,1530,102500,3312
760,20180202,901,102000,1618
761,20180202,902,102000,200
762,20180202,903,102000,664
763,20180202,904,102500,414
764,20180202,905,102000,432
765,20180202,906,102500,89
766,20180202,907,102000,24
767,20180202,908,102000,22
768,20180202,909,102000,176
769,20180202,910,102500,7
770,20180202,911,102500,706
771,20180202,912,102000,26
772,20180202,913,102000,1585
773,20180202,914,102000,6
774,20180202,916,101500,166
775,20180202,917,101500,1908
776,20180202,918,101500,133
777,20180202,919,101500,53
778,20180202,920,101500,667
779,20180202,921,101500,896
780,20180202,922,101500,545
781,20180202,923,101500,649
782,20180202,924,101500,16
783,20180202,925,102000,87
784,20180202,926,102000,3
785,20180202,927,102000,26
786,20180202,928,102000,1
787,20180202,929,101500,310
788,20180202,930,101500,70
789,20180202,931,101500,110
790,20180202,932,101500,7
791,20180202,933,101500,20
792,20180202,934,101500,24
793,20180202,935,101500,185
794,20180202,936,101500,618
795,20180202,937,102000,102
796,20180202,938,101500,258
797,20180202,939,101500,44
798,20180202,940,101500,104
799,20180202,941,102000,1416
800,20180202,942,102500,953
801,20180202,943,102500,274
802,20180202,944,102500,50
803,20180202,945,102000,97
804,20180202,946,102000,28
805,20180202,947,102500,178
806,20180202,948,102000,88
807,20180202,949,102000,963
808,20180202,950,101500,2
809,20180202,951,101500,113
810,20180202,952,101500,216
811,20180202,953,102000,45
812,20180202,954,101500,63
813,20180202,955,101500,556
814,20180202,956,102000,349
815,20180202,957,102000,86
816,20180202,958,102000,27
817,20180202,959,101500,1093
818,20180202,1000,101500,136
819,20180202,1001,101500,26
820,20180202,1002,101500,167
821,20180202,1003,101500,512
822,20180202,1004,102000,142
823,20180202,1005,101500,47
824,20180202,1006,101500,149
825,20180202,1007,101500,2859
826,20180202,1008,101000,1046
827,20180202,1009,102000,963
828,20180202,1010,101500,627
829,20180202,1011,101500,108
830,20180202,1012,102000,119
831,20180202,1013,102500,78
832,20180202,1014,102500,1132
833,20180202,1015,102500,146
834,20180202,1016,102500,177
835,20180202,1017,102500,454
836,20180202,1018,102500,71
837,20180202,1019,102500,28
838,20180202,1020,102500,32
839,20180202,1021,102000,185
840,20180202,1022,102000,8
841,20180202,1023,102500,60
842,20180202,1024,102500,166
843,20180202,1025,102500,49
844,20180202,1026,102500,254
845,20180202,1027,102500,401
846,20180202,1028,102500,59
847,20180202,1029,102000,118
848,20180202,1030,102500,1079
849,20180202,1031,103000,1678
850,20180202,1032,103000,399
851,20180202,1033,102500,208
852,20180202,1034,102500,141
853,20180202,1035,102500,113
854,20180202,1036,102500,115
855,20180202,1037,103000,169
856,20180202,1038,102500,115
857,20180202,1039,102500,55
858,20180202,1040,102500,189
859,20180202,1041,102500,94
860,20180202,1042,103000,1056
861,20180202,1043,103000,133
862,20180202,1044,103000,55
863,20180202,1045,103000,17
864,20180202,1046,102500,4330
865,20180202,1047,102500,85
866,20180202,1048,102000,251
867,20180202,1049,102000,200
868,20180202,1050,102500,59
869,20180202,1051,102000,65
870,20180202,1052,102500,27
871,20180202,1053,102000,77
872,20180202,1054,102000,55
873,20180202,1055,102000,76
874,20180202,1056,102500,76
875,20180202,1057,102500,107
876,20180202,1058,102000,175
877,20180202,1059,102500,77
878,20180202,1100,102500,64
879,20180202,1101,102000,105
880,20180202,1102,102500,65
881,20180202,1103,102500,98
882,20180202,1104,102500,52
883,20180202,1105,102500,46
884,20180202,1106,102000,112
885,20180202,1107,102500,180
886,20180202,1108,102500,104
887,20180202,1109,102500,150
888,20180202,1110,102500,19
889,20180202,1111,102000,183
890,20180202,1112,102500,86
891,20180202,1113,102500,68
892,20180202,1114,102000,61
893,20180202,1115,102000,102
894,20180202,1116,102000,116
895,20180202,1117,102500,66
896,20180202,1118,102500,90
897,20180202,1119,102500,104
898,20180202,1120,102000,27
899,20180202,1121,102000,106
900,20180202,1122,102000,91
901,20180202,1123,102500,42
902,20180202,1124,102500,84
903,20180202,1125,102000,85
904,20180202,1126,102000,58
905,20180202,1127,102000,73
906,20180202,1128,102500,125
907,20180202,1129,102500,59
908,20180202,1130,102000,49
909,20180202,1131,102500,59
910,20180202,1132,102500,89
911,20180202,1133,102500,49
912,20180202,1134,102500,86
913,20180202,1135,102500,172
914,20180202,1136,102000,41
915,20180202,1137,102500,169
916,20180202,1138,102000,708
917,20180202,1139,102500,321
918,20180202,1140,102500,110
919,20180202,1141,102000,57
920,20180202,1142,102000,118
921,20180202,1143,102500,121
922,20180202,1144,102000,196
923,20180202,1145,102500,84
924,20180202,1146,102000,62
925,20180202,1147,102000,38
926,20180202,1148,102500,102
927,20180202,1149,102000,27
928,20180202,1150,102500,76
929,20180202,1151,102000,88
930,20180202,1152,102000,26
931,20180202,1153,102000,168
932,20180202,1154,102000,118
933,20180202,1155,102500,28
934,20180202,1156,102000,77
935,20180202,1157,102000,40
936,20180202,1158,102500,79
937,20180202,1159,102500,56
938,20180202,1200,102500,552
939,20180202,1201,102500,110
940,20180202,1202,102500,130
941,20180202,1203,102000,88
942,20180202,1204,102000,296
943,20180202,1205,101500,117
944,20180202,1206,101500,64
945,20180202,1207,101500,71
946,20180202,1208,101500,64
947,20180202,1209,102000,47
948,20180202,1210,101500,41
949,20180202,1211,101500,87
950,20180202,1212,101500,37
951,20180202,1213,102000,70
952,20180202,1214,102000,37
953,20180202,1215,101500,46
954,20180202,1216,101500,155
955,20180202,1217,101500,61
956,20180202,1218,102000,51
957,20180202,1219,101500,52
958,20180202,1220,102000,77
959,20180202,1221,101500,134
960,20180202,1222,101500,53
961,20180202,1223,102000,78
962,20180202,1224,102000,60
963,20180202,1225,102000,79
964,20180202,1226,101500,69
965,20180202,1227,102000,79
966,20180202,1228,101500,47
967,20180202,1229,101500,182
968,20180202,1230,101500,217
969,20180202,1231,101500,45
970,20180202,1232,101500,45
971,20180202,1233,101500,72
972,20180202,1234,101500,121
973,20180202,1235,102000,24
974,20180202,1236,101500,135
975,20180202,1237,102000,65
976,20180202,1238,102000,211
977,20180202,1239,101500,72
978,20180202,1240,102000,83
979,20180202,1241,101500,96
980,20180202,1242,102000,12
981,20180202,1243,102000,132
982,20180202,1244,102000,66
983,20180202,1245,102000,21
984,20180202,1246,101500,115
985,20180202,1247,101500,57
986,20180202,1248,101500,64
987,20180202,1249,101500,76
988,20180202,1250,102000,95
989,20180202,1251,101500,31
990,20180202,1252,102000,130
991,20180202,1253,101500,97
992,20180202,1254,102000,42
993,20180202,1255,102000,78
994,20180202,1256,101500,125
995,20180202,1257,102000,65
996,20180202,1258,102000,98
997,20180202,1259,102000,243
998,20180202,1300,101500,74
999,20180202,1301,101500,33
1000,20180202,1302,102000,82
1001,20180202,1303,102000,71
1002,20180202,1304,102000,45
1003,20180202,1305,101500,14
1004,20180202,1306,101500,742
1005,20180202,1307,101500,14
1006,20180202,1308,102000,113
1007,20180202,1309,102000,119
1008,20180202,1310,102000,97
1009,20180202,1311,101500,83
1010,20180202,1312,102000,54
1011,20180202,1313,101500,351
1012,20180202,1314,101500,125
1013,20180202,1315,101500,91
1014,20180202,1316,101500,149
1015,20180202,1317,102000,50
1016,20180202,1318,102000,66
1017,20180202,1319,102000,102
1018,20180202,1320,102000,76
1019,20180202,1321,101500,51
1020,20180202,1322,102000,89
1021,20180202,1323,101500,391
1022,20180202,1324,102000,33
1023,20180202,1325,101500,72
1024,20180202,1326,101500,86
1025,20180202,1327,101500,80
1026,20180202,1328,101500,720
1027,20180202,1329,101500,111
1028,20180202,1330,101500,49
1029,20180202,1331,101500,82
1030,20180202,1332,102000,85
1031,20180202,1333,102000,521
1032,20180202,1334,102000,348
1033,20180202,1335,101500,71
1034,20180202,1336,101500,75
1035,20180202,1337,101500,106
1036,20180202,1338,102000,78
1037,20180202,1339,101500,75
1038,20180202,1340,101500,548
1039,20180202,1341,101000,452
1040,20180202,1342,101000,235
1041,20180202,1343,101500,96
1042,20180202,1344,101000,231
1043,20180202,1345,101000,272
1044,20180202,1346,101000,103
1045,20180202,1347,101500,43
1046,20180202,1348,101500,164
1047,20180202,1349,101000,73
1048,20180202,1350,101000,52
1049,20180202,1351,101000,98
1050,20180202,1352,101000,83
1051,20180202,1353,101500,51
1052,20180202,1354,101000,143
1053,20180202,1355,101000,440
1054,20180202,1356,101000,57
1055,20180202,1357,101000,102
1056,20180202,1358,101500,169
1057,20180202,1359,101500,359
1058,20180202,1400,101500,38
1059,20180202,1401,101000,127
1060,20180202,1402,101000,119
1061,20180202,1403,101000,82
1062,20180202,1404,101500,65
1063,20180202,1405,101000,837
1064,20180202,1406,101000,88
1065,20180202,1407,101000,66
1066,20180202,1408,101500,216
1067,20180202,1409,101000,59
1068,20180202,1410,101000,526
1069,20180202,1411,101000,115
1070,20180202,1412,101000,281
1071,20180202,1413,101000,43
1072,20180202,1414,101000,47
1073,20180202,1415,101000,471
1074,20180202,1416,101000,1061
1075,20180202,1417,101500,94
1076,20180202,1418,101500,629
1077,20180202,1419,101000,575
1078,20180202,1420,101500,46
1079,20180202,1421,101000,126
1080,20180202,1422,101000,733
1081,20180202,1423,101000,220
1082,20180202,1424,101000,700
1083,20180202,1425,101500,751
1084,20180202,1426,101000,48
1085,20180202,1427,101000,380
1086,20180202,1428,101000,137
1087,20180202,1429,101000,65
1088,20180202,1430,101000,110
1089,20180202,1431,101000,119
1090,20180202,1432,101000,54
1091,20180202,1433,101500,174
1092,20180202,1434,101000,111
1093,20180202,1435,101000,70
1094,20180202,1436,101000,160
1095,20180202,1437,101000,50
1096,20180202,1438,101000,184
1097,20180202,1439,101500,3855
1098,20180202,1440,102000,72
1099,20180202,1441,101500,98
1100,20180202,1442,101500,252
1101,20180202,1443,102000,112
1102,20180202,1444,101500,96
1103,20180202,1445,101500,32
1104,20180202,1446,101500,387
1105,20180202,1447,102000,62
1106,20180202,1448,101500,465
1107,20180202,1449,101500,49
1108,20180202,1450,102000,178
1109,20180202,1451,101500,2137
1110,20180202,1452,101000,17
1111,20180202,1453,101500,48
1112,20180202,1454,101000,1728
1113,20180202,1455,101500,578
1114,20180202,1456,101000,373
1115,20180202,1457,101500,119
1116,20180202,1458,101500,72
1117,20180202,1459,101000,50
1118,20180202,1500,101000,64
1119,20180202,1501,101000,1136
1120,20180202,1502,101500,50
1121,20180202,1503,101500,72
1122,20180202,1504,101500,141
1123,20180202,1505,101500,79
1124,20180202,1506,101500,252
1125,20180202,1507,101000,163
1126,20180202,1508,101000,73
1127,20180202,1509,101500,130
1128,20180202,1510,101500,219
1129,20180202,1511,101500,332
1130,20180202,1512,101500,36
1131,20180202,1513,101500,54
1132,20180202,1514,101000,115
1133,20180202,1515,101500,56
1134,20180202,1516,101500,219
1135,20180202,1517,101500,148
1136,20180202,1518,101000,91
1137,20180202,1519,101000,660
1138,20180202,1520,101000,159
1139,20180202,1530,102000,6218
0,20180205,901,100000,3726
1,20180205,902,100500,1697
2,20180205,903,100000,975
3,20180205,904,100500,895
4,20180205,905,100500,961
5,20180205,906,101000,464
6,20180205,907,101000,393
7,20180205,908,101000,26
8,20180205,909,101000,1325
9,20180205,910,101000,185
10,20180205,911,101500,57
11,20180205,912,101500,42
12,20180205,913,101500,885
13,20180205,914,101000,259
14,20180205,915,101000,660
15,20180205,916,101000,73
16,20180205,917,101500,309
17,20180205,918,101000,133
18,20180205,919,101000,665
19,20180205,920,100500,105
20,20180205,921,101000,3317
21,20180205,922,101500,254
22,20180205,923,102000,895
23,20180205,924,102000,90
24,20180205,925,102000,24
25,20180205,926,101500,420
26,20180205,927,101500,225
27,20180205,928,101500,453
28,20180205,929,101500,148
29,20180205,930,101500,117
30,20180205,931,101500,45
31,20180205,932,101000,42
32,20180205,933,101500,795
33,20180205,934,101000,21
34,20180205,935,101000,119
35,20180205,936,100500,220
36,20180205,937,100500,2074
37,20180205,938,100500,22
38,20180205,939,101000,60
39,20180205,940,100500,934
40,20180205,941,100500,4895
41,20180205,942,100000,326
42,20180205,943,100000,2551
43,20180205,944,100000,1454
44,20180205,945,100000,307
45,20180205,946,100000,2057
46,20180205,947,99700,2379
47,20180205,948,99500,965
48,20180205,949,99100,2405
49,20180205,950,98900,1703
50,20180205,951,98600,625
51,20180205,952,98900,173
52,20180205,953,98900,271
53,20180205,954,98800,1698
54,20180205,955,98800,116
55,20180205,956,98900,66
56,20180205,957,98900,112
57,20180205,958,99000,377
58,20180205,959,98900,232
59,20180205,1000,98800,758
60,20180205,1001,99100,411
61,20180205,1002,99200,111
62,20180205,1003,99500,112
63,20180205,1004,99700,181
64,20180205,1005,99500,76
65,20180205,1006,99500,225
66,20180205,1007,99500,188
67,20180205,1008,99500,613
68,20180205,1009,99400,556
69,20180205,1010,99400,61
70,20180205,1011,99400,1151
71,20180205,1012,99300,235
72,20180205,1013,99100,833
73,20180205,1014,99000,377
74,20180205,1015,99000,519
75,20180205,1016,99000,869
76,20180205,1017,99000,373
77,20180205,1018,99000,1004
78,20180205,1019,99300,810
79,20180205,1020,99400,375
80,20180205,1021,99300,922
81,20180205,1022,99200,321
82,20180205,1023,99000,186
83,20180205,1024,99000,46
84,20180205,1025,99000,22
85,20180205,1026,99000,180
86,20180205,1027,99100,3
87,20180205,1028,99100,191
88,20180205,1029,99300,191
89,20180205,1030,99400,93
90,20180205,1031,99400,202
91,20180205,1032,99500,19
92,20180205,1033,99400,144
93,20180205,1034,99300,17
94,20180205,1035,99300,86
95,20180205,1036,99400,25
96,20180205,1037,99500,1120
97,20180205,1038,99600,68
98,20180205,1039,99600,132
99,20180205,1040,99500,179
100,20180205,1041,99500,98
101,20180205,1042,99500,243
102,20180205,1043,99400,76
103,20180205,1044,99500,71
104,20180205,1045,99500,135
105,20180205,1046,99400,182
106,20180205,1047,99400,117
107,20180205,1048,99400,196
108,20180205,1049,99600,1
109,20180205,1050,99600,99
110,20180205,1051,99600,359
111,20180205,1052,99800,143
112,20180205,1053,99700,141
113,20180205,1054,99600,1110
114,20180205,1055,99400,67
115,20180205,1056,99400,28
116,20180205,1057,99300,147
117,20180205,1058,99400,78
118,20180205,1059,99400,91
119,20180205,1100,99400,276
120,20180205,1101,99400,369
121,20180205,1102,99400,20
122,20180205,1103,99300,58
123,20180205,1104,99400,401
124,20180205,1105,99300,112
125,20180205,1106,99400,88
126,20180205,1107,99400,18
127,20180205,1108,99300,72
128,20180205,1109,99400,247
129,20180205,1110,99300,75
130,20180205,1111,99300,107
131,20180205,1112,99400,12
132,20180205,1113,99400,129
133,20180205,1114,99300,34
134,20180205,1115,99400,174
135,20180205,1116,99300,528
136,20180205,1117,99300,98
137,20180205,1118,99300,90
138,20180205,1119,99200,14
139,20180205,1120,99300,65
140,20180205,1121,99300,1783
141,20180205,1122,99100,3645
142,20180205,1123,98800,126
143,20180205,1124,98900,134
144,20180205,1125,98900,60
145,20180205,1126,98800,604
146,20180205,1127,98800,274
147,20180205,1128,98800,62
148,20180205,1129,98700,59
149,20180205,1130,98700,88
150,20180205,1131,98700,128
151,20180205,1132,98800,521
152,20180205,1133,98700,169
153,20180205,1134,98700,529
154,20180205,1135,98700,56
155,20180205,1136,98700,242
156,20180205,1137,98800,336
157,20180205,1138,98700,107
158,20180205,1139,98700,173
159,20180205,1140,98600,78
160,20180205,1141,98600,72
161,20180205,1142,98600,100
162,20180205,1143,98600,80
163,20180205,1144,98700,61
164,20180205,1145,98600,121
165,20180205,1146,98700,32
166,20180205,1147,98600,161
167,20180205,1148,98700,60
168,20180205,1149,98700,78
169,20180205,1150,98700,62
170,20180205,1151,98600,1948
171,20180205,1152,98500,749
172,20180205,1153,98400,570
173,20180205,1154,98300,226
174,20180205,1155,98400,263
175,20180205,1156,98300,637
176,20180205,1157,98400,157
177,20180205,1158,98300,39
178,20180205,1159,98300,579
179,20180205,1200,98200,71
180,20180205,1201,98100,69
181,20180205,1202,98200,177
182,20180205,1203,98100,224
183,20180205,1204,98200,98
184,20180205,1205,98200,2229
185,20180205,1206,98000,1507
186,20180205,1207,98200,134
187,20180205,1208,98200,57
188,20180205,1209,98200,81
189,20180205,1210,98100,150
190,20180205,1211,98200,151
191,20180205,1212,98100,231
192,20180205,1213,98100,288
193,20180205,1214,98100,124
194,20180205,1215,98100,2966
195,20180205,1216,97900,1683
196,20180205,1217,97800,220
197,20180205,1218,97800,285
198,20180205,1219,97700,1205
199,20180205,1220,97500,323
200,20180205,1221,97600,1276
201,20180205,1222,98400,50
202,20180205,1223,97900,32
203,20180205,1224,97900,150
204,20180205,1225,97900,259
205,20180205,1226,97900,86
206,20180205,1227,97800,1118
207,20180205,1228,97700,290
208,20180205,1229,98000,152
209,20180205,1230,97900,365
210,20180205,1231,97700,210
211,20180205,1233,98000,21
212,20180205,1234,97900,39
213,20180205,1235,97900,68
214,20180205,1236,97800,143
215,20180205,1237,97800,193
216,20180205,1238,97900,100
217,20180205,1239,97900,280
218,20180205,1241,98000,325
219,20180205,1242,97900,16
220,20180205,1243,97900,103
221,20180205,1244,97900,421
222,20180205,1245,97900,548
223,20180205,1246,98000,151
224,20180205,1247,98000,100
225,20180205,1248,98000,357
226,20180205,1249,97900,26
227,20180205,1250,97900,153
228,20180205,1251,97800,92
229,20180205,1252,97800,186
230,20180205,1253,97800,581
231,20180205,1254,97800,8
232,20180205,1255,97800,79
233,20180205,1256,97700,43
234,20180205,1257,97700,117
235,20180205,1258,97700,442
236,20180205,1259,97600,198
237,20180205,1300,97700,51
238,20180205,1301,97600,104
239,20180205,1302,97700,399
240,20180205,1303,97600,656
241,20180205,1304,97600,275
242,20180205,1305,97600,2885
243,20180205,1306,97400,458
244,20180205,1307,97400,84
245,20180205,1308,97500,476
246,20180205,1309,97300,409
247,20180205,1310,97300,111
248,20180205,1311,97300,176
249,20180205,1312,97200,942
250,20180205,1313,97400,142
251,20180205,1314,97400,48
252,20180205,1315,97600,131
253,20180205,1316,97700,253
254,20180205,1317,97500,661
255,20180205,1318,97600,439
256,20180205,1319,97600,181
257,20180205,1320,97600,188
258,20180205,1321,97700,227
259,20180205,1322,97800,1009
260,20180205,1323,98200,221
261,20180205,1324,98400,397
262,20180205,1325,98100,71
263,20180205,1326,98100,33
264,20180205,1327,98000,153
265,20180205,1328,97900,354
266,20180205,1329,97900,52
267,20180205,1330,97900,6
268,20180205,1331,97800,90
269,20180205,1332,97800,87
270,20180205,1333,97900,95
271,20180205,1334,97800,326
272,20180205,1335,97900,707
273,20180205,1336,98000,104
274,20180205,1337,98000,28
275,20180205,1338,97900,410
276,20180205,1339,97900,1154
277,20180205,1340,98000,50
278,20180205,1341,98000,160
279,20180205,1342,98100,85
280,20180205,1343,98400,689
281,20180205,1344,98500,247
282,20180205,1345,98500,71
283,20180205,1346,98400,141
284,20180205,1347,98400,47
285,20180205,1348,98300,97
286,20180205,1349,98300,496
287,20180205,1350,98300,147
288,20180205,1351,98000,80
289,20180205,1352,98100,151
290,20180205,1353,98000,194
291,20180205,1354,98000,174
292,20180205,1355,97900,144
293,20180205,1356,97900,43
294,20180205,1357,97900,661
295,20180205,1358,97800,52
296,20180205,1359,97800,140
297,20180205,1400,97900,147
298,20180205,1401,97800,347
299,20180205,1402,97700,1615
300,20180205,1403,97600,1278
301,20180205,1404,97400,162
302,20180205,1405,97400,54
303,20180205,1406,97300,110
304,20180205,1407,97300,28
305,20180205,1408,97300,98
306,20180205,1409,97300,228
307,20180205,1410,97300,107
308,20180205,1411,97200,105
309,20180205,1412,97200,350
310,20180205,1413,97200,772
311,20180205,1414,97400,789
312,20180205,1415,97600,61
313,20180205,1416,97600,111
314,20180205,1417,97500,146
315,20180205,1418,97500,104
316,20180205,1419,97600,122
317,20180205,1420,97500,137
318,20180205,1421,97500,727
319,20180205,1422,97600,191
320,20180205,1423,97900,208
321,20180205,1424,97700,22
322,20180205,1425,97700,174
323,20180205,1426,97600,393
324,20180205,1427,97900,268
325,20180205,1428,97600,779
326,20180205,1429,97600,303
327,20180205,1430,97500,895
328,20180205,1431,97400,429
329,20180205,1432,97700,416
330,20180205,1433,97400,159
331,20180205,1434,97300,133
332,20180205,1435,97300,55
333,20180205,1436,97400,172
334,20180205,1437,97300,1535
335,20180205,1438,97200,2757
336,20180205,1439,97300,445
337,20180205,1440,97200,72
338,20180205,1441,97200,412
339,20180205,1442,97200,131
340,20180205,1443,97300,4386
341,20180205,1444,97100,259
342,20180205,1445,97000,1913
343,20180205,1446,97000,177
344,20180205,1447,97000,6719
345,20180205,1448,96600,968
346,20180205,1449,96500,551
347,20180205,1450,96500,471
348,20180205,1451,96400,56
349,20180205,1452,96400,851
350,20180205,1453,96400,891
351,20180205,1454,96200,4049
352,20180205,1455,95900,209
353,20180205,1456,96000,303
354,20180205,1457,96000,167
355,20180205,1458,96000,125
356,20180205,1459,96000,1184
357,20180205,1500,95900,260
358,20180205,1501,95900,2375
359,20180205,1502,95400,358
360,20180205,1503,95600,275
361,20180205,1504,95600,230
362,20180205,1505,95500,721
363,20180205,1506,95300,1520
364,20180205,1507,95300,1009
365,20180205,1508,95300,1193
366,20180205,1509,95300,384
367,20180205,1510,95200,321
368,20180205,1511,95400,228
369,20180205,1512,95400,865
370,20180205,1513,95300,248
371,20180205,1514,95200,677
372,20180205,1515,95200,3749
373,20180205,1516,95200,693
374,20180205,1517,95200,1148
375,20180205,1518,95100,524
376,20180205,1519,95100,785
377,20180205,1520,95100,516
378,20180205,1530,95400,4549
0,20180206,901,93300,5777
1,20180206,902,93200,2461
2,20180206,903,92400,1806
3,20180206,904,91800,3083
4,20180206,905,92500,1834
5,20180206,906,93200,3786
6,20180206,907,93700,1690
7,20180206,908,93900,1977
8,20180206,909,93900,1431
9,20180206,910,93900,2311
10,20180206,911,94600,2372
11,20180206,912,95200,3117
12,20180206,913,96000,4537
13,20180206,914,97600,9192
14,20180206,915,99200,2699
15,20180206,916,98500,5160
16,20180206,917,99500,12800
17,20180206,918,101000,6577
18,20180206,919,101500,8223
19,20180206,920,101500,5284
20,20180206,921,101000,3060
21,20180206,922,100500,13900
22,20180206,923,98900,3968
23,20180206,924,97900,1458
24,20180206,925,98200,2943
25,20180206,926,97800,1322
26,20180206,927,98200,744
27,20180206,928,98200,1708
28,20180206,929,98300,1044
29,20180206,930,98100,934
30,20180206,931,98000,2770
31,20180206,932,97400,2663
32,20180206,933,96400,3086
33,20180206,934,95800,1086
34,20180206,935,96400,966
35,20180206,936,96900,205
36,20180206,937,96700,400
37,20180206,938,96600,390
38,20180206,939,96400,911
39,20180206,940,96400,1591
40,20180206,941,96000,1525
41,20180206,942,95800,478
42,20180206,943,97000,913
43,20180206,944,97300,691
44,20180206,945,97500,892
45,20180206,946,97100,257
46,20180206,947,97000,423
47,20180206,948,97000,297
48,20180206,949,96900,1885
49,20180206,950,96500,372
50,20180206,951,96500,374
51,20180206,952,96400,347
52,20180206,953,96400,283
53,20180206,954,96500,211
54,20180206,955,96300,154
55,20180206,956,96200,1702
56,20180206,957,95800,507
57,20180206,958,95800,463
58,20180206,959,95600,1948
59,20180206,1000,96200,813
60,20180206,1001,96600,628
61,20180206,1002,96900,3067
62,20180206,1003,98300,2465
63,20180206,1004,98600,1396
64,20180206,1005,98200,313
65,20180206,1006,97600,250
66,20180206,1007,97700,155
67,20180206,1008,97700,248
68,20180206,1009,98000,195
69,20180206,1010,98200,410
70,20180206,1011,97600,384
71,20180206,1012,97200,91
72,20180206,1013,97500,204
73,20180206,1014,97200,224
74,20180206,1015,97000,447
75,20180206,1016,97700,464
76,20180206,1017,97500,136
77,20180206,1018,97600,990
78,20180206,1019,97100,88
79,20180206,1020,97300,276
80,20180206,1021,97600,216
81,20180206,1022,97700,286
82,20180206,1023,97800,329
83,20180206,1024,97800,1158
84,20180206,1025,97800,38
85,20180206,1026,97800,66
86,20180206,1027,97900,275
87,20180206,1028,98000,31
88,20180206,1029,97800,217
89,20180206,1030,97800,1620
90,20180206,1031,97500,760
91,20180206,1032,97200,83
92,20180206,1033,97300,66
93,20180206,1034,97600,148
94,20180206,1035,97700,128
95,20180206,1036,97700,958
96,20180206,1037,97900,234
97,20180206,1038,97900,49
98,20180206,1039,97900,438
99,20180206,1040,98100,73
100,20180206,1041,98000,120
101,20180206,1042,98000,287
102,20180206,1043,98000,152
103,20180206,1044,97700,117
104,20180206,1045,97600,467
105,20180206,1046,97400,90
106,20180206,1047,97400,319
107,20180206,1048,97200,115
108,20180206,1049,97200,342
109,20180206,1050,97100,314
110,20180206,1051,97300,336
111,20180206,1052,97100,620
112,20180206,1053,97100,159
113,20180206,1054,97100,254
114,20180206,1055,96900,194
115,20180206,1056,96900,7
116,20180206,1057,96900,357
117,20180206,1058,96800,1881
118,20180206,1059,96700,486
119,20180206,1100,96600,368
120,20180206,1101,96600,222
121,20180206,1102,96600,209
122,20180206,1103,96700,122
123,20180206,1104,96700,585
124,20180206,1105,96800,738
125,20180206,1106,97200,323
126,20180206,1107,97000,120
127,20180206,1108,96900,178
128,20180206,1109,96800,56
129,20180206,1110,96900,34
130,20180206,1111,96900,143
131,20180206,1112,97000,94
132,20180206,1113,97000,142
133,20180206,1114,97000,310
134,20180206,1115,97000,212
135,20180206,1116,97200,101
136,20180206,1117,96900,109
137,20180206,1118,96900,413
138,20180206,1119,96900,67
139,20180206,1120,97100,9
140,20180206,1121,96900,196
141,20180206,1122,96800,59
142,20180206,1123,96900,77
143,20180206,1124,96700,82
144,20180206,1125,96900,140
145,20180206,1126,96800,39
146,20180206,1127,96700,37
147,20180206,1128,96700,48
148,20180206,1129,96700,168
149,20180206,1130,96800,6
150,20180206,1131,96800,31
151,20180206,1132,96800,26
152,20180206,1133,96800,149
153,20180206,1134,96800,6
154,20180206,1135,96800,341
155,20180206,1136,96900,146
156,20180206,1137,97000,51
157,20180206,1138,96900,93
158,20180206,1139,97300,609
159,20180206,1140,97500,370
160,20180206,1141,97800,65
161,20180206,1142,97800,35
162,20180206,1143,97500,83
163,20180206,1144,97500,224
164,20180206,1145,97400,289
165,20180206,1146,97200,280
166,20180206,1147,97100,58
167,20180206,1148,97100,117
168,20180206,1149,97100,261
169,20180206,1150,97200,29
170,20180206,1151,97100,151
171,20180206,1152,97100,18
172,20180206,1153,97100,14
173,20180206,1154,97100,49
174,20180206,1155,97100,39
175,20180206,1156,97100,176
176,20180206,1157,97200,22
177,20180206,1158,97300,14
178,20180206,1159,97300,32
179,20180206,1200,97200,56
180,20180206,1201,97400,180
181,20180206,1202,97200,9
182,20180206,1203,97300,138
183,20180206,1204,97400,8
184,20180206,1205,97400,122
185,20180206,1206,97400,113
186,20180206,1207,97300,483
187,20180206,1208,97300,174
188,20180206,1209,97600,194
189,20180206,1210,97700,170
190,20180206,1211,97400,264
191,20180206,1212,97300,171
192,20180206,1213,97300,2
193,20180206,1214,97300,79
194,20180206,1215,97200,72
195,20180206,1216,97200,63
196,20180206,1217,97000,51
197,20180206,1218,97000,31
198,20180206,1219,97100,219
199,20180206,1220,97200,131
200,20180206,1221,97200,276
201,20180206,1222,97300,5
202,20180206,1223,97200,153
203,20180206,1224,97000,227
204,20180206,1225,97100,7
205,20180206,1226,97100,42
206,20180206,1227,97100,515
207,20180206,1228,96900,70
208,20180206,1229,96700,71
209,20180206,1230,96700,197
210,20180206,1231,96700,1063
211,20180206,1232,96400,97
212,20180206,1233,96500,206
213,20180206,1234,96400,1403
214,20180206,1235,96300,217
215,20180206,1236,96200,1022
216,20180206,1237,96200,166
217,20180206,1238,96100,106
218,20180206,1239,96200,153
219,20180206,1240,96200,131
220,20180206,1241,96200,206
221,20180206,1242,96100,582
222,20180206,1243,96100,80
223,20180206,1244,96000,449
224,20180206,1245,96000,107
225,20180206,1246,96000,94
226,20180206,1247,96100,27
227,20180206,1248,96100,182
228,20180206,1249,96000,302
229,20180206,1250,96000,259
230,20180206,1251,96100,7
231,20180206,1252,96200,69
232,20180206,1253,96200,226
233,20180206,1254,95900,281
234,20180206,1255,95900,23
235,20180206,1256,95900,751
236,20180206,1257,95800,222
237,20180206,1258,95800,251
238,20180206,1259,96100,45
239,20180206,1300,95800,326
240,20180206,1301,95900,170
241,20180206,1302,95900,105
242,20180206,1303,95900,55
243,20180206,1304,95900,312
244,20180206,1305,96200,67
245,20180206,1306,96000,85
246,20180206,1307,95900,303
247,20180206,1308,96000,130
248,20180206,1309,95900,206
249,20180206,1310,96100,152
250,20180206,1311,96100,84
251,20180206,1312,96200,243
252,20180206,1313,96100,36
253,20180206,1314,96100,166
254,20180206,1315,96000,33
255,20180206,1316,96000,502
256,20180206,1317,96000,55
257,20180206,1318,96000,16
258,20180206,1319,96100,253
259,20180206,1320,96200,24
260,20180206,1321,96300,41
261,20180206,1322,96300,42
262,20180206,1323,96300,19
263,20180206,1324,96300,1348
264,20180206,1325,96700,350
265,20180206,1326,96400,286
266,20180206,1327,96400,1511
267,20180206,1328,96500,119
268,20180206,1329,96700,21
269,20180206,1330,96800,298
270,20180206,1331,97200,428
271,20180206,1332,97100,313
272,20180206,1333,97300,108
273,20180206,1334,97100,323
274,20180206,1335,97100,264
275,20180206,1336,97300,166
276,20180206,1337,97300,267
277,20180206,1338,97400,1081
278,20180206,1339,97300,103
279,20180206,1340,97200,117
280,20180206,1341,97200,24
281,20180206,1342,97100,694
282,20180206,1343,97000,577
283,20180206,1344,96900,308
284,20180206,1345,96800,120
285,20180206,1346,96800,89
286,20180206,1347,96700,282
287,20180206,1348,96400,603
288,20180206,1349,96500,438
289,20180206,1350,96400,122
290,20180206,1351,96700,69
291,20180206,1352,96700,21
292,20180206,1353,96600,107
293,20180206,1354,96700,670
294,20180206,1355,97200,81
295,20180206,1356,97100,58
296,20180206,1357,97200,28
297,20180206,1358,97200,214
298,20180206,1359,97100,217
299,20180206,1400,96900,705
300,20180206,1401,96900,141
301,20180206,1402,96900,263
302,20180206,1403,97100,115
303,20180206,1404,97200,479
304,20180206,1405,97100,60
305,20180206,1406,97100,114
306,20180206,1407,97100,49
307,20180206,1408,97000,302
308,20180206,1409,97200,1231
309,20180206,1410,97600,156
310,20180206,1411,97800,161
311,20180206,1412,97800,259
312,20180206,1413,97500,108
313,20180206,1414,97400,150
314,20180206,1415,97600,50
315,20180206,1416,97700,241
316,20180206,1417,97800,169
317,20180206,1418,97900,901
318,20180206,1419,98200,578
319,20180206,1420,98200,113
320,20180206,1421,98200,3377
321,20180206,1422,98500,732
322,20180206,1423,98700,1199
323,20180206,1424,98800,304
324,20180206,1425,98400,2102
325,20180206,1426,98600,139
326,20180206,1427,98400,196
327,20180206,1428,98100,106
328,20180206,1429,98200,133
329,20180206,1430,98300,1296
330,20180206,1431,98600,428
331,20180206,1432,98400,612
332,20180206,1433,98200,199
333,20180206,1434,98000,1038
334,20180206,1435,98000,588
335,20180206,1436,97900,179
336,20180206,1437,98300,77
337,20180206,1438,98300,101
338,20180206,1439,98400,1188
339,20180206,1440,98000,1087
340,20180206,1441,98300,2065
341,20180206,1442,98400,4867
342,20180206,1443,98500,118
343,20180206,1444,98400,973
344,20180206,1445,98500,258
345,20180206,1446,98500,780
346,20180206,1447,98300,300
347,20180206,1448,98200,164
348,20180206,1449,98200,719
349,20180206,1450,98100,303
350,20180206,1451,98000,748
351,20180206,1452,98000,280
352,20180206,1453,98000,136
353,20180206,1454,97900,48
354,20180206,1455,98000,279
355,20180206,1456,97900,73
356,20180206,1457,97800,345
357,20180206,1458,98100,309
358,20180206,1459,98200,1859
359,20180206,1500,98400,1206
360,20180206,1501,98600,295
361,20180206,1502,98600,291
362,20180206,1503,98700,278
363,20180206,1504,98800,981
364,20180206,1505,99100,265
365,20180206,1506,99200,946
366,20180206,1507,99400,910
367,20180206,1508,99300,343
368,20180206,1509,99400,293
369,20180206,1510,99200,839
370,20180206,1511,99000,1490
371,20180206,1512,99500,467
372,20180206,1513,99300,168
373,20180206,1514,99300,39
374,20180206,1515,99200,451
375,20180206,1516,99300,640
376,20180206,1517,99100,570
377,20180206,1518,99100,110
378,20180206,1519,99100,138
379,20180206,1520,99000,300
380,20180206,1530,99000,4303
381,20180207,901,101000,6927
382,20180207,902,101000,2551
383,20180207,903,101000,2035
384,20180207,904,100500,1959
385,20180207,905,100500,949
386,20180207,906,100500,1516
387,20180207,907,100500,4509
388,20180207,908,100000,859
389,20180207,909,100000,1060
390,20180207,910,100000,817
391,20180207,911,100500,22
392,20180207,912,100000,621
393,20180207,913,100500,107
394,20180207,914,100000,488
395,20180207,915,100500,302
396,20180207,916,101000,182
397,20180207,917,100500,479
398,20180207,918,100500,21
399,20180207,919,100500,115
400,20180207,920,100500,2093
401,20180207,921,100000,419
402,20180207,922,100000,552
403,20180207,923,100000,466
404,20180207,924,99900,328
405,20180207,925,99800,456
406,20180207,926,99700,175
407,20180207,927,99700,193
408,20180207,928,99600,423
409,20180207,929,99700,648
410,20180207,930,99600,788
411,20180207,931,99400,290
412,20180207,932,99300,43
413,20180207,933,99400,316
414,20180207,934,99300,350
415,20180207,935,99500,62
416,20180207,936,99600,394
417,20180207,937,99500,149
418,20180207,938,99600,43
419,20180207,939,99500,157
420,20180207,940,99500,508
421,20180207,941,99400,382
422,20180207,942,99400,8
423,20180207,943,99300,3577
424,20180207,944,99100,30
425,20180207,945,99000,347
426,20180207,946,99100,314
427,20180207,947,99200,127
428,20180207,948,99200,334
429,20180207,949,99300,59
430,20180207,950,99200,415
431,20180207,951,99200,113
432,20180207,952,99200,71
433,20180207,953,99200,466
434,20180207,954,99100,1275
435,20180207,955,99100,44
436,20180207,956,99100,358
437,20180207,957,99100,177
438,20180207,958,99100,289
439,20180207,959,99100,332
440,20180207,1000,99100,366
441,20180207,1001,99100,148
442,20180207,1002,99100,54
443,20180207,1003,99200,307
444,20180207,1004,99200,652
445,20180207,1005,99200,451
446,20180207,1006,99300,136
447,20180207,1007,99400,1196
448,20180207,1008,99400,147
449,20180207,1009,99300,253
450,20180207,1010,99300,50
451,20180207,1011,99300,228
452,20180207,1012,99200,14
453,20180207,1013,99300,111
454,20180207,1014,99300,659
455,20180207,1015,99100,64
456,20180207,1016,99200,135
457,20180207,1017,99200,306
458,20180207,1018,99300,86
459,20180207,1019,99200,17
460,20180207,1020,99200,199
461,20180207,1021,99300,120
462,20180207,1022,99400,108
463,20180207,1023,99300,5
464,20180207,1024,99400,325
465,20180207,1025,99400,6
466,20180207,1026,99400,17
467,20180207,1027,99500,73
468,20180207,1028,99400,261
469,20180207,1029,99400,159
470,20180207,1030,99400,20
471,20180207,1031,99400,128
472,20180207,1032,99500,194
473,20180207,1033,99400,25
474,20180207,1034,99400,231
475,20180207,1035,99700,10
476,20180207,1036,99800,937
477,20180207,1037,100000,1928
478,20180207,1038,100500,23
479,20180207,1039,100000,1439
480,20180207,1040,100500,41
481,20180207,1041,100500,205
482,20180207,1042,100500,27
483,20180207,1043,100000,154
484,20180207,1044,100500,29
485,20180207,1045,100500,347
486,20180207,1046,100000,99
487,20180207,1047,100500,85
488,20180207,1048,100500,96
489,20180207,1049,100500,357
490,20180207,1050,100000,76
491,20180207,1051,100500,98
492,20180207,1052,100500,64
493,20180207,1053,100500,32
494,20180207,1054,100500,61
495,20180207,1055,100000,15
496,20180207,1056,100500,19
497,20180207,1057,100500,46
498,20180207,1058,100500,103
499,20180207,1059,100500,102
500,20180207,1100,100500,49
501,20180207,1101,100000,142
502,20180207,1102,100500,103
503,20180207,1103,100000,19
504,20180207,1104,100000,64
505,20180207,1105,100500,35
506,20180207,1106,100500,227
507,20180207,1107,100500,38
508,20180207,1108,100000,30
509,20180207,1109,100500,150
510,20180207,1110,100500,7345
511,20180207,1111,101000,2252
512,20180207,1112,101000,1185
513,20180207,1113,101500,5265
514,20180207,1114,101500,196
515,20180207,1115,101000,8
516,20180207,1116,101500,27
517,20180207,1117,101000,113
518,20180207,1118,101000,106
519,20180207,1119,101500,31
520,20180207,1120,101500,80
521,20180207,1121,101000,259
522,20180207,1122,101500,140
523,20180207,1123,101500,129
524,20180207,1124,101500,280
525,20180207,1125,101000,20
526,20180207,1126,100500,7
527,20180207,1127,101000,236
528,20180207,1128,100500,31
529,20180207,1129,100000,214
530,20180207,1130,100500,10
531,20180207,1131,100500,33
532,20180207,1132,100500,7
533,20180207,1133,100500,100
534,20180207,1134,100500,155
535,20180207,1135,100500,16
536,20180207,1136,100500,14
537,20180207,1137,100500,2
538,20180207,1138,100000,35
539,20180207,1139,100000,125
540,20180207,1140,100500,62
541,20180207,1141,100000,56
542,20180207,1142,100500,3914
543,20180207,1143,99400,532
544,20180207,1144,99400,385
545,20180207,1145,99300,39
546,20180207,1146,99400,294
547,20180207,1147,99400,447
548,20180207,1148,99400,335
549,20180207,1149,99400,510
550,20180207,1150,99300,119
551,20180207,1151,99400,51
552,20180207,1152,99400,351
553,20180207,1153,99300,45
554,20180207,1154,99300,136
555,20180207,1155,99400,131
556,20180207,1156,99300,125
557,20180207,1157,99400,162
558,20180207,1158,99400,34
559,20180207,1159,99400,109
560,20180207,1200,99300,91
561,20180207,1201,99300,1249
562,20180207,1202,99200,1316
563,20180207,1203,99200,1022
564,20180207,1204,99100,558
565,20180207,1205,99200,30
566,20180207,1206,99100,70
567,20180207,1207,99200,87
568,20180207,1208,99200,82
569,20180207,1209,99200,52
570,20180207,1210,99200,128
571,20180207,1211,99300,432
572,20180207,1212,99800,635
573,20180207,1213,99500,15
574,20180207,1214,99500,28
575,20180207,1215,99500,23
576,20180207,1216,99500,256
577,20180207,1217,99500,7
578,20180207,1218,99500,81
579,20180207,1219,99400,221
580,20180207,1220,99400,53
581,20180207,1221,99500,30
582,20180207,1222,99500,6
583,20180207,1223,99500,4
584,20180207,1224,99500,69
585,20180207,1225,99500,181
586,20180207,1226,99700,36
587,20180207,1227,99800,158
588,20180207,1228,99800,145
589,20180207,1229,100000,15
590,20180207,1230,100000,61
591,20180207,1231,100000,124
592,20180207,1232,100000,54
593,20180207,1233,99900,193
594,20180207,1234,99600,258
595,20180207,1235,99400,215
596,20180207,1236,99500,70
597,20180207,1237,99800,7
598,20180207,1238,99900,131
599,20180207,1239,99700,3
600,20180207,1240,99700,139
601,20180207,1241,99600,55
602,20180207,1242,99700,102
603,20180207,1243,99900,12
604,20180207,1244,99800,20
605,20180207,1245,99900,215
606,20180207,1246,99600,30
607,20180207,1247,99500,15
608,20180207,1248,99600,308
609,20180207,1249,99800,18
610,20180207,1250,99900,245
611,20180207,1251,99900,188
612,20180207,1252,100000,87
613,20180207,1253,100000,52
614,20180207,1254,100000,22
615,20180207,1255,99900,43
616,20180207,1256,100000,134
617,20180207,1257,100000,7
618,20180207,1258,100000,879
619,20180207,1259,100500,150
620,20180207,1300,100500,12
621,20180207,1301,100500,18
622,20180207,1302,100000,542
623,20180207,1303,100000,287
624,20180207,1304,99800,27
625,20180207,1305,99900,38
626,20180207,1306,99800,8
627,20180207,1307,99900,18
628,20180207,1308,99900,61
629,20180207,1309,99900,15
630,20180207,1310,99800,70
631,20180207,1311,99800,208
632,20180207,1312,99900,154
633,20180207,1313,99600,251
634,20180207,1314,99600,22
635,20180207,1315,99500,96
636,20180207,1316,99600,93
637,20180207,1317,99600,27
638,20180207,1318,99600,35
639,20180207,1319,99500,53
640,20180207,1320,99400,23
641,20180207,1321,99500,368
642,20180207,1322,99400,69
643,20180207,1323,99400,74
644,20180207,1324,99400,69
645,20180207,1325,99400,17
646,20180207,1326,99400,220
647,20180207,1327,99300,779
648,20180207,1328,99400,673
649,20180207,1329,99300,161
650,20180207,1330,99200,383
651,20180207,1331,99200,21
652,20180207,1332,99200,279
653,20180207,1333,99200,649
654,20180207,1334,99100,86
655,20180207,1335,99100,1123
656,20180207,1336,99100,105
657,20180207,1337,99000,3403
658,20180207,1338,98900,124
659,20180207,1339,98900,18
660,20180207,1340,98800,588
661,20180207,1341,99000,232
662,20180207,1342,99500,83
663,20180207,1343,99000,13
664,20180207,1344,99000,23
665,20180207,1345,98900,323
666,20180207,1346,99000,3
667,20180207,1347,98900,48
668,20180207,1348,99000,29
669,20180207,1349,98900,5
670,20180207,1350,99000,41
671,20180207,1351,99000,186
672,20180207,1352,99000,31
673,20180207,1353,99000,189
674,20180207,1354,99000,32
675,20180207,1355,99000,24
676,20180207,1356,99000,17
677,20180207,1357,99000,1810
678,20180207,1358,98500,95
679,20180207,1359,98500,66
680,20180207,1400,98600,889
681,20180207,1401,98500,552
682,20180207,1402,98100,392
683,20180207,1403,98100,1743
684,20180207,1404,98000,349
685,20180207,1405,97800,161
686,20180207,1406,97800,205
687,20180207,1407,97600,367
688,20180207,1408,97600,522
689,20180207,1409,97400,1534
690,20180207,1410,97000,633
691,20180207,1411,97100,606
692,20180207,1412,97400,1259
693,20180207,1413,97700,537
694,20180207,1414,97600,159
695,20180207,1415,97900,454
696,20180207,1416,98300,516
697,20180207,1417,98300,350
698,20180207,1418,98400,354
699,20180207,1419,98500,307
700,20180207,1420,98700,149
701,20180207,1421,98700,145
702,20180207,1422,98700,346
703,20180207,1423,98900,199
704,20180207,1424,98700,404
705,20180207,1425,98300,424
706,20180207,1426,98700,460
707,20180207,1427,98600,259
708,20180207,1428,98400,113
709,20180207,1429,98300,324
710,20180207,1430,98300,323
711,20180207,1431,98300,322
712,20180207,1432,98100,391
713,20180207,1433,98000,170
714,20180207,1434,98100,82
715,20180207,1435,98100,513
716,20180207,1436,98400,16
717,20180207,1437,98500,14
718,20180207,1438,98600,18
719,20180207,1439,98600,315
720,20180207,1440,98400,48
721,20180207,1441,98400,31
722,20180207,1442,98400,183
723,20180207,1443,98400,192
724,20180207,1444,98400,53
725,20180207,1445,98400,36
726,20180207,1446,98400,508
727,20180207,1447,98200,60
728,20180207,1448,98200,23
729,20180207,1449,98100,38
730,20180207,1450,98200,246
731,20180207,1451,98200,157
732,20180207,1452,98200,144
733,20180207,1453,98200,516
734,20180207,1454,97600,513
735,20180207,1455,97600,167
736,20180207,1456,97600,176
737,20180207,1457,97700,54
738,20180207,1458,97700,472
739,20180207,1459,97900,134
740,20180207,1500,97700,168
741,20180207,1501,97800,778
742,20180207,1502,97400,1166
743,20180207,1503,96900,2323
744,20180207,1504,96600,465
745,20180207,1505,96800,185
746,20180207,1506,96600,1035
747,20180207,1507,96600,449
748,20180207,1508,96700,169
749,20180207,1509,96600,245
750,20180207,1510,96600,207
751,20180207,1511,96700,207
752,20180207,1512,97500,58
753,20180207,1513,97100,210
754,20180207,1514,97300,660
755,20180207,1515,97000,467
756,20180207,1516,96800,191
757,20180207,1517,96700,389
758,20180207,1518,96600,381
759,20180207,1519,96500,247
760,20180207,1520,96600,973
761,20180207,1530,95900,9933
762,20180208,901,95100,1678
763,20180208,902,95500,599
764,20180208,903,96800,389
765,20180208,904,96700,318
766,20180208,905,97300,441
767,20180208,906,97000,1069
768,20180208,907,97400,187
769,20180208,908,96900,736
770,20180208,909,96500,292
771,20180208,910,96700,692
772,20180208,911,96000,985
773,20180208,912,95500,229
774,20180208,913,95600,100
775,20180208,914,95600,850
776,20180208,915,95900,231
777,20180208,916,95600,237
778,20180208,917,95600,200
779,20180208,918,95600,1250
780,20180208,919,95900,2087
781,20180208,920,97100,347
782,20180208,921,97000,563
783,20180208,922,97100,318
784,20180208,923,97400,361
785,20180208,924,97200,159
786,20180208,925,97200,878
787,20180208,926,97000,258
788,20180208,927,96800,231
789,20180208,928,96600,47
790,20180208,929,96400,176
791,20180208,930,96500,120
792,20180208,931,96500,186
793,20180208,932,96400,108
794,20180208,933,97000,570
795,20180208,934,96700,269
796,20180208,935,96700,23
797,20180208,936,96800,340
798,20180208,937,97200,20
799,20180208,938,96900,43
800,20180208,939,96900,237
801,20180208,940,96800,9
802,20180208,941,96700,638
803,20180208,942,96700,350
804,20180208,943,96600,173
805,20180208,944,96600,44
806,20180208,945,96700,67
807,20180208,946,96800,205
808,20180208,947,96800,43
809,20180208,948,96900,42
810,20180208,949,96800,155
811,20180208,950,96800,186
812,20180208,951,97100,156
813,20180208,952,97000,1389
814,20180208,953,97200,1112
815,20180208,954,97400,846
816,20180208,955,97500,309
817,20180208,956,97500,193
818,20180208,957,97400,5
819,20180208,958,97400,53
820,20180208,959,97400,52
821,20180208,1000,97300,243
822,20180208,1001,97200,139
823,20180208,1002,97400,32
824,20180208,1003,97400,169
825,20180208,1004,97400,44
826,20180208,1005,97300,15
827,20180208,1006,97300,98
828,20180208,1007,97300,56
829,20180208,1008,97500,5
830,20180208,1009,97500,142
831,20180208,1010,97400,26
832,20180208,1011,97400,17
833,20180208,1012,97500,73
834,20180208,1013,97400,24
835,20180208,1014,97300,80
836,20180208,1015,97300,40
837,20180208,1016,97200,225
838,20180208,1017,97400,236
839,20180208,1018,97400,16
840,20180208,1019,97500,462
841,20180208,1020,97500,58
842,20180208,1021,97400,24
843,20180208,1022,97200,111
844,20180208,1023,97000,66
845,20180208,1024,97100,260
846,20180208,1025,97400,49
847,20180208,1026,97300,4
848,20180208,1027,97300,27
849,20180208,1028,97400,16
850,20180208,1029,97100,1817
851,20180208,1030,96700,16
852,20180208,1031,96800,549
853,20180208,1032,96800,143
854,20180208,1033,96900,106
855,20180208,1034,96700,1291
856,20180208,1035,96500,445
857,20180208,1036,96400,178
858,20180208,1037,96500,138
859,20180208,1038,96800,189
860,20180208,1039,96400,585
861,20180208,1040,96100,743
862,20180208,1041,95800,488
863,20180208,1042,96000,112
864,20180208,1043,95700,465
865,20180208,1044,95800,580
866,20180208,1045,96000,546
867,20180208,1046,96000,158
868,20180208,1047,96300,108
869,20180208,1048,96200,107
870,20180208,1049,96700,541
871,20180208,1050,96700,222
872,20180208,1051,96800,136
873,20180208,1052,96700,83
874,20180208,1053,96700,88
875,20180208,1054,96600,95
876,20180208,1055,96600,108
877,20180208,1056,96900,41
878,20180208,1057,96700,218
879,20180208,1058,96700,8
880,20180208,1059,96700,75
881,20180208,1100,96700,3
882,20180208,1101,96700,29
883,20180208,1102,96700,106
884,20180208,1103,96600,421
885,20180208,1104,96100,13
886,20180208,1105,96100,5
887,20180208,1106,96200,252
888,20180208,1107,96400,11
889,20180208,1108,96500,112
890,20180208,1109,96300,66
891,20180208,1110,96300,80
892,20180208,1111,96200,59
893,20180208,1112,96100,33
894,20180208,1113,96100,377
895,20180208,1114,96000,50
896,20180208,1115,96000,66
897,20180208,1116,96000,5
898,20180208,1117,96000,746
899,20180208,1118,95900,758
900,20180208,1119,95600,35
901,20180208,1120,95700,161
902,20180208,1121,95600,528
903,20180208,1122,95800,119
904,20180208,1123,95800,338
905,20180208,1124,95800,199
906,20180208,1125,95900,85
907,20180208,1126,95700,534
908,20180208,1127,95800,196
909,20180208,1128,95900,450
910,20180208,1129,96400,2
911,20180208,1130,96400,128
912,20180208,1131,96000,70
913,20180208,1132,96000,111
914,20180208,1133,96100,59
915,20180208,1134,96200,2
916,20180208,1135,96200,261
917,20180208,1136,96200,72
918,20180208,1137,96200,29
919,20180208,1138,96100,16
920,20180208,1139,96100,122
921,20180208,1140,96200,151
922,20180208,1141,96200,233
923,20180208,1142,96500,340
924,20180208,1143,96500,207
925,20180208,1144,96400,70
926,20180208,1145,96600,14
927,20180208,1146,96700,46
928,20180208,1147,96600,10
929,20180208,1148,96500,53
930,20180208,1149,96600,245
931,20180208,1150,96700,174
932,20180208,1151,96700,16
933,20180208,1152,96600,1
934,20180208,1153,96600,4
935,20180208,1154,96600,306
936,20180208,1155,96800,157
937,20180208,1156,96800,567
938,20180208,1157,96400,11
939,20180208,1158,96500,52
940,20180208,1159,96500,11
941,20180208,1200,96600,87
942,20180208,1201,96500,73
943,20180208,1202,96700,231
944,20180208,1203,96900,956
945,20180208,1204,96800,237
946,20180208,1205,97000,262
947,20180208,1206,96800,102
948,20180208,1207,96900,6
949,20180208,1208,96900,3
950,20180208,1209,97000,13
951,20180208,1210,97000,8
952,20180208,1211,97000,145
953,20180208,1212,97100,131
954,20180208,1213,96900,341
955,20180208,1214,96800,11
956,20180208,1215,96700,18
957,20180208,1216,96700,3
958,20180208,1217,96700,203
959,20180208,1218,96800,3
960,20180208,1219,96700,909
961,20180208,1220,96500,119
962,20180208,1221,96300,32
963,20180208,1222,96300,490
964,20180208,1223,96300,196
965,20180208,1224,96100,692
966,20180208,1225,96100,110
967,20180208,1226,96400,20
968,20180208,1227,96500,67
969,20180208,1228,96400,79
970,20180208,1229,96300,13
971,20180208,1230,96400,60
972,20180208,1231,96400,32
973,20180208,1232,96300,23
974,20180208,1233,96300,179
975,20180208,1234,96400,13
976,20180208,1235,96400,9
977,20180208,1236,96400,165
978,20180208,1237,96400,3
979,20180208,1238,96400,24
980,20180208,1239,96400,779
981,20180208,1240,96600,267
982,20180208,1241,96700,12
983,20180208,1242,96700,2
984,20180208,1243,96700,343
985,20180208,1244,96700,186
986,20180208,1245,96600,101
987,20180208,1246,96500,341
988,20180208,1247,96500,5
989,20180208,1248,96500,434
990,20180208,1249,96600,365
991,20180208,1250,96700,63
992,20180208,1251,96700,565
993,20180208,1252,96800,982
994,20180208,1253,96900,139
995,20180208,1254,96900,75
996,20180208,1255,96900,14
997,20180208,1256,96900,59
998,20180208,1257,96900,2
999,20180208,1258,97000,356
1000,20180208,1259,96800,342
1001,20180208,1300,96900,4
1002,20180208,1301,96900,5
1003,20180208,1302,96900,295
1004,20180208,1303,97000,693
1005,20180208,1304,97200,255
1006,20180208,1305,97300,423
1007,20180208,1306,97300,394
1008,20180208,1307,97200,100
1009,20180208,1308,97100,133
1010,20180208,1309,97000,94
1011,20180208,1310,97000,89
1012,20180208,1311,96900,116
1013,20180208,1312,97000,3
1014,20180208,1313,96900,225
1015,20180208,1314,96900,224
1016,20180208,1315,97000,10
1017,20180208,1316,97100,42
1018,20180208,1317,97000,6
1019,20180208,1318,97000,329
1020,20180208,1319,96900,5
1021,20180208,1320,96900,13
1022,20180208,1321,96900,49
1023,20180208,1322,96900,547
1024,20180208,1323,97200,230
1025,20180208,1324,96900,86
1026,20180208,1325,96800,41
1027,20180208,1326,96800,96
1028,20180208,1327,96900,470
1029,20180208,1328,96500,136
1030,20180208,1329,96500,105
1031,20180208,1330,96600,3
1032,20180208,1331,96500,53
1033,20180208,1332,96500,124
1034,20180208,1333,96500,293
1035,20180208,1334,96500,479
1036,20180208,1335,97000,54
1037,20180208,1336,97100,153
1038,20180208,1337,96700,23
1039,20180208,1338,96700,120
1040,20180208,1339,96600,77
1041,20180208,1340,96600,78
1042,20180208,1341,96500,198
1043,20180208,1342,96600,10
1044,20180208,1343,96600,40
1045,20180208,1344,96600,13
1046,20180208,1345,96600,593
1047,20180208,1346,96400,1176
1048,20180208,1347,96400,7
1049,20180208,1348,96500,397
1050,20180208,1349,96800,16
1051,20180208,1350,96800,191
1052,20180208,1351,96700,663
1053,20180208,1352,96900,120
1054,20180208,1353,96800,37
1055,20180208,1354,96700,123
1056,20180208,1355,96700,87
1057,20180208,1356,96700,5
1058,20180208,1357,96600,1
1059,20180208,1358,96700,103
1060,20180208,1359,96700,21
1061,20180208,1400,96600,19
1062,20180208,1401,96700,343
1063,20180208,1402,97100,39
1064,20180208,1403,97100,127
1065,20180208,1404,97100,237
1066,20180208,1405,97000,47
1067,20180208,1406,97000,56
1068,20180208,1407,97100,2
1069,20180208,1408,97000,542
1070,20180208,1409,97100,69
1071,20180208,1410,97100,71
1072,20180208,1411,97100,574
1073,20180208,1412,97300,168
1074,20180208,1413,97500,988
1075,20180208,1414,97500,247
1076,20180208,1415,97600,51
1077,20180208,1416,97700,24
1078,20180208,1417,97600,193
1079,20180208,1418,97600,39
1080,20180208,1419,97600,8
1081,20180208,1420,97600,398
1082,20180208,1421,97700,379
1083,20180208,1422,97600,41
1084,20180208,1423,97700,29
1085,20180208,1424,97700,162
1086,20180208,1425,97700,307
1087,20180208,1427,97500,5
1088,20180208,1428,97600,45
1089,20180208,1429,97600,597
1090,20180208,1430,97100,511
1091,20180208,1431,97300,84
1092,20180208,1432,97200,73
1093,20180208,1433,97300,39
1094,20180208,1434,97200,53
1095,20180208,1435,97200,150
1096,20180208,1436,97100,276
1097,20180208,1437,97300,4
1098,20180208,1438,97300,4
1099,20180208,1439,97300,1
1100,20180208,1440,97300,17
1101,20180208,1441,97300,68
1102,20180208,1442,97200,1047
1103,20180208,1443,97100,198
1104,20180208,1444,97200,14
1105,20180208,1445,97200,96
1106,20180208,1446,97200,121
1107,20180208,1447,97300,300
1108,20180208,1448,97500,77
1109,20180208,1449,97700,73
1110,20180208,1450,97500,108
1111,20180208,1451,97600,170
1112,20180208,1452,97500,117
1113,20180208,1453,97300,124
1114,20180208,1454,97200,301
1115,20180208,1455,97200,9
1116,20180208,1456,97100,241
1117,20180208,1457,97500,168
1118,20180208,1458,97300,118
1119,20180208,1459,97200,189
1120,20180208,1500,97300,157
1121,20180208,1501,97200,110
1122,20180208,1502,97300,6
1123,20180208,1503,97300,254
1124,20180208,1504,97200,235
1125,20180208,1505,97200,212
1126,20180208,1506,97300,336
1127,20180208,1507,97300,176
1128,20180208,1508,97300,218
1129,20180208,1509,97200,185
1130,20180208,1510,97400,144
1131,20180208,1511,97400,105
1132,20180208,1512,97400,124
1133,20180208,1513,97200,184
1134,20180208,1514,97200,888
1135,20180208,1515,97000,606
1136,20180208,1516,97300,448
1137,20180208,1517,97300,127
1138,20180208,1518,97300,57
1139,20180208,1519,97300,120
1140,20180208,1520,97200,60
1141,20180208,1530,96600,18954
0,20180209,901,93500,4451
1,20180209,902,93300,1071
2,20180209,903,93200,1145
3,20180209,904,94000,118
4,20180209,905,93700,495
5,20180209,906,93700,1500
6,20180209,907,93800,1603
7,20180209,908,94000,41
8,20180209,909,94200,611
9,20180209,910,94000,2452
10,20180209,911,93600,836
11,20180209,912,93600,201
12,20180209,913,93500,157
13,20180209,914,93400,210
14,20180209,915,93400,2280
15,20180209,916,92400,894
16,20180209,917,93300,784
17,20180209,918,93800,91
18,20180209,919,93800,1224
19,20180209,920,93400,1381
20,20180209,921,94200,149
21,20180209,922,94200,368
22,20180209,923,94200,44
23,20180209,924,94200,332
24,20180209,925,94300,527
25,20180209,926,94300,358
26,20180209,927,94600,184
27,20180209,928,94700,102
28,20180209,929,94600,142
29,20180209,930,94300,614
30,20180209,931,93700,754
31,20180209,932,93700,43
32,20180209,933,93700,280
33,20180209,934,94100,342
34,20180209,935,93700,89
35,20180209,936,93800,1209
36,20180209,937,93700,1047
37,20180209,938,93400,395
38,20180209,939,93500,118
39,20180209,940,93400,163
40,20180209,941,93300,615
41,20180209,942,93500,239
42,20180209,943,93300,37
43,20180209,944,93400,496
44,20180209,945,94000,372
45,20180209,946,93700,63
46,20180209,947,93500,35
47,20180209,948,93600,242
48,20180209,949,93500,307
49,20180209,950,93500,127
50,20180209,951,93900,6
51,20180209,952,93900,100
52,20180209,953,93800,557
53,20180209,954,94400,240
54,20180209,955,94400,79
55,20180209,956,94400,1562
56,20180209,957,94600,347
57,20180209,958,94400,20
58,20180209,959,94300,92
59,20180209,1000,94300,105
60,20180209,1001,94400,319
61,20180209,1002,94000,193
62,20180209,1003,94200,193
63,20180209,1004,94100,90
64,20180209,1005,94000,46
65,20180209,1006,93900,182
66,20180209,1007,94100,329
67,20180209,1008,94300,92
68,20180209,1009,94400,183
69,20180209,1010,94100,195
70,20180209,1011,94300,108
71,20180209,1012,94200,144
72,20180209,1013,94300,283
73,20180209,1014,94100,380
74,20180209,1015,94000,160
75,20180209,1016,93900,70
76,20180209,1017,93900,200
77,20180209,1018,94100,246
78,20180209,1019,94400,558
79,20180209,1020,94600,1006
80,20180209,1021,95000,721
81,20180209,1022,94600,1489
82,20180209,1023,93900,120
83,20180209,1024,94300,159
84,20180209,1025,94300,167
85,20180209,1026,94100,179
86,20180209,1027,94200,293
87,20180209,1028,94200,428
88,20180209,1029,94000,38
89,20180209,1030,93900,275
90,20180209,1031,94200,113
91,20180209,1032,94300,394
92,20180209,1033,94100,87
93,20180209,1034,94100,584
94,20180209,1035,93800,639
95,20180209,1036,94300,97
96,20180209,1037,94100,364
97,20180209,1038,94200,126
98,20180209,1039,94300,383
99,20180209,1040,94300,383
100,20180209,1041,94400,765
101,20180209,1042,95200,338
102,20180209,1043,95400,660
103,20180209,1044,94700,162
104,20180209,1045,94700,68
105,20180209,1046,94900,100
106,20180209,1047,94900,194
107,20180209,1048,94800,124
108,20180209,1049,94700,114
109,20180209,1050,94700,122
110,20180209,1051,94700,101
111,20180209,1052,94600,121
112,20180209,1053,94400,200
113,20180209,1054,94300,68
114,20180209,1055,94300,294
115,20180209,1056,94300,132
116,20180209,1057,94200,137
117,20180209,1058,94300,121
118,20180209,1059,94300,76
119,20180209,1100,94300,1238
120,20180209,1101,94000,384
121,20180209,1102,93800,659
122,20180209,1103,93600,234
123,20180209,1104,93700,235
124,20180209,1105,93500,724
125,20180209,1106,93300,796
126,20180209,1107,93400,363
127,20180209,1108,93700,235
128,20180209,1109,93500,57
129,20180209,1110,93500,101
130,20180209,1111,93400,343
131,20180209,1112,93700,244
132,20180209,1113,93600,70
133,20180209,1114,93500,101
134,20180209,1115,93500,217
135,20180209,1116,93700,217
136,20180209,1117,93700,170
137,20180209,1118,93800,341
138,20180209,1119,93500,152
139,20180209,1120,93700,499
140,20180209,1121,94000,61
141,20180209,1122,94000,128
142,20180209,1123,94000,142
143,20180209,1124,93900,134
144,20180209,1125,93700,74
145,20180209,1126,93600,122
146,20180209,1127,93700,86
147,20180209,1128,93600,721
148,20180209,1129,93500,775
149,20180209,1130,93500,60
150,20180209,1131,93300,1567
151,20180209,1132,93600,98
152,20180209,1133,93400,108
153,20180209,1134,93600,317
154,20180209,1135,93400,807
155,20180209,1136,93300,312
156,20180209,1137,93200,144
157,20180209,1138,93400,57
158,20180209,1139,93300,111
159,20180209,1140,93400,97
160,20180209,1141,93400,41
161,20180209,1142,93200,267
162,20180209,1143,93100,2081
163,20180209,1144,92800,1911
164,20180209,1145,92700,262
165,20180209,1146,92800,89
166,20180209,1147,92900,172
167,20180209,1148,93000,464
168,20180209,1149,92900,826
169,20180209,1150,93200,288
170,20180209,1151,93400,1543
171,20180209,1152,92800,214
172,20180209,1153,93300,151
173,20180209,1154,93300,64
174,20180209,1155,93200,55
175,20180209,1156,93000,305
176,20180209,1157,93100,95
177,20180209,1158,93200,81
178,20180209,1159,93200,62
179,20180209,1200,93200,264
180,20180209,1201,93400,54
181,20180209,1202,93400,76
182,20180209,1203,93500,51
183,20180209,1204,93400,167
184,20180209,1205,93400,249
185,20180209,1206,93600,101
186,20180209,1207,93700,100
187,20180209,1208,93700,70
188,20180209,1209,93700,81
189,20180209,1210,93800,86
190,20180209,1211,93900,91
191,20180209,1212,93900,46
192,20180209,1213,94000,47
193,20180209,1214,93800,74
194,20180209,1215,93900,42
195,20180209,1216,93800,102
196,20180209,1217,94000,62
197,20180209,1218,94000,37
198,20180209,1219,93900,56
199,20180209,1220,93900,163
200,20180209,1221,94000,465
201,20180209,1222,94100,256
202,20180209,1223,94300,292
203,20180209,1224,94200,70
204,20180209,1225,93900,162
205,20180209,1226,94000,96
206,20180209,1227,94100,257
207,20180209,1228,94100,127
208,20180209,1229,94000,89
209,20180209,1230,93900,64
210,20180209,1231,94000,72
211,20180209,1232,94000,113
212,20180209,1233,94000,85
213,20180209,1234,94000,67
214,20180209,1235,94000,307
215,20180209,1236,94200,82
216,20180209,1237,94200,71
217,20180209,1238,94200,217
218,20180209,1239,94100,93
219,20180209,1240,94200,60
220,20180209,1241,94000,63
221,20180209,1242,94100,287
222,20180209,1243,94100,227
223,20180209,1244,93800,67
224,20180209,1245,94000,87
225,20180209,1246,94100,79
226,20180209,1247,94100,90
227,20180209,1248,94100,212
228,20180209,1249,94000,88
229,20180209,1250,94000,155
230,20180209,1251,93800,159
231,20180209,1252,94000,98
232,20180209,1253,93800,96
233,20180209,1254,93900,91
234,20180209,1255,93900,24
235,20180209,1256,93800,108
236,20180209,1257,93900,202
237,20180209,1258,94100,71
238,20180209,1259,94100,192
239,20180209,1300,93800,75
240,20180209,1301,93900,88
241,20180209,1302,93800,221
242,20180209,1303,93500,491
243,20180209,1304,93900,57
244,20180209,1305,93900,88
245,20180209,1306,93900,99
246,20180209,1307,93900,241
247,20180209,1308,93800,55
248,20180209,1309,93800,419
249,20180209,1310,93800,198
250,20180209,1311,93900,536
251,20180209,1312,94100,338
252,20180209,1313,94300,88
253,20180209,1314,94400,84
254,20180209,1315,94400,360
255,20180209,1316,94300,109
256,20180209,1317,94200,28
257,20180209,1318,94100,96
258,20180209,1319,94100,72
259,20180209,1320,94100,79
260,20180209,1321,94100,455
261,20180209,1322,94400,86
262,20180209,1323,94300,302
263,20180209,1324,94300,119
264,20180209,1325,94300,93
265,20180209,1326,94300,88
266,20180209,1327,94300,221
267,20180209,1328,94100,159
268,20180209,1329,94100,220
269,20180209,1330,94200,74
270,20180209,1331,94100,64
271,20180209,1332,94300,60
272,20180209,1333,94200,73
273,20180209,1334,94200,126
274,20180209,1335,94200,293
275,20180209,1336,94200,77
276,20180209,1337,94100,67
277,20180209,1338,94100,127
278,20180209,1339,94200,37
279,20180209,1340,94100,116
280,20180209,1341,94100,203
281,20180209,1342,94100,132
282,20180209,1343,94100,126
283,20180209,1344,94200,52
284,20180209,1345,94200,281
285,20180209,1346,94100,84
286,20180209,1347,94100,151
287,20180209,1348,94100,289
288,20180209,1349,94200,85
289,20180209,1350,94100,323
290,20180209,1351,94100,313
291,20180209,1352,94300,160
292,20180209,1353,94300,287
293,20180209,1354,94200,189
294,20180209,1355,94100,602
295,20180209,1356,94300,140
296,20180209,1357,94200,184
297,20180209,1358,94200,176
298,20180209,1359,94300,150
299,20180209,1400,94300,270
300,20180209,1401,94100,278
301,20180209,1402,94100,536
302,20180209,1403,94200,91
303,20180209,1404,94200,142
304,20180209,1405,94000,1125
305,20180209,1406,93800,61
306,20180209,1407,93700,315
307,20180209,1408,93700,272
308,20180209,1409,93600,131
309,20180209,1410,93700,148
310,20180209,1411,93700,52
311,20180209,1412,93700,129
312,20180209,1413,93700,271
313,20180209,1414,93600,719
314,20180209,1415,93500,624
315,20180209,1416,93300,482
316,20180209,1417,93500,85
317,20180209,1418,93700,413
318,20180209,1419,93300,1131
319,20180209,1420,93300,220
320,20180209,1421,93300,169
321,20180209,1422,93200,204
322,20180209,1423,93100,724
323,20180209,1424,93200,184
324,20180209,1425,93100,674
325,20180209,1426,93100,1656
326,20180209,1427,93100,1460
327,20180209,1428,93400,182
328,20180209,1429,93600,39
329,20180209,1430,93600,190
330,20180209,1431,93500,242
331,20180209,1432,93500,448
332,20180209,1433,93700,449
333,20180209,1434,93800,165
334,20180209,1435,93900,32
335,20180209,1436,93900,68
336,20180209,1437,93900,81
337,20180209,1438,93800,113
338,20180209,1439,93600,233
339,20180209,1440,93800,202
340,20180209,1441,94000,310
341,20180209,1442,94100,263
342,20180209,1443,94200,332
343,20180209,1444,94000,65
344,20180209,1445,94100,78
345,20180209,1446,94100,224
346,20180209,1447,94000,119
347,20180209,1448,94100,22
348,20180209,1449,94000,169
349,20180209,1450,94100,60
350,20180209,1451,94100,29
351,20180209,1452,94000,81
352,20180209,1453,94100,107
353,20180209,1454,94100,340
354,20180209,1455,94200,172
355,20180209,1456,94200,56
356,20180209,1457,94200,287
357,20180209,1458,94300,57
358,20180209,1459,94300,432
359,20180209,1500,94300,138
360,20180209,1501,94300,88
361,20180209,1502,94300,121
362,20180209,1503,94200,155
363,20180209,1504,94200,119
364,20180209,1505,94100,67
365,20180209,1506,94200,40
366,20180209,1507,94100,139
367,20180209,1508,94200,109
368,20180209,1509,94200,212
369,20180209,1510,94100,66
370,20180209,1511,94100,60
371,20180209,1512,94000,193
372,20180209,1513,94100,68
373,20180209,1514,94100,596
374,20180209,1515,94200,96
375,20180209,1516,94200,283
376,20180209,1517,94100,166
377,20180209,1518,93900,250
378,20180209,1519,94000,73
379,20180209,1520,94000,381
380,20180209,1530,94100,2520
0,20180212,901,94300,1323
1,20180212,902,94800,829
2,20180212,903,95200,293
3,20180212,904,94500,665
4,20180212,905,94500,546
5,20180212,906,94300,592
6,20180212,907,93500,786
7,20180212,908,93400,127
8,20180212,909,94000,1016
9,20180212,910,93600,159
10,20180212,911,94100,99
11,20180212,912,94200,379
12,20180212,913,94200,85
13,20180212,914,94300,403
14,20180212,915,94400,185
15,20180212,916,94300,631
16,20180212,917,94100,11
17,20180212,918,94100,110
18,20180212,919,94100,395
19,20180212,920,93800,286
20,20180212,921,94100,21
21,20180212,922,94100,428
22,20180212,923,94100,308
23,20180212,925,93900,119
24,20180212,926,93800,331
25,20180212,927,93600,434
26,20180212,928,93400,73
27,20180212,929,93400,123
28,20180212,930,93500,173
29,20180212,931,93700,484
30,20180212,932,93300,1070
31,20180212,933,93100,409
32,20180212,934,93100,97
33,20180212,935,93200,71
34,20180212,936,93300,1
35,20180212,937,93300,30
36,20180212,938,93400,14
37,20180212,939,93400,848
38,20180212,940,93300,533
39,20180212,941,93100,839
40,20180212,942,93400,88
41,20180212,943,93200,501
42,20180212,944,93100,98
43,20180212,946,93100,44
44,20180212,948,93100,46
45,20180212,949,93200,43
46,20180212,950,93200,627
47,20180212,951,93300,840
48,20180212,952,93500,23
49,20180212,953,93500,8
50,20180212,954,93400,191
51,20180212,955,93400,55
52,20180212,956,93400,24
53,20180212,957,93300,397
54,20180212,958,93200,1008
55,20180212,959,93100,11
56,20180212,1000,93000,70
57,20180212,1001,93100,77
58,20180212,1002,93000,50
59,20180212,1003,93000,3
60,20180212,1005,93100,1915
61,20180212,1006,92900,997
62,20180212,1007,92400,208
63,20180212,1008,92500,1021
64,20180212,1009,92800,190
65,20180212,1010,92700,72
66,20180212,1011,92700,294
67,20180212,1012,92700,152
68,20180212,1013,92700,65
69,20180212,1014,92700,38
70,20180212,1015,92700,1
71,20180212,1016,92700,1051
72,20180212,1017,92500,123
73,20180212,1018,92500,1097
74,20180212,1019,92600,121
75,20180212,1020,92700,9
76,20180212,1021,92800,118
77,20180212,1022,92700,453
78,20180212,1023,92600,409
79,20180212,1024,92600,242
80,20180212,1025,92600,70
81,20180212,1026,92600,65
82,20180212,1027,92500,1483
83,20180212,1028,92400,221
84,20180212,1029,92500,42
85,20180212,1030,92500,95
86,20180212,1031,92500,759
87,20180212,1032,92800,124
88,20180212,1033,92700,128
89,20180212,1034,92800,446
90,20180212,1035,92600,351
91,20180212,1036,92500,227
92,20180212,1037,92600,250
93,20180212,1038,92700,26
94,20180212,1039,92700,812
95,20180212,1040,92500,12
96,20180212,1041,92500,69
97,20180212,1042,92500,250
98,20180212,1043,92600,13
99,20180212,1044,92600,26
100,20180212,1045,92600,10
101,20180212,1046,92500,2
102,20180212,1047,92600,44
103,20180212,1048,92500,1554
104,20180212,1049,92900,99
105,20180212,1050,92700,483
106,20180212,1051,93000,907
107,20180212,1052,93200,138
108,20180212,1053,93000,112
109,20180212,1054,93200,157
110,20180212,1055,93000,95
111,20180212,1056,93200,177
112,20180212,1057,93000,325
113,20180212,1058,93000,316
114,20180212,1059,93000,132
115,20180212,1100,93100,329
116,20180212,1101,93200,884
117,20180212,1102,93000,130
118,20180212,1103,93000,74
119,20180212,1104,93000,215
120,20180212,1105,93300,116
121,20180212,1106,93300,195
122,20180212,1107,93300,141
123,20180212,1108,93000,26
124,20180212,1109,93200,128
125,20180212,1110,93100,54
126,20180212,1111,93000,17
127,20180212,1112,93100,37
128,20180212,1113,93000,152
129,20180212,1114,93100,2
130,20180212,1115,93100,28
131,20180212,1116,93000,534
132,20180212,1117,93100,87
133,20180212,1118,93100,23
134,20180212,1119,93100,713
135,20180212,1120,93100,510
136,20180212,1121,92900,55
137,20180212,1122,93000,66
138,20180212,1123,92900,90
139,20180212,1124,92800,3
140,20180212,1125,92800,547
141,20180212,1126,92800,28
142,20180212,1127,92700,5
143,20180212,1128,92800,27
144,20180212,1129,92800,8
145,20180212,1130,92700,9
146,20180212,1131,92800,26
147,20180212,1132,92800,3149
148,20180212,1133,92400,1266
149,20180212,1134,92300,280
150,20180212,1135,92300,409
151,20180212,1136,92300,338
152,20180212,1137,92400,41
153,20180212,1138,92300,591
154,20180212,1139,92800,57
155,20180212,1140,92600,61
156,20180212,1141,92500,353
157,20180212,1142,92400,375
158,20180212,1143,92400,51
159,20180212,1144,92400,310
160,20180212,1145,92500,34
161,20180212,1146,92400,14
162,20180212,1147,92400,12
163,20180212,1148,92300,467
164,20180212,1149,92400,1222
165,20180212,1150,92200,68
166,20180212,1151,92200,25
167,20180212,1152,92100,4999
168,20180212,1153,91900,38
169,20180212,1154,92000,2
170,20180212,1155,92000,659
171,20180212,1156,91800,1092
172,20180212,1157,91900,627
173,20180212,1158,92000,108
174,20180212,1159,92000,202
175,20180212,1200,92000,267
176,20180212,1201,92100,72
177,20180212,1202,92200,36
178,20180212,1203,92100,25
179,20180212,1204,92100,175
180,20180212,1205,92100,29
181,20180212,1206,92100,367
182,20180212,1207,92200,617
183,20180212,1208,92300,10
184,20180212,1209,92300,169
185,20180212,1210,92200,136
186,20180212,1211,92400,3
187,20180212,1212,92400,270
188,20180212,1213,92300,71
189,20180212,1214,92400,16
190,20180212,1215,92200,11
191,20180212,1216,92200,37
192,20180212,1217,92100,262
193,20180212,1218,92400,203
194,20180212,1219,92300,101
195,20180212,1220,92200,111
196,20180212,1221,92200,9
197,20180212,1222,92400,109
198,20180212,1223,92300,168
199,20180212,1224,92600,4
200,20180212,1225,92600,81
201,20180212,1226,92400,55
202,20180212,1227,92500,75
203,20180212,1228,92500,89
204,20180212,1229,92400,3
205,20180212,1230,92600,149
206,20180212,1231,92400,145
207,20180212,1232,92400,116
208,20180212,1233,92400,101
209,20180212,1234,92400,2
210,20180212,1235,92300,110
211,20180212,1236,92400,42
212,20180212,1237,92300,20
213,20180212,1238,92300,320
214,20180212,1239,92300,169
215,20180212,1240,92300,109
216,20180212,1241,92400,349
217,20180212,1242,92400,2
218,20180212,1243,92500,80
219,20180212,1244,92400,3
220,20180212,1245,92300,74
221,20180212,1246,92400,125
222,20180212,1248,92300,100
223,20180212,1249,92400,141
224,20180212,1250,92300,13
225,20180212,1251,92300,115
226,20180212,1252,92400,41
227,20180212,1253,92300,76
228,20180212,1254,92400,78
229,20180212,1255,92300,98
230,20180212,1256,92400,148
231,20180212,1257,92300,29
232,20180212,1258,92400,103
233,20180212,1259,92400,392
234,20180212,1300,92400,29
235,20180212,1301,92300,165
236,20180212,1302,92200,40
237,20180212,1303,92400,112
238,20180212,1304,92200,76
239,20180212,1305,92400,68
240,20180212,1306,92400,76
241,20180212,1307,92200,3
242,20180212,1308,92200,226
243,20180212,1309,92300,331
244,20180212,1310,92400,141
245,20180212,1311,92300,101
246,20180212,1312,92300,59
247,20180212,1313,92300,277
248,20180212,1314,92300,225
249,20180212,1315,92400,268
250,20180212,1316,92400,6
251,20180212,1317,92600,100
252,20180212,1318,92300,12
253,20180212,1319,92400,52
254,20180212,1320,92400,21
255,20180212,1321,92300,77
256,20180212,1322,92300,28
257,20180212,1323,92300,14
258,20180212,1324,92300,2
259,20180212,1325,92400,131
260,20180212,1326,92300,16
261,20180212,1327,92300,145
262,20180212,1328,92400,30
263,20180212,1329,92400,6
264,20180212,1330,92400,28
265,20180212,1331,92400,418
266,20180212,1332,92300,22
267,20180212,1333,92300,830
268,20180212,1334,92600,7
269,20180212,1335,92500,82
270,20180212,1336,92500,238
271,20180212,1337,92600,9
272,20180212,1338,92500,157
273,20180212,1339,92600,188
274,20180212,1340,92600,100
275,20180212,1341,92700,87
276,20180212,1342,92600,4
277,20180212,1343,92600,137
278,20180212,1344,92500,27
279,20180212,1345,92500,87
280,20180212,1346,92500,109
281,20180212,1347,92500,112
282,20180212,1348,92600,28
283,20180212,1349,92400,16
284,20180212,1350,92500,195
285,20180212,1351,92600,105
286,20180212,1352,92500,87
287,20180212,1353,92700,104
288,20180212,1354,92500,98
289,20180212,1355,92500,128
290,20180212,1356,92600,132
291,20180212,1357,92500,184
292,20180212,1358,92500,129
293,20180212,1359,92700,83
294,20180212,1400,92600,9
295,20180212,1401,92600,47
296,20180212,1402,92500,338
297,20180212,1403,92500,5
298,20180212,1404,92600,483
299,20180212,1405,92700,436
300,20180212,1406,92700,121
301,20180212,1407,92800,218
302,20180212,1408,92800,32
303,20180212,1409,92900,33
304,20180212,1410,92900,10
305,20180212,1411,92800,15
306,20180212,1412,92900,81
307,20180212,1413,92900,24
308,20180212,1414,92800,88
309,20180212,1415,92900,37
310,20180212,1416,92800,41
311,20180212,1417,92900,140
312,20180212,1418,92900,84
313,20180212,1419,92900,30
314,20180212,1420,92800,50
315,20180212,1421,92900,16
316,20180212,1422,92800,240
317,20180212,1423,92800,595
318,20180212,1424,92600,81
319,20180212,1425,92500,684
320,20180212,1426,92900,38
321,20180212,1427,92800,97
322,20180212,1428,92900,135
323,20180212,1429,92800,104
324,20180212,1430,92700,16
325,20180212,1431,92500,305
326,20180212,1432,92600,192
327,20180212,1433,92600,79
328,20180212,1434,92500,86
329,20180212,1435,92600,425
330,20180212,1436,92700,107
331,20180212,1437,92600,140
332,20180212,1438,92700,214
333,20180212,1439,92700,24
334,20180212,1440,92600,141
335,20180212,1441,92600,109
336,20180212,1442,92600,113
337,20180212,1443,92500,6
338,20180212,1444,92500,7
339,20180212,1445,92600,125
340,20180212,1446,92600,34
341,20180212,1447,92500,14
342,20180212,1448,92600,33
343,20180212,1449,92600,901
344,20180212,1450,92700,566
345,20180212,1451,92800,107
346,20180212,1452,92700,133
347,20180212,1453,92600,100
348,20180212,1454,92600,151
349,20180212,1455,92700,36
350,20180212,1456,92600,29
351,20180212,1457,92500,19
352,20180212,1458,92600,211
353,20180212,1459,92500,109
354,20180212,1500,92600,714
355,20180212,1501,92800,149
356,20180212,1502,92700,186
357,20180212,1503,92900,345
358,20180212,1504,92600,82
359,20180212,1505,92600,85
360,20180212,1506,92600,35
361,20180212,1507,92600,32
362,20180212,1508,92600,73
363,20180212,1509,92600,439
364,20180212,1510,92700,42
365,20180212,1511,92700,212
366,20180212,1512,92800,169
367,20180212,1513,92800,41
368,20180212,1514,92700,180
369,20180212,1515,92700,142
370,20180212,1516,92700,128
371,20180212,1517,92800,57
372,20180212,1518,92700,223
373,20180212,1519,92800,318
374,20180212,1520,92800,929
375,20180212,1530,92400,3828
376,20180213,901,92400,1394
377,20180213,902,92600,426
378,20180213,903,93000,633
379,20180213,904,93700,1314
380,20180213,905,93500,269
381,20180213,906,93700,864
382,20180213,907,93900,71
383,20180213,908,93500,456
384,20180213,909,93500,117
385,20180213,910,93500,130
386,20180213,911,93500,223
387,20180213,912,93600,972
388,20180213,913,93800,1682
389,20180213,914,93700,818
390,20180213,915,93400,260
391,20180213,916,93500,182
392,20180213,917,93500,57
393,20180213,918,93700,1334
394,20180213,919,94000,533
395,20180213,920,94000,180
396,20180213,921,93900,237
397,20180213,922,94000,43
398,20180213,923,94000,460
399,20180213,924,93800,40
400,20180213,925,94000,894
401,20180213,926,94100,69
402,20180213,927,94000,107
403,20180213,928,94100,152
404,20180213,929,93900,553
405,20180213,930,93400,520
406,20180213,931,93800,203
407,20180213,932,93800,12
408,20180213,933,93700,407
409,20180213,934,93900,15
410,20180213,935,93900,457
411,20180213,936,93600,62
412,20180213,937,93400,209
413,20180213,938,93600,17
414,20180213,939,93400,123
415,20180213,940,93400,138
416,20180213,941,93400,54
417,20180213,942,93300,289
418,20180213,943,93300,420
419,20180213,944,93600,18
420,20180213,945,93600,415
421,20180213,946,93400,77
422,20180213,947,93300,271
423,20180213,948,93600,111
424,20180213,949,93400,55
425,20180213,950,93500,10
426,20180213,951,93500,59
427,20180213,952,93300,46
428,20180213,953,93400,24
429,20180213,954,93300,223
430,20180213,955,93400,42
431,20180213,957,93300,49
432,20180213,958,93400,27
433,20180213,959,93400,91
434,20180213,1000,93300,166
435,20180213,1001,93300,20
436,20180213,1002,93200,953
437,20180213,1003,92800,348
438,20180213,1004,92600,30
439,20180213,1005,92700,597
440,20180213,1006,92500,16
441,20180213,1007,92600,95
442,20180213,1008,92500,163
443,20180213,1009,92700,33
444,20180213,1010,92700,229
445,20180213,1011,92900,30
446,20180213,1012,92900,52
447,20180213,1013,92800,103
448,20180213,1014,92800,326
449,20180213,1015,92600,78
450,20180213,1016,92700,7
451,20180213,1017,92700,132
452,20180213,1018,92600,21
453,20180213,1019,92600,139
454,20180213,1020,92600,465
455,20180213,1021,92500,1
456,20180213,1022,92500,1053
457,20180213,1023,92600,75
458,20180213,1024,92700,127
459,20180213,1025,92700,71
460,20180213,1026,92700,204
461,20180213,1027,92500,11
462,20180213,1028,92700,1507
463,20180213,1029,92800,706
464,20180213,1030,93200,67
465,20180213,1031,93200,116
466,20180213,1032,93300,326
467,20180213,1033,93300,11
468,20180213,1034,93300,144
469,20180213,1035,93200,4
470,20180213,1036,93300,6
471,20180213,1037,93300,43
472,20180213,1038,93500,128
473,20180213,1039,93700,8
474,20180213,1040,93600,269
475,20180213,1041,93500,123
476,20180213,1042,93600,17
477,20180213,1043,93600,331
478,20180213,1044,93800,916
479,20180213,1045,93800,23
480,20180213,1046,93800,15
481,20180213,1047,93700,252
482,20180213,1048,93500,117
483,20180213,1049,93600,104
484,20180213,1050,93800,224
485,20180213,1051,93700,68
486,20180213,1052,93600,49
487,20180213,1053,93700,4
488,20180213,1054,93800,23
489,20180213,1055,93800,32
490,20180213,1056,93800,4
491,20180213,1057,93700,7
492,20180213,1058,93800,136
493,20180213,1059,93800,34
494,20180213,1100,93800,39
495,20180213,1101,93800,3
496,20180213,1102,93700,30
497,20180213,1103,93700,188
498,20180213,1104,93800,7
499,20180213,1105,93700,18
500,20180213,1106,93800,36
501,20180213,1107,93800,28
502,20180213,1108,93800,924
503,20180213,1109,94000,16
504,20180213,1110,94000,9
505,20180213,1111,94000,283
506,20180213,1112,94000,81
507,20180213,1113,93800,111
508,20180213,1114,93900,22
509,20180213,1115,93900,20
510,20180213,1116,93900,216
511,20180213,1117,94000,67
512,20180213,1118,94000,24
513,20180213,1119,94000,357
514,20180213,1120,93800,14
515,20180213,1121,93800,16
516,20180213,1122,93800,5
517,20180213,1123,93800,147
518,20180213,1124,93800,14
519,20180213,1125,93800,13
520,20180213,1126,93800,8
521,20180213,1127,93800,59
522,20180213,1128,93800,206
523,20180213,1129,93700,118
524,20180213,1130,93600,39
525,20180213,1131,93600,48
526,20180213,1132,93600,567
527,20180213,1133,93400,100
528,20180213,1134,93400,3
529,20180213,1135,93400,46
530,20180213,1136,93400,18
531,20180213,1138,93400,365
532,20180213,1139,93800,21
533,20180213,1140,93800,98
534,20180213,1141,93800,180
535,20180213,1142,93600,15
536,20180213,1143,93700,320
537,20180213,1144,93700,10
538,20180213,1145,93700,169
539,20180213,1146,93800,43
540,20180213,1147,93700,2
541,20180213,1148,93700,444
542,20180213,1149,93500,20
543,20180213,1150,93400,6
544,20180213,1151,93400,5
545,20180213,1152,93400,78
546,20180213,1153,93400,9
547,20180213,1154,93400,12
548,20180213,1155,93400,14
549,20180213,1156,93400,5
550,20180213,1157,93400,2
551,20180213,1158,93400,13
552,20180213,1159,93400,37
553,20180213,1200,93400,8
554,20180213,1201,93400,9
555,20180213,1202,93400,4
556,20180213,1203,93400,4
557,20180213,1204,93300,2
558,20180213,1205,93300,3
559,20180213,1206,93400,6
560,20180213,1207,93300,8
561,20180213,1208,93300,29
562,20180213,1209,93400,104
563,20180213,1210,93400,4
564,20180213,1211,93400,6
565,20180213,1212,93400,4
566,20180213,1213,93300,3
567,20180213,1214,93300,500
568,20180213,1215,93200,212
569,20180213,1216,93200,87
570,20180213,1217,93100,3
571,20180213,1218,93200,229
572,20180213,1219,93400,1
573,20180213,1220,93300,38
574,20180213,1221,93400,4
575,20180213,1222,93400,5
576,20180213,1223,93400,12
577,20180213,1224,93400,6
578,20180213,1225,93400,10
579,20180213,1226,93400,6
580,20180213,1227,93400,10
581,20180213,1228,93400,30
582,20180213,1229,93400,6
583,20180213,1230,93300,198
584,20180213,1231,93600,7
585,20180213,1232,93600,43
586,20180213,1233,93500,8
587,20180213,1234,93600,13
588,20180213,1235,93600,27
589,20180213,1236,93600,10
590,20180213,1237,93600,16
591,20180213,1238,93600,416
592,20180213,1239,93600,156
593,20180213,1240,93600,229
594,20180213,1241,93600,149
595,20180213,1242,93300,50
596,20180213,1243,93500,8
597,20180213,1244,93500,4
598,20180213,1245,93300,84
599,20180213,1246,93300,8
600,20180213,1247,93200,125
601,20180213,1248,93200,23
602,20180213,1249,93200,53
603,20180213,1250,93100,11
604,20180213,1251,93200,165
605,20180213,1252,93300,48
606,20180213,1253,93200,41
607,20180213,1254,93100,28
608,20180213,1255,93200,10
609,20180213,1256,93300,7
610,20180213,1257,93200,74
611,20180213,1258,93300,5
612,20180213,1259,93300,4
613,20180213,1300,93200,88
614,20180213,1301,93300,5
615,20180213,1302,93300,11
616,20180213,1303,93200,12
617,20180213,1304,93300,3
618,20180213,1305,93300,8
619,20180213,1306,93300,8
620,20180213,1307,93200,34
621,20180213,1308,93300,238
622,20180213,1309,93200,205
623,20180213,1310,93200,181
624,20180213,1311,93200,98
625,20180213,1312,93100,169
626,20180213,1313,93100,20
627,20180213,1314,93200,13
628,20180213,1315,93200,173
629,20180213,1316,93200,378
630,20180213,1317,93000,86
631,20180213,1318,93100,1039
632,20180213,1319,92800,6
633,20180213,1320,92800,4
634,20180213,1321,92800,211
635,20180213,1322,92600,2
636,20180213,1323,92600,14
637,20180213,1324,92600,525
638,20180213,1325,92500,22
639,20180213,1326,92600,75
640,20180213,1327,92600,1650
641,20180213,1328,92300,977
642,20180213,1329,92300,176
643,20180213,1330,92200,78
644,20180213,1331,92300,410
645,20180213,1332,92200,586
646,20180213,1333,92100,889
647,20180213,1334,92300,10
648,20180213,1335,92500,7
649,20180213,1336,92500,56
650,20180213,1337,92400,28
651,20180213,1338,92400,86
652,20180213,1339,92400,2
653,20180213,1340,92500,123
654,20180213,1341,92700,9
655,20180213,1342,92700,314
656,20180213,1343,92800,52
657,20180213,1344,92800,39
658,20180213,1345,92900,7
659,20180213,1346,92900,111
660,20180213,1347,92900,54
661,20180213,1348,93100,74
662,20180213,1349,93100,8
663,20180213,1350,93000,32
664,20180213,1351,93100,120
665,20180213,1352,93100,7
666,20180213,1353,93100,28
667,20180213,1354,93100,3
668,20180213,1355,93000,54
669,20180213,1356,93000,7
670,20180213,1357,93100,11
671,20180213,1358,93000,432
672,20180213,1359,93100,199
673,20180213,1400,93200,50
674,20180213,1401,93200,364
675,20180213,1402,93300,13
676,20180213,1403,93200,24
677,20180213,1404,93200,53
678,20180213,1405,93200,480
679,20180213,1406,92800,436
680,20180213,1407,92800,245
681,20180213,1408,92700,212
682,20180213,1409,93100,37
683,20180213,1410,93000,2
684,20180213,1411,93200,90
685,20180213,1412,93200,28
686,20180213,1413,93200,36
687,20180213,1414,93200,32
688,20180213,1415,93200,1301
689,20180213,1416,93100,12
690,20180213,1417,93200,283
691,20180213,1418,93400,33
692,20180213,1419,93400,611
693,20180213,1420,93400,21
694,20180213,1421,93500,18
695,20180213,1422,93400,21
696,20180213,1423,93400,725
697,20180213,1424,93200,139
698,20180213,1425,93000,30
699,20180213,1426,93100,29
700,20180213,1427,93000,14
701,20180213,1428,93000,173
702,20180213,1429,93100,230
703,20180213,1430,93000,28
704,20180213,1431,93100,41
705,20180213,1432,93100,111
706,20180213,1433,93000,75
707,20180213,1434,93100,11
708,20180213,1435,93100,253
709,20180213,1436,93200,248
710,20180213,1437,93300,84
711,20180213,1438,93200,27
712,20180213,1439,93300,21
713,20180213,1440,93300,37
714,20180213,1441,93300,36
715,20180213,1442,93300,61
716,20180213,1443,93200,144
717,20180213,1444,93400,232
718,20180213,1445,93400,257
719,20180213,1446,93500,135
720,20180213,1447,93500,211
721,20180213,1448,93400,98
722,20180213,1449,93400,250
723,20180213,1450,93400,227
724,20180213,1451,93400,55
725,20180213,1452,93400,28
726,20180213,1453,93300,36
727,20180213,1454,93200,149
728,20180213,1455,93100,168
729,20180213,1456,93100,45
730,20180213,1457,93100,18
731,20180213,1458,93100,27
732,20180213,1459,93200,14
733,20180213,1500,93200,45
734,20180213,1501,93200,208
735,20180213,1502,93100,47
736,20180213,1503,93100,58
737,20180213,1504,93100,328
738,20180213,1505,93000,6
739,20180213,1506,93100,269
740,20180213,1507,92800,147
741,20180213,1508,92700,22
742,20180213,1509,92800,1
743,20180213,1510,92800,64
744,20180213,1511,92700,104
745,20180213,1512,92600,329
746,20180213,1513,92500,18
747,20180213,1514,92400,127
748,20180213,1515,92400,368
749,20180213,1516,92600,95
750,20180213,1517,92600,40
751,20180213,1518,92500,102
752,20180213,1519,92500,76
753,20180213,1520,92600,264
754,20180213,1530,92500,3038
755,20180214,901,92500,1455
756,20180214,902,93700,144
757,20180214,903,93800,331
758,20180214,904,93100,52
759,20180214,905,93600,111
760,20180214,906,93600,101
761,20180214,907,93600,401
762,20180214,908,93600,751
763,20180214,909,93800,17
764,20180214,910,93800,105
765,20180214,911,93700,23
766,20180214,912,93700,689
767,20180214,913,93300,187
768,20180214,914,93300,432
769,20180214,915,92900,130
770,20180214,916,92700,381
771,20180214,917,92900,172
772,20180214,918,93100,28
773,20180214,919,93100,139
774,20180214,920,93000,36
775,20180214,921,93000,433
776,20180214,922,92800,80
777,20180214,923,92900,735
778,20180214,924,93200,204
779,20180214,925,92900,17
780,20180214,926,93000,13
781,20180214,927,93100,54
782,20180214,928,93100,13
783,20180214,929,93000,10
784,20180214,930,93100,7
785,20180214,931,93100,144
786,20180214,932,92900,83
787,20180214,933,92900,1
788,20180214,934,92900,121
789,20180214,935,92900,37
790,20180214,936,92900,129
791,20180214,937,93000,210
792,20180214,938,93100,1281
793,20180214,939,93600,133
794,20180214,940,93600,120
795,20180214,941,93500,432
796,20180214,942,93600,1134
797,20180214,943,93900,527
798,20180214,944,93800,157
799,20180214,945,93400,161
800,20180214,946,93500,2
801,20180214,947,93600,105
802,20180214,948,93600,40
803,20180214,949,93800,118
804,20180214,950,93700,168
805,20180214,951,93600,6
806,20180214,952,93600,103
807,20180214,953,93600,5
808,20180214,954,93600,138
809,20180214,955,93500,106
810,20180214,956,93500,58
811,20180214,959,93500,103
812,20180214,1000,93600,20
813,20180214,1001,93600,124
814,20180214,1002,93400,1
815,20180214,1003,93400,233
816,20180214,1004,93300,449
817,20180214,1005,93200,25
818,20180214,1007,93100,58
819,20180214,1008,93200,4
820,20180214,1009,93200,1
821,20180214,1010,93100,164
822,20180214,1011,93000,7
823,20180214,1012,93000,119
824,20180214,1013,93000,159
825,20180214,1014,93000,3
826,20180214,1015,93100,302
827,20180214,1016,93400,79
828,20180214,1017,93100,12
829,20180214,1018,93100,100
830,20180214,1019,93200,447
831,20180214,1020,93500,43
832,20180214,1021,93400,5
833,20180214,1022,93500,59
834,20180214,1023,93600,13
835,20180214,1024,93500,99
836,20180214,1025,93400,71
837,20180214,1026,93300,2
838,20180214,1027,93400,36
839,20180214,1028,93400,13
840,20180214,1029,93300,81
841,20180214,1030,93300,216
842,20180214,1031,93500,50
843,20180214,1032,93500,11
844,20180214,1033,93700,73
845,20180214,1034,93600,100
846,20180214,1035,93500,106
847,20180214,1036,93500,11
848,20180214,1037,93500,76
849,20180214,1038,93400,42
850,20180214,1039,93300,29
851,20180214,1040,93400,29
852,20180214,1041,93300,3
853,20180214,1042,93400,44
854,20180214,1043,93300,2
855,20180214,1044,93300,16
856,20180214,1045,93300,171
857,20180214,1046,93400,106
858,20180214,1047,93400,8
859,20180214,1048,93300,143
860,20180214,1049,93400,184
861,20180214,1050,93400,13
862,20180214,1051,93400,31
863,20180214,1052,93500,3
864,20180214,1053,93600,335
865,20180214,1054,93700,58
866,20180214,1055,93800,180
867,20180214,1056,93700,98
868,20180214,1057,93700,81
869,20180214,1058,93800,24
870,20180214,1059,93700,1
871,20180214,1100,93700,258
872,20180214,1101,93300,17
873,20180214,1102,93400,26
874,20180214,1103,93300,302
875,20180214,1104,93300,3
876,20180214,1105,93400,6
877,20180214,1106,93400,55
878,20180214,1107,93400,17
879,20180214,1108,93400,16
880,20180214,1109,93400,55
881,20180214,1110,93300,10
882,20180214,1111,93400,129
883,20180214,1112,93400,43
884,20180214,1113,93400,92
885,20180214,1114,93300,13
886,20180214,1115,93300,216
887,20180214,1116,93400,243
888,20180214,1117,93300,1223
889,20180214,1118,93000,343
890,20180214,1119,92900,461
891,20180214,1120,92700,698
892,20180214,1121,92500,563
893,20180214,1122,92400,167
894,20180214,1123,92300,581
895,20180214,1124,92100,605
896,20180214,1125,91900,88
897,20180214,1126,91900,6310
898,20180214,1127,92800,144
899,20180214,1128,92500,17
900,20180214,1129,92600,1
901,20180214,1130,92500,36
902,20180214,1131,92500,114
903,20180214,1132,92300,163
904,20180214,1133,92300,45
905,20180214,1134,92200,7
906,20180214,1135,92300,7
907,20180214,1136,92200,38
908,20180214,1137,92200,37
909,20180214,1138,92200,609
910,20180214,1139,92100,5
911,20180214,1140,92100,2
912,20180214,1141,92100,24
913,20180214,1142,92000,53
914,20180214,1143,92100,14
915,20180214,1144,92100,327
916,20180214,1145,92100,45
917,20180214,1146,92100,94
918,20180214,1147,92100,333
919,20180214,1148,92100,2540
920,20180214,1149,91800,22
921,20180214,1150,91800,123
922,20180214,1151,91800,19
923,20180214,1152,91800,103
924,20180214,1153,91700,24
925,20180214,1154,91700,68
926,20180214,1155,91700,59
927,20180214,1156,91800,18
928,20180214,1157,91800,30
929,20180214,1158,91800,58
930,20180214,1159,91800,71
931,20180214,1200,91800,61
932,20180214,1201,91700,2
933,20180214,1202,91800,8
934,20180214,1203,91800,12
935,20180214,1204,91800,229
936,20180214,1205,91800,57
937,20180214,1206,91800,28
938,20180214,1207,91800,54
939,20180214,1208,91700,514
940,20180214,1209,91800,59
941,20180214,1210,91800,76
942,20180214,1211,91700,47
943,20180214,1212,91800,16
944,20180214,1213,91800,13
945,20180214,1214,91700,28
946,20180214,1215,91800,9
947,20180214,1216,91800,65
948,20180214,1217,91700,234
949,20180214,1218,91700,118
950,20180214,1219,91800,35
951,20180214,1220,91800,119
952,20180214,1221,91800,23
953,20180214,1222,91800,154
954,20180214,1223,91800,530
955,20180214,1224,91800,27
956,20180214,1225,91800,6955
957,20180214,1226,92400,267
958,20180214,1227,92300,10
959,20180214,1228,92400,6
960,20180214,1229,92300,28
961,20180214,1230,92400,27
962,20180214,1231,92400,51
963,20180214,1232,92400,13
964,20180214,1233,92400,10
965,20180214,1234,92300,61
966,20180214,1235,92300,40
967,20180214,1236,92400,22
968,20180214,1237,92300,7
969,20180214,1238,92300,76
970,20180214,1239,92300,872
971,20180214,1240,92400,2
972,20180214,1241,92500,5
973,20180214,1242,92400,78
974,20180214,1243,92500,7
975,20180214,1244,92400,40
976,20180214,1245,92400,16
977,20180214,1246,92500,57
978,20180214,1247,92300,34
979,20180214,1248,92300,48
980,20180214,1249,92400,12
981,20180214,1250,92300,5
982,20180214,1251,92300,4
983,20180214,1252,92400,9
984,20180214,1253,92200,34
985,20180214,1254,92200,59
986,20180214,1255,92200,570
987,20180214,1256,91900,354
988,20180214,1257,92000,140
989,20180214,1258,92000,225
990,20180214,1259,92100,59
991,20180214,1300,92100,7
992,20180214,1301,92100,13
993,20180214,1302,92200,1
994,20180214,1303,92200,2
995,20180214,1304,92100,23
996,20180214,1305,92100,31
997,20180214,1306,92100,3
998,20180214,1307,92100,14
999,20180214,1308,92100,22
1000,20180214,1309,92100,7
1001,20180214,1310,92100,24
1002,20180214,1311,92100,30
1003,20180214,1312,92100,61
1004,20180214,1313,92200,5
1005,20180214,1314,92100,3
1006,20180214,1315,92100,77
1007,20180214,1316,92100,3
1008,20180214,1317,92200,85
1009,20180214,1318,92200,2
1010,20180214,1319,92200,51
1011,20180214,1320,92200,143
1012,20180214,1321,92200,7
1013,20180214,1322,92300,3
1014,20180214,1323,92300,170
1015,20180214,1324,92200,49
1016,20180214,1325,92400,156
1017,20180214,1326,92700,9
1018,20180214,1327,92700,114
1019,20180214,1328,92700,50
1020,20180214,1329,92600,41
1021,20180214,1330,92700,4
1022,20180214,1331,92700,11
1023,20180214,1332,92600,15
1024,20180214,1333,92700,17
1025,20180214,1334,92600,14
1026,20180214,1335,92600,102
1027,20180214,1336,92700,39
1028,20180214,1337,92700,16
1029,20180214,1338,92800,1
1030,20180214,1339,92800,134
1031,20180214,1340,92800,86
1032,20180214,1341,92800,109
1033,20180214,1342,93000,29
1034,20180214,1343,93000,100
1035,20180214,1344,93100,17
1036,20180214,1345,93100,15
1037,20180214,1346,93000,38
1038,20180214,1347,93000,63
1039,20180214,1348,93100,6
1040,20180214,1349,93100,4
1041,20180214,1350,93000,12
1042,20180214,1351,93100,586
1043,20180214,1352,93200,201
1044,20180214,1353,93300,259
1045,20180214,1354,93400,215
1046,20180214,1355,93300,54
1047,20180214,1356,93200,6
1048,20180214,1357,93400,213
1049,20180214,1358,93400,127
1050,20180214,1359,93200,19
1051,20180214,1400,93100,4
1052,20180214,1401,93100,24
1053,20180214,1403,93200,95
1054,20180214,1404,93300,64
1055,20180214,1405,93200,28
1056,20180214,1407,93000,329
1057,20180214,1408,92800,46
1058,20180214,1409,93000,121
1059,20180214,1410,93000,65
1060,20180214,1411,93100,120
1061,20180214,1412,93300,35
1062,20180214,1413,93300,83
1063,20180214,1414,93200,116
1064,20180214,1415,93000,57
1065,20180214,1416,93100,117
1066,20180214,1417,93200,146
1067,20180214,1418,93300,11
1068,20180214,1419,93200,24
1069,20180214,1420,93200,214
1070,20180214,1421,93400,794
1071,20180214,1422,93600,804
1072,20180214,1423,93800,413
1073,20180214,1424,93800,155
1074,20180214,1425,93800,184
1075,20180214,1426,93800,248
1076,20180214,1427,93600,156
1077,20180214,1428,93500,53
1078,20180214,1429,93400,12
1079,20180214,1430,93300,306
1080,20180214,1431,93500,81
1081,20180214,1432,93600,124
1082,20180214,1433,93600,4
1083,20180214,1434,93500,53
1084,20180214,1435,93400,420
1085,20180214,1436,93100,20
1086,20180214,1437,93200,27
1087,20180214,1438,93100,403
1088,20180214,1439,92900,304
1089,20180214,1440,92800,50
1090,20180214,1441,92800,12
1091,20180214,1442,92800,15
1092,20180214,1443,92800,273
1093,20180214,1444,93400,133
1094,20180214,1445,93100,7
1095,20180214,1446,93100,79
1096,20180214,1447,93100,140
1097,20180214,1448,93200,16
1098,20180214,1449,93200,21
1099,20180214,1450,93200,18
1100,20180214,1451,93300,108
1101,20180214,1452,93200,193
1102,20180214,1453,93100,121
1103,20180214,1454,93100,184
1104,20180214,1455,93000,25
1105,20180214,1456,93100,277
1106,20180214,1457,93100,52
1107,20180214,1458,93100,127
1108,20180214,1459,93000,134
1109,20180214,1500,93000,51
1110,20180214,1501,93200,77
1111,20180214,1502,93400,1953
1112,20180214,1503,93900,2827
1113,20180214,1504,94100,659
1114,20180214,1505,94400,964
1115,20180214,1506,94600,1497
1116,20180214,1507,94600,2035
1117,20180214,1508,94400,334
1118,20180214,1509,94300,175
1119,20180214,1510,94400,331
1120,20180214,1511,94400,250
1121,20180214,1512,94300,100
1122,20180214,1513,94400,75
1123,20180214,1514,94400,485
1124,20180214,1515,94400,239
1125,20180214,1516,94400,128
1126,20180214,1517,94400,461
1127,20180214,1518,94500,736
1128,20180214,1519,94500,226
1129,20180214,1520,94500,242
1130,20180214,1530,94500,5338
0,20180219,903,85000,54557
1,20180219,904,85900,13610
2,20180219,905,86500,20077
3,20180219,906,84700,12154
4,20180219,907,84600,11479
5,20180219,908,84400,6979
6,20180219,909,83700,7835
7,20180219,910,83400,8291
8,20180219,911,84200,3705
9,20180219,912,84100,3326
10,20180219,913,84400,4497
11,20180219,914,84100,4421
12,20180219,915,83700,3527
13,20180219,916,83500,8956
14,20180219,917,83300,4341
15,20180219,918,83900,1777
16,20180219,919,84000,2166
17,20180219,920,84100,1933
18,20180219,921,84000,963
19,20180219,922,84200,1290
20,20180219,923,84000,3306
21,20180219,924,83900,1285
22,20180219,925,83800,1332
23,20180219,926,84100,1418
24,20180219,927,84400,2250
25,20180219,928,84600,1595
26,20180219,929,84600,2453
27,20180219,930,84400,5781
28,20180219,931,84900,2148
29,20180219,932,84800,1207
30,20180219,933,85000,506
31,20180219,934,84900,3339
32,20180219,935,85400,5216
33,20180219,936,85500,2283
34,20180219,937,85600,1490
35,20180219,938,85600,2032
36,20180219,939,85500,954
37,20180219,940,85800,3450
38,20180219,941,86000,2915
39,20180219,942,86100,4538
40,20180219,943,86100,4385
41,20180219,944,85800,1012
42,20180219,945,85800,847
43,20180219,946,85700,297
44,20180219,947,85600,3142
45,20180219,948,85400,1203
46,20180219,949,85100,1479
47,20180219,950,85600,719
48,20180219,951,85500,236
49,20180219,952,85700,823
50,20180219,953,86000,171
51,20180219,954,86000,465
52,20180219,955,85900,570
53,20180219,956,86100,707
54,20180219,957,86000,1159
55,20180219,958,85900,1731
56,20180219,959,85500,2047
57,20180219,1000,85200,3481
58,20180219,1001,84900,1715
59,20180219,1002,84700,382
60,20180219,1003,84800,1497
61,20180219,1004,84700,1403
62,20180219,1005,85000,296
63,20180219,1006,85100,485
64,20180219,1007,85200,464
65,20180219,1008,85300,743
66,20180219,1009,85500,662
67,20180219,1010,85500,818
68,20180219,1011,85300,129
69,20180219,1012,85400,80
70,20180219,1013,85300,429
71,20180219,1014,85300,645
72,20180219,1015,85200,163
73,20180219,1016,85200,280
74,20180219,1017,85300,351
75,20180219,1018,85300,166
76,20180219,1019,85200,882
77,20180219,1020,85100,1751
78,20180219,1021,85000,440
79,20180219,1022,84800,1192
80,20180219,1023,84600,1313
81,20180219,1024,84700,944
82,20180219,1025,84700,852
83,20180219,1026,84800,162
84,20180219,1027,84900,1172
85,20180219,1028,84700,583
86,20180219,1029,84800,466
87,20180219,1030,84800,46
88,20180219,1031,84800,403
89,20180219,1032,84800,169
90,20180219,1033,84900,690
91,20180219,1034,84800,2038
92,20180219,1035,85100,195
93,20180219,1036,85000,580
94,20180219,1037,84900,136
95,20180219,1038,84900,976
96,20180219,1039,84900,721
97,20180219,1040,85100,485
98,20180219,1041,85000,540
99,20180219,1042,85100,520
100,20180219,1043,85000,542
101,20180219,1044,85100,803
102,20180219,1045,85200,348
103,20180219,1046,85300,302
104,20180219,1047,85200,183
105,20180219,1048,85200,746
106,20180219,1049,85100,118
107,20180219,1050,85200,294
108,20180219,1051,85200,488
109,20180219,1052,85600,351
110,20180219,1053,85600,142
111,20180219,1054,85600,636
112,20180219,1055,85600,87
113,20180219,1056,85600,384
114,20180219,1057,85700,173
115,20180219,1058,85600,291
116,20180219,1059,85800,784
117,20180219,1100,85500,798
118,20180219,1101,85500,218
119,20180219,1102,85500,173
120,20180219,1103,85500,423
121,20180219,1104,85400,1169
122,20180219,1105,85400,784
123,20180219,1106,85500,1534
124,20180219,1107,85900,1934
125,20180219,1108,86000,5038
126,20180219,1109,86200,1345
127,20180219,1110,86100,1171
128,20180219,1111,86000,1054
129,20180219,1112,86000,1929
130,20180219,1113,86000,1585
131,20180219,1114,86100,1380
132,20180219,1115,86000,479
133,20180219,1116,85600,457
134,20180219,1117,85800,891
135,20180219,1118,85800,500
136,20180219,1119,85900,870
137,20180219,1120,86000,667
138,20180219,1121,85900,264
139,20180219,1122,86000,1975
140,20180219,1123,85900,800
141,20180219,1124,86100,794
142,20180219,1125,86000,1950
143,20180219,1126,86300,1015
144,20180219,1127,86300,4619
145,20180219,1128,86600,2412
146,20180219,1129,86700,2275
147,20180219,1130,86500,1923
148,20180219,1131,86500,1006
149,20180219,1132,86600,1128
150,20180219,1133,86600,1436
151,20180219,1134,86500,1562
152,20180219,1135,86300,1740
153,20180219,1136,86100,1084
154,20180219,1137,86200,2037
155,20180219,1138,86500,656
156,20180219,1139,86500,826
157,20180219,1140,86300,2241
158,20180219,1141,86100,340
159,20180219,1142,86200,1742
160,20180219,1143,86200,525
161,20180219,1144,86300,308
162,20180219,1145,86300,867
163,20180219,1146,86100,321
164,20180219,1147,86300,779
165,20180219,1148,86400,619
166,20180219,1149,86500,1669
167,20180219,1150,86700,12802
168,20180219,1151,87400,4512
169,20180219,1152,87400,2969
170,20180219,1153,87300,1398
171,20180219,1154,87200,1270
172,20180219,1155,87200,3825
173,20180219,1156,87800,2641
174,20180219,1157,87300,522
175,20180219,1158,87400,1117
176,20180219,1159,87400,1610
177,20180219,1200,87300,556
178,20180219,1201,87200,1092
179,20180219,1202,87300,432
180,20180219,1203,87200,777
181,20180219,1204,87500,1390
182,20180219,1205,87700,811
183,20180219,1206,87700,949
184,20180219,1207,87600,1486
185,20180219,1208,87300,488
186,20180219,1209,87400,832
187,20180219,1210,87700,299
188,20180219,1211,87800,4873
189,20180219,1212,87900,1377
190,20180219,1213,87900,1016
191,20180219,1214,88000,1049
192,20180219,1215,88100,1472
193,20180219,1216,88400,1320
194,20180219,1217,88300,1053
195,20180219,1218,88300,2848
196,20180219,1219,88200,1495
197,20180219,1220,88300,1506
198,20180219,1221,88200,538
199,20180219,1222,88100,304
200,20180219,1223,88000,470
201,20180219,1224,88100,1995
202,20180219,1225,88300,436
203,20180219,1226,88400,1544
204,20180219,1227,88400,1760
205,20180219,1228,88200,4966
206,20180219,1229,87900,1700
207,20180219,1230,87800,274
208,20180219,1231,87800,633
209,20180219,1232,88000,350
210,20180219,1233,88000,278
211,20180219,1234,87800,436
212,20180219,1235,87900,1988
213,20180219,1236,87700,2087
214,20180219,1237,87600,3713
215,20180219,1238,87300,1096
216,20180219,1239,87100,283
217,20180219,1240,87100,626
218,20180219,1241,87200,867
219,20180219,1242,87400,172
220,20180219,1243,87400,257
221,20180219,1244,87500,367
222,20180219,1245,87500,201
223,20180219,1246,87500,291
224,20180219,1247,87600,581
225,20180219,1248,87400,677
226,20180219,1249,87500,569
227,20180219,1250,87400,272
228,20180219,1251,87400,453
229,20180219,1252,87600,361
230,20180219,1253,87500,272
231,20180219,1254,87300,1196
232,20180219,1255,87300,358
233,20180219,1256,87300,319
234,20180219,1257,87400,191
235,20180219,1258,87400,152
236,20180219,1259,87400,192
237,20180219,1300,87400,329
238,20180219,1301,87400,1031
239,20180219,1302,87200,540
240,20180219,1303,87300,389
241,20180219,1304,87300,236
242,20180219,1305,87200,4500
243,20180219,1306,87100,676
244,20180219,1307,87000,250
245,20180219,1308,87100,1400
246,20180219,1309,87100,1053
247,20180219,1310,86900,1627
248,20180219,1311,86500,1230
249,20180219,1312,86800,202
250,20180219,1313,86700,369
251,20180219,1314,86700,325
252,20180219,1315,86600,1294
253,20180219,1316,86300,2427
254,20180219,1317,86300,1562
255,20180219,1318,86500,1131
256,20180219,1319,86300,442
257,20180219,1320,86500,473
258,20180219,1321,86400,234
259,20180219,1322,86400,829
260,20180219,1323,86500,241
261,20180219,1324,86400,455
262,20180219,1325,86500,282
263,20180219,1326,86400,521
264,20180219,1327,86400,846
265,20180219,1328,86200,438
266,20180219,1329,86200,635
267,20180219,1330,86200,3801
268,20180219,1331,85800,956
269,20180219,1332,86000,254
270,20180219,1333,85900,415
271,20180219,1334,85900,504
272,20180219,1335,86000,641
273,20180219,1336,86200,550
274,20180219,1337,86100,436
275,20180219,1338,86100,1336
276,20180219,1339,86100,229
277,20180219,1340,86300,445
278,20180219,1341,86400,644
279,20180219,1342,86200,351
280,20180219,1343,86200,742
281,20180219,1344,86300,665
282,20180219,1345,86200,483
283,20180219,1346,86400,623
284,20180219,1347,86400,756
285,20180219,1348,86400,628
286,20180219,1349,86200,625
287,20180219,1350,86200,878
288,20180219,1351,86300,449
289,20180219,1352,86400,627
290,20180219,1353,86500,684
291,20180219,1354,86400,224
292,20180219,1355,86500,1091
293,20180219,1356,86500,1785
294,20180219,1357,86500,1330
295,20180219,1358,86400,454
296,20180219,1359,86400,197
297,20180219,1400,86400,702
298,20180219,1401,86300,802
299,20180219,1402,86400,867
300,20180219,1403,86400,411
301,20180219,1404,86400,240
302,20180219,1405,86400,658
303,20180219,1406,86400,401
304,20180219,1407,86600,915
305,20180219,1408,86400,613
306,20180219,1409,86300,295
307,20180219,1410,86300,363
308,20180219,1411,86300,1481
309,20180219,1412,86100,737
310,20180219,1413,86100,256
311,20180219,1414,86100,247
312,20180219,1415,86100,998
313,20180219,1416,86000,435
314,20180219,1417,86000,273
315,20180219,1418,86000,436
316,20180219,1419,86000,572
317,20180219,1420,86000,438
318,20180219,1421,86000,1631
319,20180219,1422,86000,1697
320,20180219,1423,85800,1858
321,20180219,1424,86000,444
322,20180219,1425,86100,460
323,20180219,1426,85900,995
324,20180219,1427,86000,588
325,20180219,1428,86100,599
326,20180219,1429,86100,386
327,20180219,1430,86100,368
328,20180219,1431,86200,229
329,20180219,1432,86200,557
330,20180219,1433,86100,637
331,20180219,1434,86000,873
332,20180219,1435,86100,322
333,20180219,1436,86000,519
334,20180219,1437,86100,361
335,20180219,1438,86100,1200
336,20180219,1439,86200,392
337,20180219,1440,86100,307
338,20180219,1441,86100,577
339,20180219,1442,86000,1218
340,20180219,1443,86100,1202
341,20180219,1444,86000,797
342,20180219,1445,85800,590
343,20180219,1446,85900,618
344,20180219,1447,85800,744
345,20180219,1448,85900,342
346,20180219,1449,86000,809
347,20180219,1450,86000,455
348,20180219,1451,86000,243
349,20180219,1452,85900,812
350,20180219,1453,85900,1370
351,20180219,1454,85900,285
352,20180219,1455,86000,572
353,20180219,1456,85900,294
354,20180219,1457,85900,395
355,20180219,1458,85900,1329
356,20180219,1459,86000,584
357,20180219,1500,86000,671
358,20180219,1501,85900,553
359,20180219,1502,85900,531
360,20180219,1503,85900,1809
361,20180219,1504,86200,492
362,20180219,1505,86200,747
363,20180219,1506,86000,541
364,20180219,1507,86000,630
365,20180219,1508,86100,244
366,20180219,1509,86000,354
367,20180219,1510,86000,601
368,20180219,1511,86000,1218
369,20180219,1512,86000,1065
370,20180219,1513,86100,643
371,20180219,1514,86100,1804
372,20180219,1515,86300,1474
373,20180219,1516,86300,396
374,20180219,1517,86300,618
375,20180219,1518,86400,269
376,20180219,1519,86300,410
377,20180219,1520,86400,846
378,20180219,1530,86300,9414
379,20180220,901,86900,5670
380,20180220,902,86900,2243
381,20180220,903,87300,8221
382,20180220,904,87800,6703
383,20180220,905,87700,4942
384,20180220,906,87300,1694
385,20180220,907,87100,2864
386,20180220,908,87100,433
387,20180220,909,87100,725
388,20180220,910,87400,1211
389,20180220,911,87500,2324
390,20180220,912,87700,1059
391,20180220,913,87800,1817
392,20180220,914,87000,2373
393,20180220,915,87300,560
394,20180220,916,87200,933
395,20180220,917,87400,428
396,20180220,918,87300,1125
397,20180220,919,87800,1050
398,20180220,920,87900,1227
399,20180220,921,87900,1520
400,20180220,922,88100,1032
401,20180220,923,88200,1773
402,20180220,924,88400,2931
403,20180220,925,88300,2356
404,20180220,926,88400,2796
405,20180220,927,88000,849
406,20180220,928,88300,2297
407,20180220,929,87900,798
408,20180220,930,88000,396
409,20180220,931,87900,1318
410,20180220,932,87700,871
411,20180220,933,87900,909
412,20180220,934,88000,596
413,20180220,935,88000,731
414,20180220,936,88000,382
415,20180220,937,88000,1323
416,20180220,938,88300,1214
417,20180220,939,88400,1086
418,20180220,940,88200,1621
419,20180220,941,88200,361
420,20180220,942,88200,2522
421,20180220,943,88300,813
422,20180220,944,88400,3029
423,20180220,945,88500,1679
424,20180220,946,88700,1360
425,20180220,947,88800,2407
426,20180220,948,88600,1374
427,20180220,949,88500,1435
428,20180220,950,88400,444
429,20180220,951,88500,463
430,20180220,952,88600,260
431,20180220,953,88600,204
432,20180220,954,88500,2844
433,20180220,955,88300,994
434,20180220,956,88200,524
435,20180220,957,88400,692
436,20180220,958,88300,339
437,20180220,959,88400,1294
438,20180220,1000,88300,4138
439,20180220,1001,88000,815
440,20180220,1002,87900,290
441,20180220,1003,87800,519
442,20180220,1004,87800,532
443,20180220,1005,88000,1333
444,20180220,1006,88100,923
445,20180220,1007,87800,1414
446,20180220,1008,87700,119
447,20180220,1009,87700,449
448,20180220,1010,87800,120
449,20180220,1011,87700,316
450,20180220,1012,87700,164
451,20180220,1013,87800,371
452,20180220,1014,87900,233
453,20180220,1015,87900,118
454,20180220,1016,87900,108
455,20180220,1017,88000,53
456,20180220,1018,88000,1134
457,20180220,1019,88100,525
458,20180220,1020,88100,85
459,20180220,1021,88100,380
460,20180220,1022,88300,57
461,20180220,1023,88300,1343
462,20180220,1024,88000,492
463,20180220,1025,88000,269
464,20180220,1026,88100,12
465,20180220,1027,88000,377
466,20180220,1028,88200,30
467,20180220,1029,88100,2239
468,20180220,1030,88000,71
469,20180220,1031,88000,3
470,20180220,1032,87900,50
471,20180220,1033,88000,130
472,20180220,1034,88000,280
473,20180220,1035,88000,21
474,20180220,1036,88100,119
475,20180220,1037,88000,199
476,20180220,1038,87900,17
477,20180220,1039,87900,313
478,20180220,1040,87900,147
479,20180220,1041,87800,8
480,20180220,1042,87800,914
481,20180220,1043,87800,1880
482,20180220,1044,87700,2147
483,20180220,1045,87600,699
484,20180220,1046,87600,278
485,20180220,1047,87600,152
486,20180220,1048,87700,128
487,20180220,1049,87700,495
488,20180220,1050,87600,175
489,20180220,1051,87600,1757
490,20180220,1052,87700,298
491,20180220,1053,87700,85
492,20180220,1054,87600,790
493,20180220,1055,87400,2112
494,20180220,1056,87000,836
495,20180220,1057,87200,118
496,20180220,1058,87300,1292
497,20180220,1059,87100,460
498,20180220,1100,87000,205
499,20180220,1101,87100,40
500,20180220,1102,87200,165
501,20180220,1103,87300,70
502,20180220,1104,87200,602
503,20180220,1105,87600,297
504,20180220,1106,87600,37
505,20180220,1107,87500,171
506,20180220,1108,87500,66
507,20180220,1109,87600,54
508,20180220,1110,87500,171
509,20180220,1111,87500,227
510,20180220,1112,87400,73
511,20180220,1113,87400,72
512,20180220,1114,87300,433
513,20180220,1115,87400,265
514,20180220,1116,87700,64
515,20180220,1117,87700,131
516,20180220,1118,87500,198
517,20180220,1119,87500,100
518,20180220,1120,87600,44
519,20180220,1121,87700,137
520,20180220,1122,87800,304
521,20180220,1123,87700,311
522,20180220,1124,87700,22
523,20180220,1125,87600,52
524,20180220,1126,87600,1
525,20180220,1127,87600,69
526,20180220,1128,87700,16
527,20180220,1129,87600,14
528,20180220,1130,87700,193
529,20180220,1131,87600,20
530,20180220,1132,87500,149
531,20180220,1133,87600,13
532,20180220,1134,87600,65
533,20180220,1135,87500,97
534,20180220,1136,87600,117
535,20180220,1137,87600,155
536,20180220,1138,87600,126
537,20180220,1139,87600,135
538,20180220,1140,87600,542
539,20180220,1141,87500,178
540,20180220,1142,87400,237
541,20180220,1143,87400,59
542,20180220,1144,87400,109
543,20180220,1145,87500,161
544,20180220,1146,87400,57
545,20180220,1147,87600,547
546,20180220,1148,87800,7
547,20180220,1149,87700,107
548,20180220,1150,87700,18
549,20180220,1151,87700,39
550,20180220,1152,87800,50
551,20180220,1153,87800,102
552,20180220,1154,87800,12
553,20180220,1155,87700,12
554,20180220,1156,87800,87
555,20180220,1157,87800,67
556,20180220,1158,87800,75
557,20180220,1159,87700,67
558,20180220,1200,87800,117
559,20180220,1201,87800,800
560,20180220,1202,88000,36
561,20180220,1203,88000,64
562,20180220,1204,88000,15
563,20180220,1205,87900,6
564,20180220,1206,88000,110
565,20180220,1207,88000,311
566,20180220,1208,87900,1064
567,20180220,1209,87700,17
568,20180220,1210,87600,1
569,20180220,1211,87600,120
570,20180220,1212,87700,16
571,20180220,1213,87600,51
572,20180220,1214,87600,5
573,20180220,1215,87700,36
574,20180220,1216,87700,70
575,20180220,1217,87700,255
576,20180220,1218,87900,102
577,20180220,1219,87900,42
578,20180220,1220,87800,53
579,20180220,1221,87800,621
580,20180220,1222,88000,105
581,20180220,1223,87900,27
582,20180220,1224,87700,129
583,20180220,1225,87800,40
584,20180220,1226,87900,56
585,20180220,1227,87800,51
586,20180220,1228,87800,70
587,20180220,1229,87800,27
588,20180220,1230,87800,114
589,20180220,1231,87800,3
590,20180220,1232,87700,14
591,20180220,1233,87800,55
592,20180220,1234,87700,45
593,20180220,1235,87800,10
594,20180220,1236,87800,47
595,20180220,1237,87700,175
596,20180220,1238,87600,319
597,20180220,1239,87600,8
598,20180220,1240,87500,47
599,20180220,1241,87700,33
600,20180220,1242,87800,55
601,20180220,1243,87700,52
602,20180220,1244,87600,1155
603,20180220,1245,87500,5160
604,20180220,1246,87200,15
605,20180220,1247,87300,362
606,20180220,1248,87400,398
607,20180220,1249,87600,76
608,20180220,1250,87500,335
609,20180220,1251,87500,506
610,20180220,1252,87400,1082
611,20180220,1253,87300,369
612,20180220,1254,87400,814
613,20180220,1255,87200,213
614,20180220,1256,87400,103
615,20180220,1257,87300,281
616,20180220,1258,87400,20
617,20180220,1259,87400,50
618,20180220,1300,87500,60
619,20180220,1301,87400,3
620,20180220,1302,87400,105
621,20180220,1303,87400,33
622,20180220,1304,87400,354
623,20180220,1305,87300,507
624,20180220,1306,87300,96
625,20180220,1307,87300,141
626,20180220,1308,87100,1043
627,20180220,1309,87000,235
628,20180220,1310,87200,24
629,20180220,1311,87200,166
630,20180220,1312,87200,55
631,20180220,1313,87300,9
632,20180220,1314,87300,271
633,20180220,1315,87300,631
634,20180220,1316,87300,80
635,20180220,1317,87300,47
636,20180220,1318,87400,54
637,20180220,1319,87400,1
638,20180220,1320,87300,60
639,20180220,1321,87400,318
640,20180220,1322,87100,92
641,20180220,1323,87200,29
642,20180220,1324,87400,47
643,20180220,1325,87300,66
644,20180220,1326,87300,110
645,20180220,1327,87200,104
646,20180220,1328,87200,23
647,20180220,1329,87200,377
648,20180220,1330,87200,65
649,20180220,1331,87300,94
650,20180220,1332,87100,31
651,20180220,1333,87200,72
652,20180220,1334,87300,257
653,20180220,1335,87100,467
654,20180220,1336,87200,76
655,20180220,1337,87200,111
656,20180220,1338,87200,84
657,20180220,1339,87300,15
658,20180220,1340,87300,35
659,20180220,1341,87300,87
660,20180220,1342,87300,38
661,20180220,1343,87300,19
662,20180220,1344,87300,42
663,20180220,1345,87400,586
664,20180220,1346,87500,36
665,20180220,1347,87500,424
666,20180220,1348,87500,72
667,20180220,1349,87500,287
668,20180220,1350,87600,76
669,20180220,1351,87600,431
670,20180220,1352,87600,136
671,20180220,1353,87600,43
672,20180220,1354,87500,302
673,20180220,1355,87500,713
674,20180220,1356,87400,21
675,20180220,1357,87400,755
676,20180220,1358,87400,300
677,20180220,1359,87200,23
678,20180220,1400,87200,49
679,20180220,1401,87200,13
680,20180220,1402,87200,282
681,20180220,1403,87300,50
682,20180220,1404,87300,106
683,20180220,1405,87200,187
684,20180220,1406,87200,159
685,20180220,1407,87100,350
686,20180220,1408,87200,25
687,20180220,1409,87200,99
688,20180220,1410,87100,331
689,20180220,1411,87100,551
690,20180220,1412,87100,221
691,20180220,1413,87100,210
692,20180220,1414,87000,539
693,20180220,1415,87100,118
694,20180220,1416,87100,61
695,20180220,1417,87100,208
696,20180220,1418,87000,80
697,20180220,1419,87000,1956
698,20180220,1420,87000,213
699,20180220,1421,87200,79
700,20180220,1422,87200,396
701,20180220,1423,87100,960
702,20180220,1424,86900,310
703,20180220,1425,87000,1131
704,20180220,1426,87000,1791
705,20180220,1427,86900,96
706,20180220,1428,86900,260
707,20180220,1429,86900,84
708,20180220,1430,86900,353
709,20180220,1431,86900,253
710,20180220,1432,87000,44
711,20180220,1433,87100,34
712,20180220,1434,87000,24
713,20180220,1435,87000,51
714,20180220,1436,87100,90
715,20180220,1437,87100,27
716,20180220,1438,87000,69
717,20180220,1439,87000,33
718,20180220,1440,87000,39
719,20180220,1441,87000,76
720,20180220,1442,87000,60
721,20180220,1443,87000,98
722,20180220,1444,87100,309
723,20180220,1445,87000,213
724,20180220,1446,87000,1411
725,20180220,1447,86900,1484
726,20180220,1448,86800,85
727,20180220,1449,86800,495
728,20180220,1450,86800,296
729,20180220,1451,86800,258
730,20180220,1452,86800,422
731,20180220,1453,86800,129
732,20180220,1454,86800,610
733,20180220,1455,86800,172
734,20180220,1456,86700,1180
735,20180220,1457,86700,342
736,20180220,1458,86700,486
737,20180220,1459,86600,52
738,20180220,1500,86600,152
739,20180220,1501,86600,320
740,20180220,1502,86600,86
741,20180220,1503,86700,388
742,20180220,1504,86600,333
743,20180220,1505,86600,149
744,20180220,1506,86600,443
745,20180220,1507,86700,367
746,20180220,1508,86700,1248
747,20180220,1509,86900,21
748,20180220,1510,86900,74
749,20180220,1511,86900,157
750,20180220,1512,86900,532
751,20180220,1513,86800,180
752,20180220,1514,86900,131
753,20180220,1515,86900,18
754,20180220,1516,86800,182
755,20180220,1517,86700,110
756,20180220,1518,86800,417
757,20180220,1519,86800,315
758,20180220,1520,86800,279
759,20180220,1530,86800,3730
0,20180221,901,87100,1287
1,20180221,902,87300,190
2,20180221,903,87300,167
3,20180221,904,87200,579
4,20180221,905,87000,664
5,20180221,906,86300,911
6,20180221,907,86000,421
7,20180221,908,86000,741
8,20180221,909,85800,930
9,20180221,910,85700,1490
10,20180221,911,85900,227
11,20180221,912,85900,1009
12,20180221,913,86100,487
13,20180221,914,86600,114
14,20180221,915,86600,433
15,20180221,916,86800,795
16,20180221,917,87100,569
17,20180221,918,87100,334
18,20180221,919,87100,157
19,20180221,920,87200,242
20,20180221,921,87200,105
21,20180221,922,87200,552
22,20180221,923,87100,621
23,20180221,924,86600,290
24,20180221,925,86900,354
25,20180221,926,87000,525
26,20180221,927,87400,993
27,20180221,928,87000,204
28,20180221,929,87200,201
29,20180221,930,87200,169
30,20180221,931,87000,507
31,20180221,933,87000,233
32,20180221,934,87300,317
33,20180221,935,87200,420
34,20180221,936,87300,247
35,20180221,937,87300,122
36,20180221,938,87300,11
37,20180221,939,87300,114
38,20180221,940,87200,328
39,20180221,941,87100,372
40,20180221,942,87200,2472
41,20180221,943,87600,145
42,20180221,944,87600,576
43,20180221,945,87200,430
44,20180221,946,87300,94
45,20180221,947,87300,273
46,20180221,948,87200,6
47,20180221,949,87200,474
48,20180221,950,87200,54
49,20180221,951,87300,423
50,20180221,952,87300,210
51,20180221,953,87400,170
52,20180221,954,87300,441
53,20180221,955,87300,9
54,20180221,956,87200,26
55,20180221,957,87300,171
56,20180221,958,87300,389
57,20180221,959,87500,267
58,20180221,1000,87500,269
59,20180221,1001,87400,133
60,20180221,1002,87300,112
61,20180221,1003,87300,102
62,20180221,1004,87300,457
63,20180221,1005,87200,144
64,20180221,1006,87000,251
65,20180221,1007,87100,339
66,20180221,1008,87100,204
67,20180221,1009,87000,224
68,20180221,1010,86900,21
69,20180221,1011,87000,65
70,20180221,1012,87000,72
71,20180221,1013,87000,64
72,20180221,1014,86900,671
73,20180221,1015,86800,577
74,20180221,1016,86600,203
75,20180221,1017,86600,269
76,20180221,1018,86600,708
77,20180221,1019,86600,251
78,20180221,1020,86900,710
79,20180221,1021,86900,23
80,20180221,1022,86900,145
81,20180221,1023,87100,350
82,20180221,1024,87200,92
83,20180221,1025,87100,133
84,20180221,1026,87200,412
85,20180221,1028,87200,160
86,20180221,1029,87200,25
87,20180221,1030,87100,18
88,20180221,1031,87200,10
89,20180221,1032,87200,27
90,20180221,1033,87200,626
91,20180221,1034,87200,108
92,20180221,1035,87200,778
93,20180221,1036,86900,53
94,20180221,1037,86900,123
95,20180221,1038,86800,457
96,20180221,1039,86900,28
97,20180221,1040,86900,566
98,20180221,1041,86800,229
99,20180221,1042,86800,17
100,20180221,1043,86700,68
101,20180221,1044,86700,41
102,20180221,1045,86800,108
103,20180221,1046,86700,48
104,20180221,1047,86700,489
105,20180221,1048,87100,235
106,20180221,1049,87100,89
107,20180221,1050,87100,79
108,20180221,1051,87100,84
109,20180221,1052,87000,16
110,20180221,1053,87100,12
111,20180221,1054,87100,29
112,20180221,1055,87100,62
113,20180221,1056,87100,17
114,20180221,1057,87100,10
115,20180221,1058,87100,16
116,20180221,1059,87100,162
117,20180221,1100,87000,181
118,20180221,1101,87100,58
119,20180221,1102,87100,609
120,20180221,1103,86900,64
121,20180221,1104,86800,51
122,20180221,1105,86900,211
123,20180221,1106,87100,70
124,20180221,1107,87200,7
125,20180221,1108,87100,182
126,20180221,1109,87200,12
127,20180221,1110,87200,65
128,20180221,1111,87000,5
129,20180221,1112,87000,142
130,20180221,1113,87100,6
131,20180221,1114,87100,63
132,20180221,1115,87100,68
133,20180221,1116,87100,7
134,20180221,1117,87100,120
135,20180221,1118,87000,24
136,20180221,1119,87100,31
137,20180221,1120,87000,345
138,20180221,1121,87000,1
139,20180221,1122,87100,378
140,20180221,1123,87100,18
141,20180221,1124,87000,47
142,20180221,1125,87000,8
143,20180221,1126,87000,8
144,20180221,1127,87000,440
145,20180221,1128,87000,13
146,20180221,1129,86900,327
147,20180221,1130,86800,801
148,20180221,1131,86800,75
149,20180221,1132,86800,17
150,20180221,1133,86900,9
151,20180221,1134,86700,112
152,20180221,1135,86800,92
153,20180221,1136,86800,19
154,20180221,1137,86800,8
155,20180221,1138,86700,17
156,20180221,1139,86800,133
157,20180221,1140,86800,23
158,20180221,1141,86800,7
159,20180221,1142,86700,45
160,20180221,1143,86800,22
161,20180221,1144,86800,812
162,20180221,1145,86900,9
163,20180221,1146,86900,8
164,20180221,1147,86900,371
165,20180221,1148,87000,43
166,20180221,1149,87000,44
167,20180221,1150,86900,13
168,20180221,1151,87000,644
169,20180221,1152,87100,284
170,20180221,1153,87100,11
171,20180221,1154,87000,19
172,20180221,1156,87100,89
173,20180221,1157,87100,383
174,20180221,1158,87100,2338
175,20180221,1159,87200,9
176,20180221,1200,87300,25
177,20180221,1201,87300,60
178,20180221,1202,87300,74
179,20180221,1203,87300,61
180,20180221,1204,87300,39
181,20180221,1205,87300,129
182,20180221,1206,87300,20
183,20180221,1207,87300,11
184,20180221,1208,87300,411
185,20180221,1209,87300,3323
186,20180221,1210,87500,1174
187,20180221,1211,87600,152
188,20180221,1212,87500,512
189,20180221,1213,87500,203
190,20180221,1214,87500,2
191,20180221,1215,87500,274
192,20180221,1216,87300,5
193,20180221,1217,87200,338
194,20180221,1218,87400,8
195,20180221,1219,87400,93
196,20180221,1220,87400,36
197,20180221,1221,87400,15
198,20180221,1222,87400,11
199,20180221,1223,87300,13
200,20180221,1224,87300,115
201,20180221,1225,87400,111
202,20180221,1226,87300,115
203,20180221,1227,87300,35
204,20180221,1228,87200,208
205,20180221,1230,87300,117
206,20180221,1231,87300,28
207,20180221,1232,87200,65
208,20180221,1233,87100,265
209,20180221,1234,87000,76
210,20180221,1235,87100,59
211,20180221,1236,87100,508
212,20180221,1237,87300,3
213,20180221,1238,87300,8
214,20180221,1239,87300,6
215,20180221,1240,87300,64
216,20180221,1241,87100,133
217,20180221,1242,87100,29
218,20180221,1243,87000,72
219,20180221,1244,87000,20
220,20180221,1245,87100,239
221,20180221,1246,87000,437
222,20180221,1247,87200,1
223,20180221,1248,87200,5
224,20180221,1249,87100,9
225,20180221,1250,87100,6
226,20180221,1251,87200,246
227,20180221,1252,87100,368
228,20180221,1253,87000,105
229,20180221,1254,87100,5
230,20180221,1255,87100,24
231,20180221,1256,87100,176
232,20180221,1257,87000,6
233,20180221,1258,87000,89
234,20180221,1259,87000,783
235,20180221,1300,87000,107
236,20180221,1301,87100,60
237,20180221,1302,87200,4
238,20180221,1303,87100,416
239,20180221,1304,87000,585
240,20180221,1305,86800,3200
241,20180221,1306,86600,270
242,20180221,1307,86600,468
243,20180221,1308,86600,44
244,20180221,1309,86500,167
245,20180221,1310,86600,76
246,20180221,1311,86700,348
247,20180221,1312,86800,235
248,20180221,1313,86700,30
249,20180221,1314,86700,26
250,20180221,1315,86700,108
251,20180221,1316,86700,134
252,20180221,1317,86700,82
253,20180221,1318,86700,62
254,20180221,1319,86800,185
255,20180221,1320,86900,99
256,20180221,1321,87000,57
257,20180221,1322,87200,102
258,20180221,1323,87100,4
259,20180221,1324,87100,115
260,20180221,1325,87100,6
261,20180221,1326,87000,23
262,20180221,1327,87100,97
263,20180221,1328,87000,467
264,20180221,1329,86800,42
265,20180221,1330,86800,4
266,20180221,1331,86800,441
267,20180221,1332,86600,318
268,20180221,1333,86600,24
269,20180221,1334,86600,37
270,20180221,1335,86600,204
271,20180221,1336,86600,612
272,20180221,1337,86800,13
273,20180221,1338,86800,68
274,20180221,1339,86700,108
275,20180221,1340,86700,235
276,20180221,1341,86800,97
277,20180221,1342,86700,9
278,20180221,1343,86700,444
279,20180221,1344,86800,80
280,20180221,1345,86900,6
281,20180221,1346,86900,91
282,20180221,1348,86900,28
283,20180221,1349,87000,111
284,20180221,1350,86800,30
285,20180221,1351,86800,113
286,20180221,1352,86800,145
287,20180221,1353,86900,18
288,20180221,1354,86800,669
289,20180221,1355,86900,7
290,20180221,1356,86700,6
291,20180221,1357,86700,331
292,20180221,1358,86700,8
293,20180221,1359,86600,384
294,20180221,1400,86500,71
295,20180221,1401,86600,559
296,20180221,1402,86700,200
297,20180221,1403,86700,14
298,20180221,1404,86700,17
299,20180221,1405,86700,188
300,20180221,1406,86800,28
301,20180221,1407,86900,109
302,20180221,1408,86700,24
303,20180221,1409,86700,4
304,20180221,1410,86800,379
305,20180221,1411,86800,41
306,20180221,1412,86700,168
307,20180221,1413,86700,10
308,20180221,1414,86600,8
309,20180221,1415,86700,45
310,20180221,1416,86700,490
311,20180221,1417,86600,12
312,20180221,1418,86600,222
313,20180221,1419,86600,557
314,20180221,1420,86500,1137
315,20180221,1421,86500,373
316,20180221,1422,86400,692
317,20180221,1423,86500,135
318,20180221,1424,86600,206
319,20180221,1425,86500,52
320,20180221,1426,86600,14
321,20180221,1427,86600,7
322,20180221,1428,86600,257
323,20180221,1429,86600,248
324,20180221,1430,86700,77
325,20180221,1431,86600,266
326,20180221,1432,86700,17
327,20180221,1433,86700,96
328,20180221,1434,86600,21
329,20180221,1435,86600,23
330,20180221,1436,86600,536
331,20180221,1437,86700,353
332,20180221,1438,86800,10
333,20180221,1439,86800,181
334,20180221,1440,86700,16
335,20180221,1441,86600,533
336,20180221,1442,86600,10
337,20180221,1443,86600,300
338,20180221,1444,86600,171
339,20180221,1445,86600,407
340,20180221,1446,86600,55
341,20180221,1447,86700,21
342,20180221,1448,86700,67
343,20180221,1449,86700,5
344,20180221,1450,86700,40
345,20180221,1451,86700,7
346,20180221,1452,86700,57
347,20180221,1453,86700,17
348,20180221,1454,86600,59
349,20180221,1455,86700,511
350,20180221,1456,86800,12
351,20180221,1457,86800,698
352,20180221,1458,86900,328
353,20180221,1459,86800,285
354,20180221,1500,86800,110
355,20180221,1501,86800,336
356,20180221,1502,86900,13
357,20180221,1503,86900,173
358,20180221,1504,86800,802
359,20180221,1505,86900,16
360,20180221,1506,86900,200
361,20180221,1507,86900,479
362,20180221,1508,86900,1287
363,20180221,1509,87000,265
364,20180221,1510,87100,348
365,20180221,1511,87000,21
366,20180221,1512,87000,185
367,20180221,1513,87000,363
368,20180221,1514,87000,1186
369,20180221,1515,86900,52
370,20180221,1516,86900,193
371,20180221,1517,87000,209
372,20180221,1518,86900,1035
373,20180221,1519,87000,37
374,20180221,1520,87000,307
375,20180221,1530,87200,10482
376,20180222,901,86500,1604
377,20180222,902,86300,467
378,20180222,903,86300,109
379,20180222,904,86400,261
380,20180222,905,86400,181
381,20180222,906,86400,419
382,20180222,907,86300,566
383,20180222,908,86400,29
384,20180222,909,86300,1608
385,20180222,910,86100,1334
386,20180222,911,85900,716
387,20180222,912,85900,400
388,20180222,913,85900,54
389,20180222,914,85900,554
390,20180222,915,86200,563
391,20180222,916,85800,413
392,20180222,917,85900,477
393,20180222,918,86200,917
394,20180222,919,86200,846
395,20180222,920,86800,301
396,20180222,921,86700,279
397,20180222,922,86600,36
398,20180222,923,86600,9
399,20180222,924,86600,150
400,20180222,925,86700,198
401,20180222,926,86600,290
402,20180222,927,86500,276
403,20180222,928,86500,37
404,20180222,929,86500,109
405,20180222,930,86400,1028
406,20180222,931,86200,303
407,20180222,932,86100,223
408,20180222,933,86100,477
409,20180222,934,86200,156
410,20180222,935,86100,1
411,20180222,936,86100,163
412,20180222,937,86100,43
413,20180222,938,86100,49
414,20180222,939,86100,24
415,20180222,940,86200,2181
416,20180222,941,85900,1495
417,20180222,942,85900,604
418,20180222,943,85800,227
419,20180222,944,85900,317
420,20180222,945,85900,110
421,20180222,946,85900,333
422,20180222,947,85900,69
423,20180222,948,86200,447
424,20180222,949,86400,136
425,20180222,950,86400,515
426,20180222,951,86300,18
427,20180222,952,86400,644
428,20180222,953,86400,416
429,20180222,954,86300,62
430,20180222,955,86200,177
431,20180222,956,86200,423
432,20180222,957,86100,58
433,20180222,958,86200,76
434,20180222,959,86100,92
435,20180222,1000,86200,123
436,20180222,1001,86200,18
437,20180222,1002,86200,7
438,20180222,1003,86200,605
439,20180222,1004,86100,57
440,20180222,1005,86000,221
441,20180222,1006,86100,40
442,20180222,1007,86000,329
443,20180222,1008,86000,163
444,20180222,1009,86000,420
445,20180222,1010,86000,196
446,20180222,1011,86100,11
447,20180222,1012,86000,75
448,20180222,1013,86100,47
449,20180222,1014,85900,1184
450,20180222,1015,86000,166
451,20180222,1016,86200,39
452,20180222,1017,86200,272
453,20180222,1018,86200,223
454,20180222,1019,86100,61
455,20180222,1020,86100,276
456,20180222,1021,86100,22
457,20180222,1023,86000,172
458,20180222,1024,86100,2
459,20180222,1025,86100,387
460,20180222,1026,86100,257
461,20180222,1027,86100,235
462,20180222,1028,85900,792
463,20180222,1029,85900,106
464,20180222,1030,86000,464
465,20180222,1031,85900,40
466,20180222,1033,86000,107
467,20180222,1034,86000,111
468,20180222,1035,86000,68
469,20180222,1037,86100,132
470,20180222,1038,86000,297
471,20180222,1039,86000,36
472,20180222,1040,86000,133
473,20180222,1041,86100,100
474,20180222,1042,86000,67
475,20180222,1043,86100,61
476,20180222,1044,86000,9
477,20180222,1045,86100,1
478,20180222,1046,86000,74
479,20180222,1047,86100,60
480,20180222,1048,86000,3
481,20180222,1050,86000,203
482,20180222,1051,85900,11
483,20180222,1052,86000,382
484,20180222,1053,86000,77
485,20180222,1054,86000,168
486,20180222,1055,86100,1
487,20180222,1056,86100,3
488,20180222,1057,86000,129
489,20180222,1058,85900,8
490,20180222,1059,86000,82
491,20180222,1100,86000,6
492,20180222,1101,86000,60
493,20180222,1102,86100,407
494,20180222,1103,86000,270
495,20180222,1104,86000,38
496,20180222,1105,86000,4
497,20180222,1106,86000,645
498,20180222,1107,86200,1
499,20180222,1108,86200,8
500,20180222,1109,86100,2
501,20180222,1110,86100,31
502,20180222,1111,86200,209
503,20180222,1113,86200,56
504,20180222,1114,86200,265
505,20180222,1115,86400,115
506,20180222,1116,86300,20
507,20180222,1117,86300,132
508,20180222,1118,86300,5
509,20180222,1119,86200,12
510,20180222,1120,86100,1713
511,20180222,1121,86100,1
512,20180222,1122,86100,70
513,20180222,1123,86100,18
514,20180222,1124,86200,1
515,20180222,1125,86200,5
516,20180222,1126,86100,51
517,20180222,1127,86100,79
518,20180222,1128,86000,2
519,20180222,1129,86100,1
520,20180222,1130,86100,1
521,20180222,1131,86000,47
522,20180222,1132,86000,631
523,20180222,1133,85900,3
524,20180222,1134,86000,17
525,20180222,1135,86000,1
526,20180222,1136,85900,237
527,20180222,1137,85900,23
528,20180222,1138,85900,41
529,20180222,1139,85900,31
530,20180222,1140,86000,6
531,20180222,1141,85900,317
532,20180222,1142,86000,23
533,20180222,1143,86000,43
534,20180222,1144,85900,22
535,20180222,1145,86000,13
536,20180222,1146,86000,209
537,20180222,1147,86000,41
538,20180222,1148,85900,100
539,20180222,1149,86000,11
540,20180222,1150,85900,9
541,20180222,1151,86000,13
542,20180222,1152,86000,144
543,20180222,1153,85900,12
544,20180222,1154,86000,1
545,20180222,1155,85900,24
546,20180222,1156,86000,7
547,20180222,1157,85900,311
548,20180222,1158,85900,120
549,20180222,1159,85900,51
550,20180222,1200,86000,5
551,20180222,1201,86000,25
552,20180222,1202,85900,112
553,20180222,1203,86000,1
554,20180222,1204,86000,13
555,20180222,1205,86000,10
556,20180222,1207,85900,103
557,20180222,1208,86000,12
558,20180222,1209,86000,21
559,20180222,1210,85900,15
560,20180222,1211,86000,1
561,20180222,1212,86000,105
562,20180222,1213,85900,590
563,20180222,1214,85800,16
564,20180222,1215,85900,21
565,20180222,1216,85800,55
566,20180222,1217,85900,149
567,20180222,1218,85900,17
568,20180222,1219,85900,1349
569,20180222,1220,86000,5
570,20180222,1221,86000,97
571,20180222,1222,86100,4
572,20180222,1223,86100,37
573,20180222,1224,86100,1
574,20180222,1225,86000,51
575,20180222,1226,86000,93
576,20180222,1227,85900,10
577,20180222,1229,85900,2
578,20180222,1230,85900,18
579,20180222,1231,85900,50
580,20180222,1232,86000,2
581,20180222,1233,85900,9
582,20180222,1234,85900,102
583,20180222,1235,86000,4
584,20180222,1237,86000,8
585,20180222,1238,85900,2
586,20180222,1239,86000,1
587,20180222,1240,85900,20
588,20180222,1241,86000,1
589,20180222,1242,86000,5
590,20180222,1243,85900,2
591,20180222,1244,85900,8
592,20180222,1245,86000,15
593,20180222,1246,85900,39
594,20180222,1247,86000,10
595,20180222,1248,85900,4
596,20180222,1249,86000,7
597,20180222,1250,86000,8
598,20180222,1251,85900,23
599,20180222,1252,86000,181
600,20180222,1253,85900,7
601,20180222,1254,85900,441
602,20180222,1255,85900,149
603,20180222,1256,85900,13
604,20180222,1257,86000,5
605,20180222,1258,86000,1
606,20180222,1259,86000,3
607,20180222,1301,85900,338
608,20180222,1302,86000,54
609,20180222,1303,85900,11
610,20180222,1304,86000,43
611,20180222,1305,85900,179
612,20180222,1306,86000,48
613,20180222,1307,85900,88
614,20180222,1308,86000,36
615,20180222,1309,86000,4
616,20180222,1310,86000,2
617,20180222,1311,85900,14
618,20180222,1312,85900,14
619,20180222,1313,86000,8
620,20180222,1314,86000,2
621,20180222,1315,85900,14
622,20180222,1316,85900,14
623,20180222,1317,86000,1514
624,20180222,1318,85900,221
625,20180222,1319,85900,298
626,20180222,1320,85900,65
627,20180222,1321,85900,16
628,20180222,1322,85800,308
629,20180222,1323,85900,1023
630,20180222,1324,85900,401
631,20180222,1325,85800,72
632,20180222,1326,85900,197
633,20180222,1327,85800,125
634,20180222,1328,85800,2
635,20180222,1329,85800,51
636,20180222,1330,85800,76
637,20180222,1331,85900,126
638,20180222,1332,85900,1
639,20180222,1333,85900,196
640,20180222,1334,85900,538
641,20180222,1335,85900,1455
642,20180222,1336,85700,394
643,20180222,1337,85800,1354
644,20180222,1338,85700,130
645,20180222,1339,85800,5
646,20180222,1340,85700,41
647,20180222,1341,85800,6
648,20180222,1342,85800,14
649,20180222,1343,85700,1210
650,20180222,1344,85800,239
651,20180222,1345,85700,114
652,20180222,1346,85700,64
653,20180222,1347,85700,34
654,20180222,1348,85700,6
655,20180222,1349,85700,34
656,20180222,1350,85600,26
657,20180222,1351,85700,185
658,20180222,1352,85700,81
659,20180222,1353,85600,331
660,20180222,1354,85600,125
661,20180222,1355,85700,9
662,20180222,1356,85600,52
663,20180222,1357,85700,9
664,20180222,1358,85600,48
665,20180222,1359,85700,40
666,20180222,1400,85700,303
667,20180222,1401,85600,248
668,20180222,1402,85700,162
669,20180222,1403,85700,1585
670,20180222,1404,85600,600
671,20180222,1405,85600,198
672,20180222,1406,85700,37
673,20180222,1407,85700,6
674,20180222,1408,85600,40
675,20180222,1409,85700,17
676,20180222,1410,85600,409
677,20180222,1411,85700,26
678,20180222,1412,85700,29
679,20180222,1413,85700,10
680,20180222,1414,85700,10
681,20180222,1415,85700,32
682,20180222,1416,85700,22
683,20180222,1417,85700,128
684,20180222,1418,85600,90
685,20180222,1419,85600,44
686,20180222,1420,85600,62
687,20180222,1421,85700,35
688,20180222,1422,85600,4
689,20180222,1423,85700,338
690,20180222,1424,85700,36
691,20180222,1425,85600,478
692,20180222,1426,85700,334
693,20180222,1427,85600,621
694,20180222,1428,85600,166
695,20180222,1429,85600,30
696,20180222,1430,85600,27
697,20180222,1431,85700,24
698,20180222,1432,85600,18
699,20180222,1433,85600,34
700,20180222,1434,85600,127
701,20180222,1435,85600,38
702,20180222,1436,85700,52
703,20180222,1437,85600,371
704,20180222,1438,85700,8
705,20180222,1439,85600,1830
706,20180222,1440,85700,224
707,20180222,1441,85600,1046
708,20180222,1442,85500,3374
709,20180222,1443,85500,214
710,20180222,1444,85400,569
711,20180222,1445,85500,7128
712,20180222,1446,85700,141
713,20180222,1447,85600,39
714,20180222,1448,85500,74
715,20180222,1449,85600,722
716,20180222,1450,85700,911
717,20180222,1451,86000,3
718,20180222,1452,86100,32
719,20180222,1453,86000,28
720,20180222,1454,86000,1628
721,20180222,1455,86200,192
722,20180222,1456,85900,53
723,20180222,1457,85900,109
724,20180222,1458,85900,133
725,20180222,1459,85900,18
726,20180222,1500,85900,26
727,20180222,1501,85900,174
728,20180222,1503,85800,15
729,20180222,1504,85900,301
730,20180222,1505,85900,51
731,20180222,1506,85900,1102
732,20180222,1507,86000,28
733,20180222,1508,86000,153
734,20180222,1509,86000,33
735,20180222,1510,86000,184
736,20180222,1511,85900,78
737,20180222,1512,86000,79
738,20180222,1513,86000,441
739,20180222,1514,86100,53
740,20180222,1515,86100,75
741,20180222,1516,86000,700
742,20180222,1517,86000,190
743,20180222,1518,86000,156
744,20180222,1519,86000,238
745,20180222,1520,85900,67
746,20180222,1530,86000,6429
747,20180223,901,85800,1185
748,20180223,902,86300,314
749,20180223,903,86500,137
750,20180223,904,86400,334
751,20180223,905,86400,32
752,20180223,906,86400,459
753,20180223,907,86100,243
754,20180223,908,86500,447
755,20180223,909,86600,28
756,20180223,910,86700,367
757,20180223,911,86600,1453
758,20180223,912,86500,70
759,20180223,913,86500,1198
760,20180223,914,86700,84
761,20180223,915,86600,29
762,20180223,916,86700,180
763,20180223,917,86500,323
764,20180223,918,86700,90
765,20180223,919,86700,200
766,20180223,920,86700,445
767,20180223,921,86600,179
768,20180223,922,86600,182
769,20180223,923,86500,351
770,20180223,924,86500,88
771,20180223,925,86500,140
772,20180223,926,86500,15
773,20180223,927,86500,40
774,20180223,928,86400,23
775,20180223,929,86300,600
776,20180223,930,86500,23
777,20180223,931,86500,41
778,20180223,932,86300,32
779,20180223,933,86300,5
780,20180223,934,86300,194
781,20180223,936,86300,119
782,20180223,937,86300,127
783,20180223,938,86300,112
784,20180223,939,86300,152
785,20180223,940,86200,71
786,20180223,941,86100,142
787,20180223,942,86300,50
788,20180223,943,86300,53
789,20180223,944,86200,45
790,20180223,945,86200,123
791,20180223,946,86300,1343
792,20180223,947,86800,26
793,20180223,948,86700,163
794,20180223,949,86700,126
795,20180223,950,86700,36
796,20180223,951,86700,85
797,20180223,952,86600,208
798,20180223,953,86700,102
799,20180223,954,86500,52
800,20180223,955,86600,2
801,20180223,956,86600,156
802,20180223,957,86600,19
803,20180223,958,86600,343
804,20180223,959,86500,316
805,20180223,1000,86600,1074
806,20180223,1001,86600,110
807,20180223,1002,86700,1317
808,20180223,1003,86800,346
809,20180223,1004,86900,125
810,20180223,1005,87000,164
811,20180223,1006,87000,306
812,20180223,1007,87000,213
813,20180223,1008,87100,36
814,20180223,1009,87100,19
815,20180223,1010,87000,522
816,20180223,1011,87200,167
817,20180223,1012,87200,471
818,20180223,1013,87200,101
819,20180223,1014,87100,271
820,20180223,1016,87100,77
821,20180223,1017,87100,89
822,20180223,1018,87000,229
823,20180223,1019,87000,234
824,20180223,1020,86900,205
825,20180223,1021,86800,22
826,20180223,1022,86900,60
827,20180223,1023,86900,46
828,20180223,1024,86800,25
829,20180223,1025,86800,31
830,20180223,1026,86900,236
831,20180223,1027,86700,244
832,20180223,1029,86700,315
833,20180223,1030,86800,36
834,20180223,1031,86900,308
835,20180223,1032,86900,2
836,20180223,1033,86900,24
837,20180223,1034,86800,177
838,20180223,1035,86700,20
839,20180223,1036,86700,254
840,20180223,1037,86700,15
841,20180223,1038,86700,11
842,20180223,1039,86800,730
843,20180223,1040,87100,126
844,20180223,1041,87100,262
845,20180223,1042,87100,22
846,20180223,1043,87100,7
847,20180223,1044,87100,130
848,20180223,1045,87200,701
849,20180223,1046,87200,1693
850,20180223,1047,87000,106
851,20180223,1048,86800,73
852,20180223,1049,86900,101
853,20180223,1050,86900,134
854,20180223,1052,86900,106
855,20180223,1053,86900,14
856,20180223,1054,86900,16
857,20180223,1055,86900,82
858,20180223,1056,86800,174
859,20180223,1057,86800,5
860,20180223,1058,86900,76
861,20180223,1059,86900,20
862,20180223,1100,86900,53
863,20180223,1101,86900,28
864,20180223,1102,87000,629
865,20180223,1103,87200,69
866,20180223,1104,87100,271
867,20180223,1105,87000,170
868,20180223,1106,87100,196
869,20180223,1107,87100,1
870,20180223,1108,87100,10
871,20180223,1109,87000,111
872,20180223,1110,87000,35
873,20180223,1111,86900,209
874,20180223,1112,86900,50
875,20180223,1113,86900,32
876,20180223,1116,86800,908
877,20180223,1117,86700,44
878,20180223,1118,86700,12
879,20180223,1119,86700,151
880,20180223,1120,86700,156
881,20180223,1121,86700,3
882,20180223,1122,86700,1
883,20180223,1123,86700,110
884,20180223,1124,86600,44
885,20180223,1125,86600,91
886,20180223,1126,86600,677
887,20180223,1127,86600,151
888,20180223,1128,86600,73
889,20180223,1129,86700,11
890,20180223,1130,86600,72
891,20180223,1131,86600,89
892,20180223,1132,86600,1
893,20180223,1133,86600,8
894,20180223,1135,86500,141
895,20180223,1136,86500,49
896,20180223,1137,86600,8
897,20180223,1138,86600,85
898,20180223,1139,86500,57
899,20180223,1140,86600,3
900,20180223,1141,86600,4
901,20180223,1142,86600,54
902,20180223,1143,86500,721
903,20180223,1144,86500,125
904,20180223,1145,86500,8
905,20180223,1146,86500,6
906,20180223,1147,86500,39
907,20180223,1148,86500,13
908,20180223,1149,86500,51
909,20180223,1150,86500,9
910,20180223,1151,86400,4
911,20180223,1152,86400,12
912,20180223,1153,86400,8
913,20180223,1154,86500,3
914,20180223,1155,86500,6
915,20180223,1156,86500,25
916,20180223,1157,86400,28
917,20180223,1158,86500,57
918,20180223,1159,86400,12
919,20180223,1200,86500,1
920,20180223,1201,86500,84
921,20180223,1202,86500,26
922,20180223,1203,86400,27
923,20180223,1204,86500,43
924,20180223,1205,86500,12
925,20180223,1206,86500,17
926,20180223,1207,86500,3
927,20180223,1208,86400,51
928,20180223,1209,86500,8
929,20180223,1210,86500,1
930,20180223,1211,86400,16
931,20180223,1212,86500,18
932,20180223,1213,86500,3
933,20180223,1214,86400,8
934,20180223,1215,86400,51
935,20180223,1216,86400,687
936,20180223,1217,86400,6
937,20180223,1218,86400,2
938,20180223,1219,86500,27
939,20180223,1220,86400,69
940,20180223,1221,86400,9
941,20180223,1222,86400,28
942,20180223,1223,86400,1
943,20180223,1224,86300,45
944,20180223,1225,86400,95
945,20180223,1226,86300,25
946,20180223,1228,86300,9
947,20180223,1229,86400,10
948,20180223,1230,86300,33
949,20180223,1231,86400,306
950,20180223,1232,86400,226
951,20180223,1233,86400,37
952,20180223,1235,86500,30
953,20180223,1236,86400,2
954,20180223,1237,86400,12
955,20180223,1238,86500,117
956,20180223,1239,86500,196
957,20180223,1240,86700,42
958,20180223,1241,86700,6
959,20180223,1242,86600,119
960,20180223,1243,86600,1
961,20180223,1244,86700,15
962,20180223,1245,86700,243
963,20180223,1246,86700,21
964,20180223,1247,86800,5
965,20180223,1248,86800,174
966,20180223,1249,86800,224
967,20180223,1250,86800,57
968,20180223,1251,86800,10
969,20180223,1252,86700,19
970,20180223,1253,86800,16
971,20180223,1254,86800,11
972,20180223,1255,86700,12
973,20180223,1256,86800,1
974,20180223,1257,86800,60
975,20180223,1258,86800,22
976,20180223,1259,86700,8
977,20180223,1300,86800,8
978,20180223,1301,86800,52
979,20180223,1302,86800,140
980,20180223,1303,86900,215
981,20180223,1304,86800,40
982,20180223,1305,86800,7
983,20180223,1306,86800,126
984,20180223,1307,86900,22
985,20180223,1308,86800,61
986,20180223,1309,86800,58
987,20180223,1310,86900,85
988,20180223,1311,86900,3
989,20180223,1312,86800,33
990,20180223,1313,86900,8
991,20180223,1314,86800,12
992,20180223,1315,86800,136
993,20180223,1316,86800,37
994,20180223,1317,86800,8
995,20180223,1318,86600,7
996,20180223,1319,86700,67
997,20180223,1320,86700,33
998,20180223,1321,86700,6
999,20180223,1322,86700,267
1000,20180223,1323,86700,30
1001,20180223,1324,86600,16
1002,20180223,1325,86600,23
1003,20180223,1326,86600,61
1004,20180223,1327,86700,423
1005,20180223,1328,86800,8
1006,20180223,1329,86700,84
1007,20180223,1330,86700,5
1008,20180223,1331,86600,125
1009,20180223,1332,86700,183
1010,20180223,1333,86600,469
1011,20180223,1334,86700,87
1012,20180223,1335,86700,5
1013,20180223,1336,86700,164
1014,20180223,1337,86700,109
1015,20180223,1338,86700,130
1016,20180223,1339,86800,2
1017,20180223,1340,86800,2
1018,20180223,1341,86700,18
1019,20180223,1342,86800,12
1020,20180223,1343,86800,3
1021,20180223,1344,86800,41
1022,20180223,1345,86700,109
1023,20180223,1346,86700,1
1024,20180223,1347,86700,207
1025,20180223,1348,86700,26
1026,20180223,1349,86700,78
1027,20180223,1350,86700,13
1028,20180223,1351,86700,63
1029,20180223,1352,86800,73
1030,20180223,1353,86800,3
1031,20180223,1354,86800,15
1032,20180223,1355,86700,208
1033,20180223,1356,86800,61
1034,20180223,1357,86800,4
1035,20180223,1358,86700,6
1036,20180223,1400,86700,77
1037,20180223,1401,86700,33
1038,20180223,1402,86800,85
1039,20180223,1403,86700,197
1040,20180223,1404,86800,529
1041,20180223,1405,86800,42
1042,20180223,1406,86800,85
1043,20180223,1407,86800,1
1044,20180223,1408,86700,72
1045,20180223,1409,86700,129
1046,20180223,1410,86700,51
1047,20180223,1411,86700,11
1048,20180223,1412,86700,2
1049,20180223,1413,86700,1746
1050,20180223,1414,86600,318
1051,20180223,1415,86600,98
1052,20180223,1416,86600,9
1053,20180223,1417,86600,5
1054,20180223,1418,86600,11
1055,20180223,1419,86600,40
1056,20180223,1420,86600,68
1057,20180223,1421,86600,83
1058,20180223,1422,86600,1
1059,20180223,1423,86600,723
1060,20180223,1424,86700,71
1061,20180223,1425,86700,169
1062,20180223,1426,86800,138
1063,20180223,1427,86800,20
1064,20180223,1428,86800,33
1065,20180223,1429,86900,234
1066,20180223,1430,86800,224
1067,20180223,1431,86800,268
1068,20180223,1432,86700,363
1069,20180223,1433,86900,93
1070,20180223,1434,86800,140
1071,20180223,1435,86800,161
1072,20180223,1436,86800,195
1073,20180223,1437,86800,13
1074,20180223,1438,86900,16
1075,20180223,1439,86900,7
1076,20180223,1440,86900,659
1077,20180223,1441,86900,16
1078,20180223,1442,86900,17
1079,20180223,1443,87000,178
1080,20180223,1444,86900,431
1081,20180223,1445,86800,35
1082,20180223,1446,86800,59
1083,20180223,1447,86800,472
1084,20180223,1448,86700,234
1085,20180223,1449,86700,112
1086,20180223,1450,86800,253
1087,20180223,1451,86600,6
1088,20180223,1452,86600,9
1089,20180223,1453,86700,265
1090,20180223,1454,86700,477
1091,20180223,1455,86700,570
1092,20180223,1456,86800,47
1093,20180223,1457,86800,153
1094,20180223,1458,86800,39
1095,20180223,1459,86800,49
1096,20180223,1500,86700,204
1097,20180223,1501,86700,4
1098,20180223,1502,86800,17
1099,20180223,1503,86700,97
1100,20180223,1504,86700,132
1101,20180223,1505,86700,464
1102,20180223,1506,86800,164
1103,20180223,1507,86800,113
1104,20180223,1508,86800,179
1105,20180223,1509,86700,7
1106,20180223,1510,86700,10
1107,20180223,1511,86800,507
1108,20180223,1512,86800,44
1109,20180223,1513,86800,311
1110,20180223,1514,86900,75
1111,20180223,1515,86900,816
1112,20180223,1516,87000,1034
1113,20180223,1517,87100,42
1114,20180223,1518,87100,146
1115,20180223,1519,87100,30
1116,20180223,1520,87200,1704
1117,20180223,1530,87100,2997
0,20180226,901,87300,1432
1,20180226,902,87600,240
2,20180226,903,87300,769
3,20180226,904,87300,346
4,20180226,905,87400,1069
5,20180226,906,87700,987
6,20180226,907,87700,15
7,20180226,908,87600,105
8,20180226,909,87600,2469
9,20180226,910,87300,347
10,20180226,911,87300,309
11,20180226,912,87300,623
12,20180226,913,87500,91
13,20180226,914,87400,409
14,20180226,915,87400,151
15,20180226,916,87500,233
16,20180226,917,87500,470
17,20180226,918,87500,435
18,20180226,919,87500,403
19,20180226,920,87600,1859
20,20180226,921,88000,73
21,20180226,922,87700,315
22,20180226,923,87800,30
23,20180226,924,87800,530
24,20180226,925,87600,224
25,20180226,926,87800,620
26,20180226,927,87800,45
27,20180226,928,87800,153
28,20180226,929,87700,248
29,20180226,930,87800,168
30,20180226,931,87800,161
31,20180226,932,87700,237
32,20180226,933,87700,145
33,20180226,934,87800,270
34,20180226,935,87600,413
35,20180226,936,87700,267
36,20180226,937,87500,41
37,20180226,938,87600,472
38,20180226,939,87500,280
39,20180226,940,87500,122
40,20180226,941,87500,207
41,20180226,942,87500,94
42,20180226,943,87500,184
43,20180226,944,87500,21
44,20180226,945,87500,180
45,20180226,946,87400,267
46,20180226,948,87400,37
47,20180226,949,87400,312
48,20180226,950,87500,15
49,20180226,951,87400,35
50,20180226,952,87500,80
51,20180226,953,87400,74
52,20180226,954,87500,126
53,20180226,955,87400,37
54,20180226,956,87400,116
55,20180226,957,87500,34
56,20180226,958,87400,2120
57,20180226,959,87100,819
58,20180226,1000,87200,110
59,20180226,1001,87200,437
60,20180226,1002,87200,122
61,20180226,1003,87300,186
62,20180226,1004,87500,40
63,20180226,1005,87500,11
64,20180226,1006,87500,7
65,20180226,1007,87500,3
66,20180226,1008,87500,47
67,20180226,1009,87500,282
68,20180226,1010,87400,347
69,20180226,1011,87300,38
70,20180226,1012,87300,164
71,20180226,1013,87300,2
72,20180226,1014,87200,17
73,20180226,1015,87300,2
74,20180226,1016,87300,39
75,20180226,1017,87300,23
76,20180226,1018,87300,54
77,20180226,1019,87300,11
78,20180226,1020,87300,68
79,20180226,1021,87300,1049
80,20180226,1022,87500,40
81,20180226,1024,87500,130
82,20180226,1027,87400,139
83,20180226,1029,87400,168
84,20180226,1030,87500,93
85,20180226,1031,87400,111
86,20180226,1032,87300,311
87,20180226,1033,87300,14
88,20180226,1034,87300,453
89,20180226,1035,87400,28
90,20180226,1036,87300,2
91,20180226,1038,87300,257
92,20180226,1039,87300,160
93,20180226,1040,87300,72
94,20180226,1041,87200,935
95,20180226,1042,87200,1396
96,20180226,1043,87100,1400
97,20180226,1044,87200,57
98,20180226,1046,87300,5
99,20180226,1047,87300,548
100,20180226,1048,87200,33
101,20180226,1049,87100,66
102,20180226,1050,87100,14
103,20180226,1051,87100,140
104,20180226,1052,87000,649
105,20180226,1053,86900,211
106,20180226,1054,86700,414
107,20180226,1055,86700,737
108,20180226,1056,86700,221
109,20180226,1057,86700,66
110,20180226,1058,86700,124
111,20180226,1059,86800,354
112,20180226,1100,86800,36
113,20180226,1102,86800,45
114,20180226,1103,86800,142
115,20180226,1104,86900,92
116,20180226,1105,87100,13
117,20180226,1106,87000,48
118,20180226,1107,87000,64
119,20180226,1108,87000,131
120,20180226,1109,87000,6
121,20180226,1110,87000,76
122,20180226,1111,86900,308
123,20180226,1112,86900,111
124,20180226,1113,86800,5
125,20180226,1114,86900,12
126,20180226,1115,86800,59
127,20180226,1117,86800,129
128,20180226,1119,86900,1341
129,20180226,1120,86900,479
130,20180226,1121,87000,18
131,20180226,1122,86900,1033
132,20180226,1123,86900,9
133,20180226,1124,86900,101
134,20180226,1125,87000,25
135,20180226,1127,87000,1
136,20180226,1128,86900,10
137,20180226,1129,87000,586
138,20180226,1130,87200,15
139,20180226,1131,87200,55
140,20180226,1132,87200,11
141,20180226,1134,87100,224
142,20180226,1135,87300,300
143,20180226,1136,87400,18
144,20180226,1137,87400,154
145,20180226,1138,87300,139
146,20180226,1139,87200,118
147,20180226,1140,87200,265
148,20180226,1141,87100,207
149,20180226,1142,87200,64
150,20180226,1143,87200,10
151,20180226,1144,87200,4
152,20180226,1145,87100,9
153,20180226,1147,87100,50
154,20180226,1148,87200,4
155,20180226,1149,87100,67
156,20180226,1150,87200,164
157,20180226,1151,87100,8
158,20180226,1152,87200,5
159,20180226,1153,87100,136
160,20180226,1154,87000,5
161,20180226,1155,87100,5
162,20180226,1156,87000,22
163,20180226,1157,87100,6
164,20180226,1158,87000,9
165,20180226,1159,87100,6
166,20180226,1200,87000,682
167,20180226,1201,86900,10
168,20180226,1202,86900,301
169,20180226,1203,86900,22
170,20180226,1204,86900,23
171,20180226,1205,86900,80
172,20180226,1206,86900,191
173,20180226,1207,86800,4
174,20180226,1208,86900,10
175,20180226,1209,86800,20
176,20180226,1210,86900,165
177,20180226,1211,86900,19
178,20180226,1212,86900,5
179,20180226,1213,86900,29
180,20180226,1214,86900,1645
181,20180226,1215,86800,30
182,20180226,1216,86800,436
183,20180226,1217,87000,29
184,20180226,1218,87000,29
185,20180226,1219,86900,16
186,20180226,1220,86900,15
187,20180226,1221,87000,44
188,20180226,1222,86900,77
189,20180226,1223,87000,142
190,20180226,1224,87000,13
191,20180226,1225,87100,5
192,20180226,1226,87100,162
193,20180226,1227,87000,67
194,20180226,1228,87000,172
195,20180226,1229,86900,11
196,20180226,1230,86900,10
197,20180226,1231,87000,35
198,20180226,1232,86900,5
199,20180226,1233,86900,9
200,20180226,1234,86900,4
201,20180226,1235,87000,5
202,20180226,1236,86900,17
203,20180226,1237,86900,878
204,20180226,1238,87100,54
205,20180226,1239,87100,65
206,20180226,1240,87100,3
207,20180226,1241,87100,25
208,20180226,1242,87000,107
209,20180226,1243,87000,401
210,20180226,1244,86900,2
211,20180226,1245,86900,6
212,20180226,1246,86900,16
213,20180226,1247,86900,6
214,20180226,1248,86900,20
215,20180226,1249,86900,14
216,20180226,1250,86900,6
217,20180226,1251,87000,226
218,20180226,1252,86900,126
219,20180226,1253,86900,345
220,20180226,1254,86800,167
221,20180226,1255,86900,37
222,20180226,1256,86900,51
223,20180226,1257,86900,133
224,20180226,1258,86800,15
225,20180226,1259,86800,10
226,20180226,1300,86800,5
227,20180226,1301,86900,7
228,20180226,1302,86800,6
229,20180226,1303,86900,8
230,20180226,1304,86900,13
231,20180226,1305,86900,21
232,20180226,1306,86800,157
233,20180226,1307,86800,50
234,20180226,1308,86900,73
235,20180226,1309,86900,140
236,20180226,1310,86900,10
237,20180226,1311,86800,267
238,20180226,1312,86900,124
239,20180226,1313,86800,23
240,20180226,1314,86800,66
241,20180226,1315,86900,119
242,20180226,1316,86900,9
243,20180226,1317,86900,13
244,20180226,1318,86800,10
245,20180226,1319,86800,14
246,20180226,1320,86800,18
247,20180226,1322,86800,24
248,20180226,1323,86900,9
249,20180226,1324,86800,27
250,20180226,1325,86800,26
251,20180226,1326,86900,49
252,20180226,1327,86900,165
253,20180226,1328,86900,1465
254,20180226,1329,87000,5
255,20180226,1330,87100,95
256,20180226,1331,87100,10
257,20180226,1332,87000,5
258,20180226,1333,87100,6
259,20180226,1334,87000,30
260,20180226,1335,87100,98
261,20180226,1336,87100,31
262,20180226,1337,87000,120
263,20180226,1338,87000,195
264,20180226,1339,87100,7
265,20180226,1340,86900,102
266,20180226,1341,86900,4
267,20180226,1342,86900,46
268,20180226,1343,87000,105
269,20180226,1344,87200,422
270,20180226,1345,87200,205
271,20180226,1346,87200,5
272,20180226,1347,87200,10
273,20180226,1348,87300,59
274,20180226,1349,87300,268
275,20180226,1350,87300,83
276,20180226,1351,87300,916
277,20180226,1352,87200,90
278,20180226,1353,87300,30
279,20180226,1354,87300,267
280,20180226,1355,87300,16
281,20180226,1356,87400,58
282,20180226,1357,87400,31
283,20180226,1358,87400,100
284,20180226,1359,87400,274
285,20180226,1400,87400,23
286,20180226,1401,87400,94
287,20180226,1402,87400,63
288,20180226,1403,87400,503
289,20180226,1404,87400,45
290,20180226,1405,87400,38
291,20180226,1406,87300,10
292,20180226,1407,87300,318
293,20180226,1408,87300,87
294,20180226,1409,87400,342
295,20180226,1410,87300,15
296,20180226,1411,87200,75
297,20180226,1412,87200,133
298,20180226,1413,87300,133
299,20180226,1414,87300,339
300,20180226,1415,87300,242
301,20180226,1416,87300,549
302,20180226,1417,86900,407
303,20180226,1418,87100,166
304,20180226,1419,86900,406
305,20180226,1420,86900,101
306,20180226,1421,86900,152
307,20180226,1422,86900,211
308,20180226,1423,87000,188
309,20180226,1424,86900,26
310,20180226,1425,86900,57
311,20180226,1426,86900,152
312,20180226,1427,86800,129
313,20180226,1428,86900,335
314,20180226,1429,87000,144
315,20180226,1430,87000,160
316,20180226,1431,86900,188
317,20180226,1432,87000,21
318,20180226,1433,87000,230
319,20180226,1434,87200,50
320,20180226,1435,87200,83
321,20180226,1436,87300,186
322,20180226,1437,87300,15
323,20180226,1438,87200,4
324,20180226,1439,87300,174
325,20180226,1440,87200,51
326,20180226,1441,87200,22
327,20180226,1442,87200,38
328,20180226,1443,87200,214
329,20180226,1444,87200,90
330,20180226,1445,87200,246
331,20180226,1446,87300,125
332,20180226,1447,87200,30
333,20180226,1448,87200,79
334,20180226,1449,87200,54
335,20180226,1450,87200,141
336,20180226,1451,87100,173
337,20180226,1452,87200,22
338,20180226,1453,87000,128
339,20180226,1454,87000,98
340,20180226,1455,87100,165
341,20180226,1456,87100,32
342,20180226,1457,87000,334
343,20180226,1458,87200,61
344,20180226,1459,87100,43
345,20180226,1500,87100,160
346,20180226,1501,87100,127
347,20180226,1502,87100,68
348,20180226,1503,87200,65
349,20180226,1504,87200,218
350,20180226,1505,87100,261
351,20180226,1506,87300,594
352,20180226,1507,87300,142
353,20180226,1508,87200,319
354,20180226,1509,87200,94
355,20180226,1510,87100,39
356,20180226,1511,87100,73
357,20180226,1512,87100,99
358,20180226,1513,87100,165
359,20180226,1514,87100,677
360,20180226,1515,87300,154
361,20180226,1516,87300,60
362,20180226,1517,87200,105
363,20180226,1518,87300,563
364,20180226,1519,87200,358
365,20180226,1520,87200,254
366,20180226,1530,87400,5146
0,20180227,901,87500,1772
1,20180227,902,87400,79
2,20180227,903,87400,164
3,20180227,904,87600,720
4,20180227,905,87800,807
5,20180227,906,87900,849
6,20180227,907,88000,265
7,20180227,908,87900,265
8,20180227,909,87700,981
9,20180227,910,87800,348
10,20180227,911,87700,610
11,20180227,912,87600,146
12,20180227,913,87700,69
13,20180227,914,87800,125
14,20180227,915,87700,380
15,20180227,916,87800,4246
16,20180227,917,88300,233
17,20180227,918,88300,222
18,20180227,919,88200,316
19,20180227,920,88200,476
20,20180227,921,88100,554
21,20180227,922,87900,178
22,20180227,923,87800,206
23,20180227,924,87700,395
24,20180227,925,87800,234
25,20180227,926,87600,1090
26,20180227,927,87400,268
27,20180227,928,87700,82
28,20180227,929,87600,676
29,20180227,930,87500,120
30,20180227,931,87500,207
31,20180227,932,87500,155
32,20180227,933,87500,682
33,20180227,934,87400,27
34,20180227,935,87400,684
35,20180227,936,87400,1133
36,20180227,937,87100,40
37,20180227,938,87200,275
38,20180227,939,87100,33
39,20180227,940,87200,129
40,20180227,941,87200,182
41,20180227,942,87300,36
42,20180227,943,87200,87
43,20180227,944,87500,74
44,20180227,945,87400,60
45,20180227,946,87400,434
46,20180227,947,87300,136
47,20180227,948,87300,85
48,20180227,949,87300,1362
49,20180227,950,87500,78
50,20180227,951,87500,32
51,20180227,952,87500,33
52,20180227,953,87500,40
53,20180227,954,87600,48
54,20180227,955,87600,138
55,20180227,956,87600,39
56,20180227,957,87600,147
57,20180227,958,87500,184
58,20180227,959,87500,39
59,20180227,1000,87500,214
60,20180227,1001,87500,176
61,20180227,1002,87600,4
62,20180227,1003,87600,594
63,20180227,1004,87600,157
64,20180227,1005,87600,93
65,20180227,1006,87500,48
66,20180227,1007,87600,4
67,20180227,1008,87700,279
68,20180227,1009,87700,13
69,20180227,1010,87700,21
70,20180227,1011,87800,377
71,20180227,1012,87900,502
72,20180227,1013,88100,151
73,20180227,1014,88100,57
74,20180227,1015,88100,532
75,20180227,1016,88100,359
76,20180227,1017,88100,190
77,20180227,1018,88100,120
78,20180227,1019,88100,137
79,20180227,1020,88100,260
80,20180227,1021,88200,4
81,20180227,1022,88000,208
82,20180227,1023,88000,107
83,20180227,1024,88000,90
84,20180227,1025,88000,253
85,20180227,1026,88000,60
86,20180227,1027,88100,96
87,20180227,1028,88100,154
88,20180227,1029,88100,75
89,20180227,1030,88000,151
90,20180227,1031,88000,44
91,20180227,1032,88000,292
92,20180227,1033,88100,98
93,20180227,1034,88100,233
94,20180227,1035,88100,638
95,20180227,1036,88100,239
96,20180227,1037,88100,420
97,20180227,1038,88100,12
98,20180227,1039,88200,73
99,20180227,1040,88200,913
100,20180227,1041,88200,6288
101,20180227,1042,88500,350
102,20180227,1043,88500,268
103,20180227,1044,88500,583
104,20180227,1045,88500,1851
105,20180227,1046,88500,499
106,20180227,1047,88500,156
107,20180227,1048,88400,288
108,20180227,1049,88500,899
109,20180227,1050,88600,211
110,20180227,1051,88600,1336
111,20180227,1052,88600,1173
112,20180227,1053,88700,138
113,20180227,1054,88700,1984
114,20180227,1055,88800,308
115,20180227,1056,88800,85
116,20180227,1057,88900,1436
117,20180227,1058,88900,253
118,20180227,1059,88900,206
119,20180227,1100,89000,437
120,20180227,1101,88900,8
121,20180227,1102,88900,1249
122,20180227,1103,88700,14
123,20180227,1104,88700,103
124,20180227,1105,88800,7
125,20180227,1106,88700,17
126,20180227,1107,88800,83
127,20180227,1108,88700,200
128,20180227,1109,88700,238
129,20180227,1110,88800,93
130,20180227,1111,88800,13
131,20180227,1112,88800,2582
132,20180227,1113,88500,45
133,20180227,1114,88600,23
134,20180227,1115,88500,117
135,20180227,1116,88500,17
136,20180227,1117,88500,380
137,20180227,1118,88400,129
138,20180227,1119,88400,321
139,20180227,1120,88300,244
140,20180227,1121,88300,20
141,20180227,1122,88200,167
142,20180227,1123,88200,216
143,20180227,1124,88100,7
144,20180227,1125,88100,63
145,20180227,1126,88100,957
146,20180227,1127,88300,28
147,20180227,1128,88300,408
148,20180227,1129,88400,82
149,20180227,1130,88400,74
150,20180227,1131,88400,738
151,20180227,1132,88500,74
152,20180227,1133,88500,30
153,20180227,1134,88500,639
154,20180227,1135,88600,193
155,20180227,1136,88500,76
156,20180227,1137,88500,31
157,20180227,1138,88500,22
158,20180227,1139,88600,37
159,20180227,1140,88500,16
160,20180227,1141,88500,28
161,20180227,1142,88500,10
162,20180227,1143,88500,43
163,20180227,1144,88500,535
164,20180227,1145,88800,65
165,20180227,1146,88700,177
166,20180227,1147,88800,42
167,20180227,1148,88700,242
168,20180227,1149,88600,76
169,20180227,1150,88500,46
170,20180227,1151,88600,378
171,20180227,1152,88500,16
172,20180227,1153,88500,149
173,20180227,1154,88600,14
174,20180227,1155,88400,27
175,20180227,1156,88400,170
176,20180227,1157,88300,6
177,20180227,1158,88300,33
178,20180227,1159,88300,4
179,20180227,1200,88300,19
180,20180227,1201,88300,176
181,20180227,1202,88300,33
182,20180227,1203,88400,109
183,20180227,1204,88400,7
184,20180227,1205,88300,40
185,20180227,1206,88300,414
186,20180227,1207,88200,140
187,20180227,1208,88300,67
188,20180227,1209,88300,4
189,20180227,1210,88300,36
190,20180227,1211,88300,41
191,20180227,1212,88400,90
192,20180227,1213,88400,113
193,20180227,1214,88300,112
194,20180227,1215,88400,29
195,20180227,1216,88400,64
196,20180227,1217,88400,82
197,20180227,1218,88300,125
198,20180227,1219,88300,13
199,20180227,1220,88300,111
200,20180227,1221,88400,32
201,20180227,1222,88300,117
202,20180227,1223,88300,38
203,20180227,1224,88200,8
204,20180227,1225,88300,129
205,20180227,1226,88300,129
206,20180227,1227,88300,52
207,20180227,1228,88400,12
208,20180227,1229,88300,16
209,20180227,1230,88400,55
210,20180227,1231,88400,194
211,20180227,1232,88400,10
212,20180227,1233,88400,107
213,20180227,1234,88500,40
214,20180227,1235,88500,30
215,20180227,1236,88400,19
216,20180227,1237,88500,50
217,20180227,1238,88500,92
218,20180227,1239,88400,66
219,20180227,1240,88400,26
220,20180227,1241,88400,12
221,20180227,1242,88400,44
222,20180227,1243,88500,788
223,20180227,1244,88600,215
224,20180227,1245,88700,16
225,20180227,1246,88600,83
226,20180227,1247,88400,7
227,20180227,1248,88400,94
228,20180227,1249,88400,86
229,20180227,1250,88500,460
230,20180227,1251,88400,11
231,20180227,1252,88400,35
232,20180227,1253,88400,169
233,20180227,1254,88400,84
234,20180227,1255,88300,569
235,20180227,1256,88100,523
236,20180227,1257,88300,89
237,20180227,1258,88200,12
238,20180227,1259,88300,97
239,20180227,1300,88200,38
240,20180227,1301,88200,90
241,20180227,1302,88200,18
242,20180227,1303,88100,169
243,20180227,1304,88200,230
244,20180227,1305,88200,98
245,20180227,1306,88200,119
246,20180227,1307,88100,782
247,20180227,1308,87900,41
248,20180227,1309,88000,52
249,20180227,1310,87900,83
250,20180227,1311,88000,241
251,20180227,1312,88100,97
252,20180227,1313,88100,40
253,20180227,1314,88200,106
254,20180227,1315,88200,9
255,20180227,1316,88200,3
256,20180227,1317,88300,131
257,20180227,1318,88100,165
258,20180227,1319,88200,159
259,20180227,1320,88100,22
260,20180227,1321,88200,15
261,20180227,1322,88100,16
262,20180227,1323,88100,13
263,20180227,1324,88100,32
264,20180227,1325,88100,106
265,20180227,1326,88200,25
266,20180227,1327,88100,20
267,20180227,1328,88100,28
268,20180227,1329,88100,114
269,20180227,1330,88200,242
270,20180227,1331,88000,41
271,20180227,1332,88000,147
272,20180227,1333,88000,7
273,20180227,1334,88000,11
274,20180227,1335,87900,70
275,20180227,1336,88000,224
276,20180227,1337,87900,28
277,20180227,1338,88000,231
278,20180227,1339,87900,392
279,20180227,1340,88100,183
280,20180227,1341,88000,84
281,20180227,1342,88000,355
282,20180227,1343,88100,8
283,20180227,1344,88000,351
284,20180227,1345,87900,18
285,20180227,1346,87900,83
286,20180227,1347,87900,163
287,20180227,1348,87900,24
288,20180227,1349,88000,682
289,20180227,1350,88000,290
290,20180227,1351,88100,441
291,20180227,1352,88000,7
292,20180227,1353,88000,15
293,20180227,1354,87900,9
294,20180227,1355,88000,128
295,20180227,1356,88000,25
296,20180227,1357,88000,194
297,20180227,1358,88000,47
298,20180227,1359,87900,5
299,20180227,1400,87900,24
300,20180227,1401,88000,46
301,20180227,1402,87900,45
302,20180227,1403,88000,19
303,20180227,1404,87900,390
304,20180227,1405,88300,149
305,20180227,1406,88100,58
306,20180227,1407,88000,284
307,20180227,1408,88300,1248
308,20180227,1409,88200,36
309,20180227,1410,88200,7
310,20180227,1411,88100,208
311,20180227,1412,88000,16
312,20180227,1413,88100,430
313,20180227,1414,88100,99
314,20180227,1415,88000,34
315,20180227,1416,88000,19
316,20180227,1417,88100,33
317,20180227,1418,88100,18
318,20180227,1419,88000,17
319,20180227,1420,88000,64
320,20180227,1421,88000,17
321,20180227,1422,88100,1703
322,20180227,1423,87900,610
323,20180227,1424,88000,744
324,20180227,1425,88100,52
325,20180227,1426,88100,45
326,20180227,1427,88100,39
327,20180227,1428,88100,31
328,20180227,1429,88100,135
329,20180227,1430,88200,21
330,20180227,1431,88200,517
331,20180227,1432,88400,5
332,20180227,1433,88300,372
333,20180227,1434,88200,403
334,20180227,1435,88200,15
335,20180227,1436,88200,52
336,20180227,1437,88200,239
337,20180227,1438,88200,17
338,20180227,1439,88300,15
339,20180227,1440,88300,12
340,20180227,1441,88200,64
341,20180227,1442,88200,7
342,20180227,1443,88200,439
343,20180227,1444,88400,372
344,20180227,1445,88500,9
345,20180227,1446,88400,677
346,20180227,1447,88400,44
347,20180227,1448,88400,201
348,20180227,1449,88500,112
349,20180227,1450,88500,390
350,20180227,1451,88400,2
351,20180227,1452,88400,143
352,20180227,1453,88400,34
353,20180227,1454,88400,748
354,20180227,1455,88400,17
355,20180227,1456,88500,31
356,20180227,1457,88400,41
357,20180227,1458,88400,216
358,20180227,1459,88400,48
359,20180227,1500,88300,23
360,20180227,1501,88300,10
361,20180227,1502,88300,342
362,20180227,1503,88200,197
363,20180227,1504,88100,539
364,20180227,1505,88200,238
365,20180227,1506,88200,55
366,20180227,1507,88200,16
367,20180227,1508,88300,343
368,20180227,1509,88200,12
369,20180227,1510,88100,29
370,20180227,1511,88200,109
371,20180227,1512,88100,12
372,20180227,1513,88200,96
373,20180227,1514,88200,42
374,20180227,1515,88200,57
375,20180227,1516,88100,49
376,20180227,1517,88100,13
377,20180227,1518,88200,260
378,20180227,1519,88100,397
379,20180227,1520,88100,179
380,20180227,1530,88300,7109
381,20180228,901,87500,798
382,20180228,902,87500,342
383,20180228,903,87400,764
384,20180228,904,87200,220
385,20180228,905,87300,179
386,20180228,906,87300,288
387,20180228,907,87500,123
388,20180228,908,87300,62
389,20180228,909,87400,1358
390,20180228,910,87100,147
391,20180228,911,87000,810
392,20180228,912,86900,1269
393,20180228,913,86600,324
394,20180228,914,86600,213
395,20180228,915,86600,122
396,20180228,916,86800,133
397,20180228,917,86700,12
398,20180228,918,86700,518
399,20180228,919,86600,163
400,20180228,920,86800,41
401,20180228,921,86700,203
402,20180228,922,86800,35
403,20180228,923,87000,233
404,20180228,924,87100,72
405,20180228,925,87200,142
406,20180228,926,87200,83
407,20180228,927,87300,95
408,20180228,928,87300,112
409,20180228,929,87000,633
410,20180228,930,87000,70
411,20180228,931,87000,222
412,20180228,932,86800,164
413,20180228,933,87000,119
414,20180228,934,87100,10
415,20180228,935,87000,701
416,20180228,936,86700,189
417,20180228,937,86800,5
418,20180228,938,86800,1530
419,20180228,939,87500,1125
420,20180228,940,87000,148
421,20180228,941,87100,43
422,20180228,942,87000,16
423,20180228,943,87000,219
424,20180228,944,86900,114
425,20180228,945,86900,125
426,20180228,946,86900,498
427,20180228,947,86900,390
428,20180228,948,86900,133
429,20180228,949,86800,225
430,20180228,950,86900,44
431,20180228,951,86900,130
432,20180228,952,86900,35
433,20180228,953,86900,62
434,20180228,954,86900,28
435,20180228,955,86900,262
436,20180228,956,87000,45
437,20180228,957,87000,75
438,20180228,958,87000,357
439,20180228,959,87200,78
440,20180228,1000,87200,27
441,20180228,1001,87000,8
442,20180228,1002,87000,108
443,20180228,1003,87000,219
444,20180228,1004,87000,125
445,20180228,1005,87000,1573
446,20180228,1006,86700,21
447,20180228,1007,86800,895
448,20180228,1008,86700,122
449,20180228,1009,86600,23
450,20180228,1010,86600,855
451,20180228,1011,86600,329
452,20180228,1012,86600,86
453,20180228,1013,86600,154
454,20180228,1014,86700,46
455,20180228,1015,86500,619
456,20180228,1016,86600,175
457,20180228,1017,86500,96
458,20180228,1018,86600,46
459,20180228,1019,86600,104
460,20180228,1020,86700,309
461,20180228,1021,86600,366
462,20180228,1022,86600,3385
463,20180228,1023,86500,131
464,20180228,1024,86400,2176
465,20180228,1025,86500,7
466,20180228,1026,86400,41
467,20180228,1027,86400,121
468,20180228,1028,86400,251
469,20180228,1029,86500,97
470,20180228,1030,86500,24
471,20180228,1031,86400,80
472,20180228,1032,86400,36
473,20180228,1033,86400,6
474,20180228,1034,86400,44
475,20180228,1036,86400,314
476,20180228,1037,86400,2419
477,20180228,1038,86300,19
478,20180228,1039,86300,105
479,20180228,1040,86300,110
480,20180228,1041,86200,808
481,20180228,1042,86300,154
482,20180228,1043,86300,408
483,20180228,1044,86200,449
484,20180228,1045,86100,1289
485,20180228,1046,86100,590
486,20180228,1047,86100,377
487,20180228,1048,86100,318
488,20180228,1049,86100,152
489,20180228,1050,86100,1240
490,20180228,1051,86100,363
491,20180228,1052,86100,318
492,20180228,1053,86000,196
493,20180228,1054,86100,952
494,20180228,1055,86000,619
495,20180228,1056,86100,939
496,20180228,1057,85900,149
497,20180228,1058,85900,537
498,20180228,1059,85700,625
499,20180228,1100,85700,302
500,20180228,1101,85700,56
501,20180228,1102,85600,803
502,20180228,1103,85700,616
503,20180228,1104,85700,535
504,20180228,1105,85800,43
505,20180228,1106,85800,73
506,20180228,1107,85800,585
507,20180228,1108,86000,587
508,20180228,1109,85900,153
509,20180228,1110,86000,52
510,20180228,1111,86000,18
511,20180228,1112,86000,460
512,20180228,1113,85900,23
513,20180228,1114,85800,337
514,20180228,1115,85800,416
515,20180228,1116,85700,143
516,20180228,1117,85700,352
517,20180228,1118,85700,208
518,20180228,1119,85700,483
519,20180228,1120,85600,119
520,20180228,1121,85700,25
521,20180228,1122,85700,184
522,20180228,1123,85700,146
523,20180228,1124,85700,323
524,20180228,1125,85700,77
525,20180228,1126,85600,171
526,20180228,1127,85700,116
527,20180228,1128,85700,179
528,20180228,1129,85700,676
529,20180228,1130,85600,5
530,20180228,1131,85700,153
531,20180228,1132,85700,113
532,20180228,1133,85700,145
533,20180228,1134,85700,284
534,20180228,1135,85700,242
535,20180228,1136,85700,515
536,20180228,1137,85700,36
537,20180228,1138,85700,103
538,20180228,1139,85700,171
539,20180228,1140,85500,160
540,20180228,1141,85600,1410
541,20180228,1142,85500,1334
542,20180228,1143,85300,201
543,20180228,1144,85400,655
544,20180228,1145,85200,2125
545,20180228,1146,85100,2658
546,20180228,1147,85100,1565
547,20180228,1148,85100,133
548,20180228,1149,85100,436
549,20180228,1150,85100,32
550,20180228,1151,85100,185
551,20180228,1152,85100,362
552,20180228,1153,85100,1287
553,20180228,1154,84900,800
554,20180228,1155,84700,140
555,20180228,1156,84700,264
556,20180228,1157,84700,318
557,20180228,1158,84700,278
558,20180228,1159,84700,85
559,20180228,1200,84700,156
560,20180228,1201,84700,25
561,20180228,1202,84700,40
562,20180228,1203,84700,203
563,20180228,1204,84700,199
564,20180228,1205,84700,1616
565,20180228,1206,84600,6001
566,20180228,1207,84700,982
567,20180228,1208,84900,2
568,20180228,1209,84900,134
569,20180228,1210,84900,678
570,20180228,1211,84800,246
571,20180228,1212,84800,131
572,20180228,1213,84800,7
573,20180228,1214,84800,435
574,20180228,1215,84800,190
575,20180228,1216,84800,536
576,20180228,1217,84800,544
577,20180228,1218,84800,58
578,20180228,1219,84800,751
579,20180228,1220,84600,231
580,20180228,1221,84600,185
581,20180228,1222,84700,70
582,20180228,1223,84700,2480
583,20180228,1224,85000,41
584,20180228,1225,84900,226
585,20180228,1226,84700,45
586,20180228,1227,84700,145
587,20180228,1228,84800,67
588,20180228,1229,84800,84
589,20180228,1230,84700,266
590,20180228,1231,84600,29
591,20180228,1232,84600,16
592,20180228,1233,84700,4
593,20180228,1234,84700,144
594,20180228,1235,84600,161
595,20180228,1236,84700,36
596,20180228,1237,84700,74
597,20180228,1238,84700,141
598,20180228,1239,84700,1325
599,20180228,1240,84600,336
600,20180228,1241,84500,470
601,20180228,1242,84600,212
602,20180228,1243,84600,345
603,20180228,1244,84600,107
604,20180228,1245,84500,283
605,20180228,1246,84600,69
606,20180228,1247,84600,54
607,20180228,1248,84600,945
608,20180228,1249,84600,24
609,20180228,1250,84600,313
610,20180228,1251,84600,273
611,20180228,1252,84600,165
612,20180228,1253,84500,352
613,20180228,1254,84600,610
614,20180228,1255,84600,242
615,20180228,1256,84600,133
616,20180228,1257,84600,266
617,20180228,1258,84500,60
618,20180228,1259,84600,1650
619,20180228,1300,84700,522
620,20180228,1301,84800,117
621,20180228,1302,84900,302
622,20180228,1303,84800,35
623,20180228,1304,84800,8
624,20180228,1305,84800,151
625,20180228,1306,84800,135
626,20180228,1307,84700,74
627,20180228,1308,84800,114
628,20180228,1309,84800,64
629,20180228,1310,84800,142
630,20180228,1311,84800,174
631,20180228,1312,84800,24
632,20180228,1313,84800,58
633,20180228,1314,84800,646
634,20180228,1315,84900,426
635,20180228,1316,84800,2
636,20180228,1317,84800,217
637,20180228,1318,84800,30
638,20180228,1319,84700,16
639,20180228,1320,84800,359
640,20180228,1321,84800,27
641,20180228,1322,84800,38
642,20180228,1323,84800,39
643,20180228,1324,84800,294
644,20180228,1325,84800,149
645,20180228,1326,84800,25
646,20180228,1327,84800,45
647,20180228,1328,84800,31
648,20180228,1329,84700,180
649,20180228,1330,84800,161
650,20180228,1331,84700,53
651,20180228,1332,84800,67
652,20180228,1333,84700,3
653,20180228,1334,84700,225
654,20180228,1335,84700,433
655,20180228,1336,84800,57
656,20180228,1337,84800,1676
657,20180228,1338,84900,195
658,20180228,1339,84900,34
659,20180228,1340,84800,155
660,20180228,1341,84800,7
661,20180228,1342,84900,21
662,20180228,1343,84800,125
663,20180228,1344,84900,30
664,20180228,1345,84900,247
665,20180228,1346,84800,146
666,20180228,1347,84800,290
667,20180228,1348,84800,38
668,20180228,1349,84800,64
669,20180228,1350,84800,148
670,20180228,1351,84800,134
671,20180228,1352,84700,181
672,20180228,1353,84800,38
673,20180228,1354,84700,33
674,20180228,1355,84800,160
675,20180228,1356,84800,138
676,20180228,1357,84700,19
677,20180228,1358,84800,75
678,20180228,1359,84800,37
679,20180228,1400,84800,229
680,20180228,1401,84800,451
681,20180228,1402,84700,136
682,20180228,1403,84800,27
683,20180228,1404,84700,118
684,20180228,1405,84700,3006
685,20180228,1406,84600,1222
686,20180228,1407,84500,581
687,20180228,1408,84600,277
688,20180228,1409,84600,146
689,20180228,1410,84500,570
690,20180228,1411,84600,359
691,20180228,1412,84600,29
692,20180228,1413,84600,59
693,20180228,1414,84600,178
694,20180228,1415,84600,488
695,20180228,1416,84600,134
696,20180228,1417,84500,47
697,20180228,1418,84500,397
698,20180228,1419,84500,3343
699,20180228,1420,84400,745
700,20180228,1421,84400,75
701,20180228,1422,84300,1750
702,20180228,1423,84200,336
703,20180228,1424,84200,1563
704,20180228,1425,84200,1460
705,20180228,1426,84100,1666
706,20180228,1427,84100,142
707,20180228,1428,84100,614
708,20180228,1429,84100,55
709,20180228,1430,84100,157
710,20180228,1431,84100,119
711,20180228,1432,84000,92
712,20180228,1433,84000,136
713,20180228,1434,84100,19
714,20180228,1435,84100,612
715,20180228,1436,84100,817
716,20180228,1437,84000,195
717,20180228,1438,84000,376
718,20180228,1439,84100,107
719,20180228,1440,84100,151
720,20180228,1441,84000,1858
721,20180228,1442,84000,442
722,20180228,1443,83900,438
723,20180228,1444,83900,365
724,20180228,1445,83900,339
725,20180228,1446,83900,671
726,20180228,1447,83900,91
727,20180228,1448,83900,3553
728,20180228,1449,84200,125
729,20180228,1450,84400,436
730,20180228,1451,84300,159
731,20180228,1452,84200,170
732,20180228,1453,84300,79
733,20180228,1454,84300,41
734,20180228,1455,84200,388
735,20180228,1456,84200,46
736,20180228,1457,84300,279
737,20180228,1458,84200,1004
738,20180228,1459,84300,186
739,20180228,1500,84400,281
740,20180228,1501,84300,148
741,20180228,1502,84300,123
742,20180228,1503,84300,104
743,20180228,1504,84200,134
744,20180228,1505,84300,122
745,20180228,1506,84300,8
746,20180228,1507,84200,12
747,20180228,1508,84200,49
748,20180228,1509,84200,560
749,20180228,1510,84200,174
750,20180228,1511,84100,371
751,20180228,1512,84100,328
752,20180228,1513,84100,299
753,20180228,1514,84200,751
754,20180228,1515,84100,117
755,20180228,1516,84000,8
756,20180228,1517,84200,216
757,20180228,1518,84300,210
758,20180228,1519,84200,334
759,20180228,1520,84100,895
760,20180228,1530,84000,30509
0,20180302,901,82600,1946
1,20180302,902,82800,384
2,20180302,903,82700,176
3,20180302,904,82600,469
4,20180302,905,82400,701
5,20180302,906,82400,803
6,20180302,907,83000,346
7,20180302,908,82800,329
8,20180302,909,82700,414
9,20180302,910,82400,360
10,20180302,911,82500,442
11,20180302,912,82400,956
12,20180302,913,82500,334
13,20180302,914,82800,275
14,20180302,915,82900,269
15,20180302,916,82900,1296
16,20180302,917,83500,141
17,20180302,918,83300,453
18,20180302,919,83300,88
19,20180302,920,83300,137
20,20180302,921,83200,271
21,20180302,922,82900,175
22,20180302,923,82900,135
23,20180302,924,82800,157
24,20180302,925,83000,220
25,20180302,926,83500,348
26,20180302,927,83600,105
27,20180302,928,83400,216
28,20180302,929,83500,97
29,20180302,930,83500,226
30,20180302,931,83800,182
31,20180302,932,83800,256
32,20180302,933,83500,55
33,20180302,934,83500,164
34,20180302,935,83700,337
35,20180302,936,83500,13
36,20180302,937,83400,678
37,20180302,938,83300,350
38,20180302,939,83500,92
39,20180302,940,83500,171
40,20180302,941,83500,104
41,20180302,942,83500,393
42,20180302,943,83500,443
43,20180302,944,83200,270
44,20180302,945,83200,57
45,20180302,946,83500,1
46,20180302,947,83500,348
47,20180302,948,83500,26
48,20180302,949,83400,421
49,20180302,950,83300,187
50,20180302,951,83200,157
51,20180302,952,83100,514
52,20180302,953,83100,2374
53,20180302,954,82700,281
54,20180302,955,82600,77
55,20180302,956,82700,96
56,20180302,957,82800,175
57,20180302,958,82600,185
58,20180302,959,82700,79
59,20180302,1000,82600,474
60,20180302,1001,82700,493
61,20180302,1002,82500,62
62,20180302,1003,82500,203
63,20180302,1004,82500,494
64,20180302,1005,82400,332
65,20180302,1006,82500,61
66,20180302,1007,82400,54
67,20180302,1008,82400,151
68,20180302,1009,82500,33
69,20180302,1010,82400,589
70,20180302,1011,82300,201
71,20180302,1012,82400,46
72,20180302,1013,82400,315
73,20180302,1014,82300,165
74,20180302,1015,82300,50
75,20180302,1016,82400,1830
76,20180302,1017,82600,44
77,20180302,1018,82700,391
78,20180302,1019,82400,101
79,20180302,1020,82400,33
80,20180302,1021,82400,62
81,20180302,1022,82400,162
82,20180302,1023,82500,212
83,20180302,1024,82600,39
84,20180302,1025,82600,14
85,20180302,1026,82600,31
86,20180302,1027,82700,188
87,20180302,1028,82400,33
88,20180302,1029,82400,283
89,20180302,1030,82400,205
90,20180302,1031,82400,30
91,20180302,1032,82400,530
92,20180302,1033,82600,103
93,20180302,1034,82600,125
94,20180302,1035,82700,201
95,20180302,1036,82800,32
96,20180302,1037,82800,20
97,20180302,1038,82800,440
98,20180302,1039,82500,382
99,20180302,1040,82600,83
100,20180302,1041,82600,189
101,20180302,1042,82800,31
102,20180302,1043,82700,88
103,20180302,1044,82700,7
104,20180302,1045,82600,3
105,20180302,1046,82600,428
106,20180302,1047,82400,40
107,20180302,1048,82500,8
108,20180302,1049,82400,586
109,20180302,1050,82600,169
110,20180302,1051,82700,53
111,20180302,1052,82700,8
112,20180302,1053,82700,165
113,20180302,1054,82700,2
114,20180302,1055,82800,129
115,20180302,1056,82900,3
116,20180302,1057,82800,300
117,20180302,1058,83000,299
118,20180302,1059,83200,35
119,20180302,1100,83200,90
120,20180302,1101,83000,153
121,20180302,1102,82900,53
122,20180302,1103,82900,45
123,20180302,1104,82900,11
124,20180302,1105,82900,115
125,20180302,1106,82900,5
126,20180302,1107,82900,368
127,20180302,1108,82700,177
128,20180302,1109,82700,19
129,20180302,1110,82700,84
130,20180302,1111,82700,147
131,20180302,1112,82700,233
132,20180302,1113,82700,48
133,20180302,1114,82600,4
134,20180302,1115,82700,44
135,20180302,1116,82700,332
136,20180302,1117,82600,288
137,20180302,1118,82600,6
138,20180302,1119,82600,46
139,20180302,1120,82600,24
140,20180302,1121,82600,134
141,20180302,1122,82600,530
142,20180302,1123,82800,16
143,20180302,1124,82800,79
144,20180302,1125,82700,3
145,20180302,1126,82800,69
146,20180302,1127,82800,43
147,20180302,1128,82700,83
148,20180302,1129,82800,68
149,20180302,1130,82700,35
150,20180302,1131,82800,114
151,20180302,1132,82600,586
152,20180302,1133,82700,161
153,20180302,1134,82600,179
154,20180302,1135,82700,2
155,20180302,1136,82800,127
156,20180302,1137,82800,1
157,20180302,1138,82800,24
158,20180302,1139,82800,242
159,20180302,1140,82600,102
160,20180302,1141,82600,5
161,20180302,1142,82600,3
162,20180302,1143,82600,35
163,20180302,1144,82600,44
164,20180302,1145,82600,2
165,20180302,1146,82600,127
166,20180302,1147,82600,6
167,20180302,1148,82600,5
168,20180302,1149,82600,15
169,20180302,1150,82600,13
170,20180302,1151,82600,170
171,20180302,1152,82600,89
172,20180302,1153,82600,68
173,20180302,1154,82600,40
174,20180302,1155,82600,28
175,20180302,1156,82600,7
176,20180302,1157,82600,216
177,20180302,1158,82600,10
178,20180302,1159,82600,216
179,20180302,1200,82600,29
180,20180302,1201,82600,16
181,20180302,1202,82600,8
182,20180302,1203,82600,8
183,20180302,1204,82600,35
184,20180302,1205,82600,4
185,20180302,1206,82600,4
186,20180302,1207,82600,394
187,20180302,1208,82600,803
188,20180302,1209,82800,95
189,20180302,1210,82900,1
190,20180302,1211,82900,71
191,20180302,1212,82900,21
192,20180302,1213,82800,4
193,20180302,1214,82800,26
194,20180302,1215,82800,46
195,20180302,1216,82900,1
196,20180302,1217,82900,1
197,20180302,1218,82900,32
198,20180302,1219,82900,30
199,20180302,1220,82900,82
200,20180302,1221,82800,4
201,20180302,1222,82900,4
202,20180302,1223,82900,34
203,20180302,1224,82900,162
204,20180302,1225,82900,5
205,20180302,1226,82900,4
206,20180302,1227,82800,25
207,20180302,1228,82900,27
208,20180302,1229,82900,1793
209,20180302,1230,83300,198
210,20180302,1231,83400,10
211,20180302,1232,83400,42
212,20180302,1233,83300,256
213,20180302,1234,83500,20
214,20180302,1235,83400,138
215,20180302,1236,83500,689
216,20180302,1237,83200,7
217,20180302,1238,83100,6
218,20180302,1239,83200,4
219,20180302,1240,83200,117
220,20180302,1241,83200,91
221,20180302,1242,83300,13
222,20180302,1243,83300,26
223,20180302,1244,83300,65
224,20180302,1245,83200,5
225,20180302,1246,83300,3
226,20180302,1247,83300,19
227,20180302,1248,83300,199
228,20180302,1249,83200,153
229,20180302,1250,83200,32
230,20180302,1251,83200,625
231,20180302,1252,83200,110
232,20180302,1253,83300,27
233,20180302,1254,83100,3
234,20180302,1255,83200,1
235,20180302,1256,83200,12
236,20180302,1257,83200,12
237,20180302,1258,83100,33
238,20180302,1259,83200,1
239,20180302,1300,83200,3
240,20180302,1301,83200,11
241,20180302,1302,83200,54
242,20180302,1303,83200,161
243,20180302,1304,83200,14
244,20180302,1305,83200,12
245,20180302,1306,83200,7
246,20180302,1307,83100,16
247,20180302,1308,83200,311
248,20180302,1309,83200,13
249,20180302,1310,83200,48
250,20180302,1311,83200,3
251,20180302,1312,83200,44
252,20180302,1313,83200,34
253,20180302,1314,83200,9
254,20180302,1315,83200,6
255,20180302,1316,83200,2
256,20180302,1317,83200,5
257,20180302,1318,83200,69
258,20180302,1319,83200,151
259,20180302,1320,83200,10
260,20180302,1321,83200,2
261,20180302,1322,83200,114
262,20180302,1323,83200,19
263,20180302,1324,83200,28
264,20180302,1325,83200,13
265,20180302,1326,83200,10
266,20180302,1327,83200,16
267,20180302,1328,83100,1708
268,20180302,1329,83600,482
269,20180302,1330,83800,161
270,20180302,1331,83900,375
271,20180302,1332,83900,256
272,20180302,1333,83900,38
273,20180302,1334,83900,114
274,20180302,1335,83700,151
275,20180302,1336,83900,104
276,20180302,1337,84000,24
277,20180302,1338,84000,446
278,20180302,1339,84200,21
279,20180302,1340,84200,1
280,20180302,1341,84100,185
281,20180302,1342,84300,15
282,20180302,1343,84300,15
283,20180302,1344,84300,114
284,20180302,1345,84300,493
285,20180302,1346,84400,142
286,20180302,1347,84200,170
287,20180302,1348,84100,9
288,20180302,1349,84100,51
289,20180302,1350,84200,104
290,20180302,1351,84200,362
291,20180302,1352,84100,240
292,20180302,1353,83900,169
293,20180302,1354,83900,10
294,20180302,1355,84000,55
295,20180302,1356,83900,11
296,20180302,1357,84000,1319
297,20180302,1358,83800,321
298,20180302,1359,84000,17
299,20180302,1400,83900,250
300,20180302,1401,83900,24
301,20180302,1402,83900,26
302,20180302,1403,83900,23
303,20180302,1404,83800,20
304,20180302,1405,83900,11
305,20180302,1406,83900,6
306,20180302,1407,83900,72
307,20180302,1408,83900,437
308,20180302,1409,84000,68
309,20180302,1410,84100,58
310,20180302,1411,84100,268
311,20180302,1412,84000,150
312,20180302,1413,84000,101
313,20180302,1414,83900,41
314,20180302,1415,83900,6
315,20180302,1416,83900,26
316,20180302,1417,83900,21
317,20180302,1418,83900,8
318,20180302,1419,83900,1
319,20180302,1420,83900,5
320,20180302,1421,83900,287
321,20180302,1422,83900,715
322,20180302,1423,84000,138
323,20180302,1424,84000,45
324,20180302,1425,84000,3
325,20180302,1426,84000,114
326,20180302,1427,84000,135
327,20180302,1428,83900,14
328,20180302,1429,83900,9
329,20180302,1430,83800,11
330,20180302,1431,83900,21
331,20180302,1432,83800,11
332,20180302,1433,83800,7
333,20180302,1434,83900,63
334,20180302,1435,83900,39
335,20180302,1436,83900,36
336,20180302,1437,83900,87
337,20180302,1438,83800,15
338,20180302,1439,83900,565
339,20180302,1440,83800,12
340,20180302,1441,83800,10
341,20180302,1442,83800,31
342,20180302,1443,83800,28
343,20180302,1444,83800,516
344,20180302,1445,83600,19
345,20180302,1446,83700,19
346,20180302,1447,83700,42
347,20180302,1448,83700,810
348,20180302,1449,83800,54
349,20180302,1450,83800,19
350,20180302,1451,83800,33
351,20180302,1452,83800,335
352,20180302,1453,83900,28
353,20180302,1454,83900,710
354,20180302,1455,83800,82
355,20180302,1456,83800,62
356,20180302,1457,83800,376
357,20180302,1458,83600,100
358,20180302,1459,83700,13
359,20180302,1500,83700,287
360,20180302,1501,83600,54
361,20180302,1502,83500,1041
362,20180302,1503,83300,8
363,20180302,1504,83300,126
364,20180302,1505,83300,77
365,20180302,1506,83300,68
366,20180302,1507,83200,136
367,20180302,1508,83300,22
368,20180302,1509,83300,85
369,20180302,1510,83300,283
370,20180302,1511,83300,362
371,20180302,1512,83200,239
372,20180302,1513,83200,44
373,20180302,1514,83200,39
374,20180302,1515,83200,68
375,20180302,1516,83200,228
376,20180302,1517,83200,133
377,20180302,1518,83100,300
378,20180302,1519,83000,95
379,20180302,1520,83000,466
380,20180302,1530,83400,3861
0,20180305,901,83000,1012
1,20180305,902,83400,293
2,20180305,903,83300,503
3,20180305,904,83500,1620
4,20180305,905,83400,554
5,20180305,906,83400,275
6,20180305,907,83400,172
7,20180305,908,83200,557
8,20180305,909,82900,330
9,20180305,910,82600,109
10,20180305,911,82500,409
11,20180305,912,82500,557
12,20180305,913,82300,814
13,20180305,914,82600,8
14,20180305,915,82700,418
15,20180305,916,82900,554
16,20180305,917,82600,238
17,20180305,918,82900,116
18,20180305,919,82900,62
19,20180305,920,82900,284
20,20180305,921,83000,200
21,20180305,922,83200,61
22,20180305,923,83400,1449
23,20180305,924,83600,272
24,20180305,925,83400,203
25,20180305,926,83700,47
26,20180305,927,83700,132
27,20180305,928,83700,556
28,20180305,929,83600,11
29,20180305,930,83600,471
30,20180305,931,83500,4
31,20180305,932,83500,188
32,20180305,933,83600,134
33,20180305,934,83500,54
34,20180305,935,83500,57
35,20180305,936,83500,294
36,20180305,937,83500,60
37,20180305,938,83600,90
38,20180305,939,83600,40
39,20180305,940,83600,26
40,20180305,941,83500,34
41,20180305,942,83500,125
42,20180305,943,83500,207
43,20180305,944,83500,328
44,20180305,945,83400,8
45,20180305,946,83400,298
46,20180305,947,83200,404
47,20180305,948,83200,192
48,20180305,949,83400,14
49,20180305,950,83400,108
50,20180305,951,83400,17
51,20180305,952,83500,229
52,20180305,953,83500,69
53,20180305,954,83600,599
54,20180305,955,83600,39
55,20180305,956,83700,211
56,20180305,957,83800,64
57,20180305,958,83700,1148
58,20180305,959,83300,26
59,20180305,1000,83400,255
60,20180305,1001,83500,13
61,20180305,1002,83500,359
62,20180305,1003,83100,199
63,20180305,1004,83200,11
64,20180305,1005,83300,230
65,20180305,1007,83400,76
66,20180305,1008,83400,170
67,20180305,1009,83500,378
68,20180305,1010,83300,161
69,20180305,1011,83400,64
70,20180305,1012,83400,102
71,20180305,1013,83500,442
72,20180305,1014,83500,165
73,20180305,1015,83400,140
74,20180305,1016,83300,54
75,20180305,1017,83500,552
76,20180305,1018,83200,4
77,20180305,1019,83300,2098
78,20180305,1020,83800,768
79,20180305,1021,84200,615
80,20180305,1022,84200,66
81,20180305,1023,84100,38
82,20180305,1024,84000,60
83,20180305,1025,84000,46
84,20180305,1026,84100,25
85,20180305,1027,84000,172
86,20180305,1028,84100,13
87,20180305,1029,84100,62
88,20180305,1030,84000,17
89,20180305,1031,84000,220
90,20180305,1032,84300,398
91,20180305,1033,84400,107
92,20180305,1034,84300,251
93,20180305,1035,84400,678
94,20180305,1036,84600,534
95,20180305,1037,84600,147
96,20180305,1038,84500,201
97,20180305,1039,84700,369
98,20180305,1040,84600,111
99,20180305,1041,84500,51
100,20180305,1042,84400,149
101,20180305,1043,84500,75
102,20180305,1044,84600,139
103,20180305,1045,84600,1738
104,20180305,1046,85000,404
105,20180305,1047,85000,336
106,20180305,1048,85200,391
107,20180305,1049,85300,277
108,20180305,1050,85100,290
109,20180305,1051,85000,371
110,20180305,1052,84700,140
111,20180305,1053,84800,222
112,20180305,1054,84700,53
113,20180305,1055,84700,306
114,20180305,1056,84700,172
115,20180305,1057,84700,214
116,20180305,1058,84600,94
117,20180305,1059,84700,47
118,20180305,1100,84600,160
119,20180305,1101,84700,883
120,20180305,1102,84300,158
121,20180305,1103,84500,18
122,20180305,1104,84500,135
123,20180305,1105,84600,83
124,20180305,1106,84700,280
125,20180305,1107,84400,216
126,20180305,1108,84400,83
127,20180305,1109,84500,17
128,20180305,1110,84700,162
129,20180305,1111,84300,93
130,20180305,1112,84600,44
131,20180305,1113,84700,51
132,20180305,1114,84600,77
133,20180305,1115,84600,77
134,20180305,1116,84700,213
135,20180305,1117,84800,10
136,20180305,1118,84800,88
137,20180305,1119,84700,150
138,20180305,1120,84800,289
139,20180305,1121,84800,161
140,20180305,1122,84700,1081
141,20180305,1123,84900,107
142,20180305,1124,84800,62
143,20180305,1125,84700,167
144,20180305,1126,84700,57
145,20180305,1127,84600,43
146,20180305,1128,84700,475
147,20180305,1129,84900,36
148,20180305,1130,85000,196
149,20180305,1131,84900,195
150,20180305,1132,84700,32
151,20180305,1133,84700,55
152,20180305,1134,84700,70
153,20180305,1135,84700,90
154,20180305,1136,84800,292
155,20180305,1137,85000,127
156,20180305,1138,84900,100
157,20180305,1139,84800,172
158,20180305,1140,84700,80
159,20180305,1141,84800,92
160,20180305,1142,84700,167
161,20180305,1143,84900,150
162,20180305,1144,84900,36
163,20180305,1145,84900,119
164,20180305,1146,84700,102
165,20180305,1147,84700,74
166,20180305,1148,84800,44
167,20180305,1149,84800,26
168,20180305,1150,84700,216
169,20180305,1151,84800,92
170,20180305,1152,84900,51
171,20180305,1153,84900,23
172,20180305,1154,84900,104
173,20180305,1155,84900,112
174,20180305,1156,84900,249
175,20180305,1157,84900,178
176,20180305,1158,84900,125
177,20180305,1159,84900,58
178,20180305,1200,85000,140
179,20180305,1201,84900,112
180,20180305,1202,84900,50
181,20180305,1203,84900,133
182,20180305,1204,84900,146
183,20180305,1205,85000,180
184,20180305,1206,84800,205
185,20180305,1207,84700,131
186,20180305,1208,84700,89
187,20180305,1209,84800,118
188,20180305,1210,84900,334
189,20180305,1211,84900,136
190,20180305,1212,84900,235
191,20180305,1213,84900,76
192,20180305,1214,84900,33
193,20180305,1215,84800,109
194,20180305,1216,84800,235
195,20180305,1217,84700,579
196,20180305,1218,84600,88
197,20180305,1219,84500,119
198,20180305,1220,84600,158
199,20180305,1221,84500,40
200,20180305,1222,84500,83
201,20180305,1223,84600,148
202,20180305,1224,84600,119
203,20180305,1225,84900,150
204,20180305,1226,84700,175
205,20180305,1227,84700,68
206,20180305,1228,84800,113
207,20180305,1229,84800,103
208,20180305,1230,84900,365
209,20180305,1231,84600,54
210,20180305,1232,84700,125
211,20180305,1233,84800,136
212,20180305,1234,84900,101
213,20180305,1235,84800,209
214,20180305,1236,84700,13
215,20180305,1237,84700,165
216,20180305,1238,84900,91
217,20180305,1239,84900,113
218,20180305,1240,84800,186
219,20180305,1241,84900,144
220,20180305,1242,84900,108
221,20180305,1243,84800,147
222,20180305,1244,84700,53
223,20180305,1245,84800,38
224,20180305,1246,84800,16
225,20180305,1247,84800,275
226,20180305,1248,84700,178
227,20180305,1249,84700,42
228,20180305,1250,84700,65
229,20180305,1251,84700,89
230,20180305,1252,84700,26
231,20180305,1253,84700,130
232,20180305,1254,84800,154
233,20180305,1255,84900,173
234,20180305,1256,84900,44
235,20180305,1257,84800,40
236,20180305,1258,84800,320
237,20180305,1259,84800,396
238,20180305,1300,84800,64
239,20180305,1301,85000,92
240,20180305,1302,85000,174
241,20180305,1303,84800,96
242,20180305,1304,84900,81
243,20180305,1305,84900,47
244,20180305,1306,85000,24
245,20180305,1307,85000,89
246,20180305,1308,85000,186
247,20180305,1309,85000,307
248,20180305,1310,84900,112
249,20180305,1311,84900,88
250,20180305,1312,84900,161
251,20180305,1313,85000,107
252,20180305,1314,85000,244
253,20180305,1315,84900,95
254,20180305,1316,85000,198
255,20180305,1317,85000,954
256,20180305,1318,85100,254
257,20180305,1319,85200,362
258,20180305,1320,85100,241
259,20180305,1321,85200,120
260,20180305,1322,85100,319
261,20180305,1323,85300,1401
262,20180305,1324,85400,406
263,20180305,1325,85400,319
264,20180305,1326,85400,296
265,20180305,1327,85400,538
266,20180305,1328,85400,104
267,20180305,1329,85300,204
268,20180305,1330,85400,328
269,20180305,1331,85300,254
270,20180305,1332,85200,107
271,20180305,1333,85300,245
272,20180305,1334,85200,85
273,20180305,1335,85300,103
274,20180305,1336,85400,133
275,20180305,1337,85400,214
276,20180305,1338,85400,119
277,20180305,1339,85400,293
278,20180305,1340,85400,307
279,20180305,1341,85500,332
280,20180305,1342,85400,157
281,20180305,1343,85400,157
282,20180305,1344,85300,70
283,20180305,1345,85400,309
284,20180305,1346,85300,357
285,20180305,1347,85100,225
286,20180305,1348,85100,204
287,20180305,1349,85000,285
288,20180305,1350,84900,252
289,20180305,1351,85000,199
290,20180305,1352,85000,228
291,20180305,1353,85000,95
292,20180305,1354,84900,137
293,20180305,1355,85200,171
294,20180305,1356,85100,352
295,20180305,1357,84800,63
296,20180305,1358,84900,174
297,20180305,1359,84900,218
298,20180305,1400,84900,134
299,20180305,1401,84900,137
300,20180305,1402,85000,161
301,20180305,1403,84900,197
302,20180305,1404,85000,112
303,20180305,1405,85000,208
304,20180305,1406,84900,244
305,20180305,1407,84900,222
306,20180305,1408,84900,196
307,20180305,1409,84900,103
308,20180305,1410,84900,156
309,20180305,1411,84900,245
310,20180305,1412,84800,151
311,20180305,1413,84900,218
312,20180305,1414,85000,161
313,20180305,1415,84800,118
314,20180305,1416,84900,115
315,20180305,1417,85000,213
316,20180305,1418,84900,223
317,20180305,1419,85000,102
318,20180305,1420,84900,182
319,20180305,1421,85000,171
320,20180305,1422,85000,206
321,20180305,1423,84900,210
322,20180305,1424,84800,167
323,20180305,1425,84900,154
324,20180305,1426,84800,492
325,20180305,1427,84700,203
326,20180305,1428,84700,296
327,20180305,1429,84900,201
328,20180305,1430,85000,160
329,20180305,1431,85000,183
330,20180305,1432,85000,198
331,20180305,1433,85000,286
332,20180305,1434,84900,157
333,20180305,1435,85000,222
334,20180305,1436,84900,446
335,20180305,1437,85100,149
336,20180305,1438,85100,231
337,20180305,1439,85100,510
338,20180305,1440,85100,191
339,20180305,1441,85100,211
340,20180305,1442,85000,209
341,20180305,1443,85000,238
342,20180305,1444,85100,671
343,20180305,1445,85300,123
344,20180305,1446,85300,308
345,20180305,1447,85300,642
346,20180305,1448,85100,169
347,20180305,1449,84900,203
348,20180305,1450,85200,272
349,20180305,1451,85100,286
350,20180305,1452,85200,241
351,20180305,1453,85200,181
352,20180305,1454,85100,131
353,20180305,1455,85200,164
354,20180305,1456,85300,234
355,20180305,1457,85300,776
356,20180305,1458,85400,198
357,20180305,1459,85400,226
358,20180305,1500,85300,177
359,20180305,1501,85200,346
360,20180305,1502,85300,216
361,20180305,1503,85200,230
362,20180305,1504,85400,213
363,20180305,1505,85400,175
364,20180305,1506,85400,272
365,20180305,1507,85100,66
366,20180305,1508,85200,270
367,20180305,1509,85100,89
368,20180305,1510,85200,196
369,20180305,1511,85200,148
370,20180305,1512,85100,180
371,20180305,1513,85200,172
372,20180305,1514,85100,83
373,20180305,1515,85200,176
374,20180305,1516,85200,344
375,20180305,1517,85200,179
376,20180305,1518,85200,903
377,20180305,1519,85100,314
378,20180305,1520,84700,97
379,20180305,1530,84900,6202
380,20180306,901,85300,1545
381,20180306,902,85500,993
382,20180306,903,85700,169
383,20180306,904,85900,388
384,20180306,905,85800,297
385,20180306,906,85800,72
386,20180306,907,85700,233
387,20180306,908,85800,257
388,20180306,909,86000,236
389,20180306,910,86100,145
390,20180306,911,86100,460
391,20180306,912,86000,191
392,20180306,913,86000,236
393,20180306,914,86000,50
394,20180306,915,86000,212
395,20180306,916,85900,59
396,20180306,917,85800,120
397,20180306,918,85900,56
398,20180306,919,85800,348
399,20180306,920,86000,198
400,20180306,921,86100,19
401,20180306,922,86000,191
402,20180306,923,86000,836
403,20180306,924,86100,688
404,20180306,925,86400,54
405,20180306,926,86400,735
406,20180306,927,86300,148
407,20180306,928,86400,182
408,20180306,929,86400,73
409,20180306,930,86500,273
410,20180306,931,86300,104
411,20180306,932,86300,45
412,20180306,933,86300,117
413,20180306,934,86300,166
414,20180306,935,86100,190
415,20180306,936,86200,360
416,20180306,937,85900,303
417,20180306,938,86200,113
418,20180306,939,86300,62
419,20180306,940,86300,76
420,20180306,941,86200,82
421,20180306,942,86300,218
422,20180306,943,86300,95
423,20180306,944,86400,204
424,20180306,945,86300,125
425,20180306,946,86400,7079
426,20180306,947,87000,1182
427,20180306,948,87400,421
428,20180306,949,87300,1624
429,20180306,950,87200,605
430,20180306,951,86900,196
431,20180306,952,86900,343
432,20180306,953,86900,262
433,20180306,954,87100,71
434,20180306,955,86900,212
435,20180306,956,87000,724
436,20180306,957,87200,235
437,20180306,958,87000,124
438,20180306,959,87100,99
439,20180306,1000,87000,282
440,20180306,1001,86900,537
441,20180306,1002,86600,105
442,20180306,1003,86700,216
443,20180306,1004,86900,382
444,20180306,1005,86600,70
445,20180306,1006,86600,232
446,20180306,1007,86700,217
447,20180306,1008,86500,144
448,20180306,1009,86500,158
449,20180306,1010,86500,105
450,20180306,1011,86500,152
451,20180306,1012,86500,58
452,20180306,1013,86700,155
453,20180306,1014,86700,205
454,20180306,1015,86900,15
455,20180306,1016,86800,259
456,20180306,1017,86700,18
457,20180306,1018,86800,226
458,20180306,1019,86700,5
459,20180306,1020,86900,256
460,20180306,1021,86900,228
461,20180306,1022,86900,338
462,20180306,1023,87100,334
463,20180306,1024,87200,181
464,20180306,1025,87000,256
465,20180306,1026,87000,353
466,20180306,1027,86900,505
467,20180306,1028,87100,51
468,20180306,1029,87000,112
469,20180306,1030,86900,166
470,20180306,1031,87000,84
471,20180306,1032,87000,312
472,20180306,1033,87100,388
473,20180306,1034,87200,314
474,20180306,1035,87100,89
475,20180306,1036,87000,236
476,20180306,1037,87000,169
477,20180306,1038,87100,1459
478,20180306,1039,87300,388
479,20180306,1040,87300,114
480,20180306,1041,87300,244
481,20180306,1042,87100,86
482,20180306,1043,87100,248
483,20180306,1044,87000,139
484,20180306,1045,87000,348
485,20180306,1046,87100,212
486,20180306,1047,87100,54
487,20180306,1048,87100,224
488,20180306,1049,87100,102
489,20180306,1050,87000,168
490,20180306,1051,87100,161
491,20180306,1052,87100,107
492,20180306,1053,87100,486
493,20180306,1054,87100,70
494,20180306,1055,87000,764
495,20180306,1056,86800,254
496,20180306,1057,86800,446
497,20180306,1058,87000,107
498,20180306,1059,87000,192
499,20180306,1100,86900,52
500,20180306,1101,86800,456
501,20180306,1102,86800,229
502,20180306,1103,86800,117
503,20180306,1104,86900,118
504,20180306,1105,86900,176
505,20180306,1106,87000,195
506,20180306,1107,87000,191
507,20180306,1108,86900,49
508,20180306,1109,86900,177
509,20180306,1110,87000,52
510,20180306,1111,86900,202
511,20180306,1112,87000,16
512,20180306,1113,87000,176
513,20180306,1114,87000,39
514,20180306,1115,87000,80
515,20180306,1116,87100,194
516,20180306,1117,87000,85
517,20180306,1118,87100,24
518,20180306,1119,87000,123
519,20180306,1120,86900,324
520,20180306,1121,86900,110
521,20180306,1122,86800,78
522,20180306,1123,86800,11
523,20180306,1124,86800,249
524,20180306,1125,86700,9
525,20180306,1126,86700,65
526,20180306,1127,86800,83
527,20180306,1128,86700,194
528,20180306,1129,86700,83
529,20180306,1130,86800,211
530,20180306,1131,86700,29
531,20180306,1132,86700,273
532,20180306,1133,86800,86
533,20180306,1134,86800,63
534,20180306,1135,86800,183
535,20180306,1136,86900,100
536,20180306,1137,86700,44
537,20180306,1138,86700,96
538,20180306,1139,86700,214
539,20180306,1140,86800,67
540,20180306,1141,86800,64
541,20180306,1142,86900,103
542,20180306,1143,86700,98
543,20180306,1144,86900,29
544,20180306,1145,86800,35
545,20180306,1146,86800,95
546,20180306,1147,86700,61
547,20180306,1148,86700,260
548,20180306,1149,86700,131
549,20180306,1150,86700,356
550,20180306,1151,86700,149
551,20180306,1152,86600,27
552,20180306,1153,86600,171
553,20180306,1154,86700,123
554,20180306,1155,86700,186
555,20180306,1156,86800,22
556,20180306,1157,86700,133
557,20180306,1158,86700,5
558,20180306,1159,86800,155
559,20180306,1200,86800,76
560,20180306,1201,86800,35
561,20180306,1202,86800,231
562,20180306,1203,86700,99
563,20180306,1204,86800,90
564,20180306,1205,86800,28
565,20180306,1206,86700,90
566,20180306,1207,86700,29
567,20180306,1208,86700,100
568,20180306,1209,86700,83
569,20180306,1210,86700,50
570,20180306,1211,86700,63
571,20180306,1212,86700,108
572,20180306,1213,86700,21
573,20180306,1214,86700,275
574,20180306,1215,86700,118
575,20180306,1216,86500,89
576,20180306,1217,86700,53
577,20180306,1218,86700,251
578,20180306,1219,86800,43
579,20180306,1220,86800,119
580,20180306,1221,86600,627
581,20180306,1222,86300,63
582,20180306,1223,86500,178
583,20180306,1224,86600,53
584,20180306,1225,86600,116
585,20180306,1226,86600,96
586,20180306,1227,86500,120
587,20180306,1228,86600,53
588,20180306,1229,86500,113
589,20180306,1230,86600,11
590,20180306,1231,86600,89
591,20180306,1232,86700,65
592,20180306,1233,86700,148
593,20180306,1234,86600,184
594,20180306,1235,86500,453
595,20180306,1236,86600,125
596,20180306,1237,86600,59
597,20180306,1238,86600,47
598,20180306,1239,86700,67
599,20180306,1240,86700,283
600,20180306,1241,86700,114
601,20180306,1242,86900,78
602,20180306,1243,86900,39
603,20180306,1244,86900,123
604,20180306,1245,86800,69
605,20180306,1246,86800,47
606,20180306,1247,86800,8
607,20180306,1248,86800,115
608,20180306,1249,86800,24
609,20180306,1250,86800,60
610,20180306,1251,86900,476
611,20180306,1252,87000,110
612,20180306,1253,86900,23
613,20180306,1254,87000,82
614,20180306,1255,87000,46
615,20180306,1256,86900,122
616,20180306,1257,87000,538
617,20180306,1258,86700,165
618,20180306,1259,86600,69
619,20180306,1300,86700,60
620,20180306,1301,86700,360
621,20180306,1302,86600,35
622,20180306,1303,86700,120
623,20180306,1304,86600,46
624,20180306,1305,86600,351
625,20180306,1306,86500,60
626,20180306,1307,86500,117
627,20180306,1308,86500,168
628,20180306,1309,86400,263
629,20180306,1310,86400,267
630,20180306,1311,86400,132
631,20180306,1312,86400,78
632,20180306,1313,86300,157
633,20180306,1314,86400,40
634,20180306,1315,86500,80
635,20180306,1316,86400,184
636,20180306,1317,86500,114
637,20180306,1318,86400,39
638,20180306,1319,86500,209
639,20180306,1320,86600,86
640,20180306,1321,86500,145
641,20180306,1322,86400,123
642,20180306,1323,86400,38
643,20180306,1324,86500,80
644,20180306,1325,86400,48
645,20180306,1326,86500,158
646,20180306,1327,86500,158
647,20180306,1328,86400,163
648,20180306,1329,86600,39
649,20180306,1330,86600,97
650,20180306,1331,86600,111
651,20180306,1332,86600,51
652,20180306,1333,86600,42
653,20180306,1334,86700,55
654,20180306,1335,86700,169
655,20180306,1336,86800,83
656,20180306,1337,86800,523
657,20180306,1338,86800,435
658,20180306,1339,86900,122
659,20180306,1340,86900,11
660,20180306,1341,86900,90
661,20180306,1342,86800,39
662,20180306,1343,86800,119
663,20180306,1344,86900,54
664,20180306,1345,86900,171
665,20180306,1346,86900,183
666,20180306,1347,86800,67
667,20180306,1348,86900,108
668,20180306,1349,86800,74
669,20180306,1350,86900,34
670,20180306,1351,86800,154
671,20180306,1352,86800,186
672,20180306,1353,86800,69
673,20180306,1354,86900,31
674,20180306,1355,86800,76
675,20180306,1356,86900,124
676,20180306,1357,86800,120
677,20180306,1358,86800,30
678,20180306,1359,86900,69
679,20180306,1400,86900,201
680,20180306,1401,86800,61
681,20180306,1402,86800,69
682,20180306,1403,86900,93
683,20180306,1404,86900,52
684,20180306,1405,86900,1117
685,20180306,1406,86400,235
686,20180306,1407,86500,227
687,20180306,1408,86800,63
688,20180306,1409,86700,76
689,20180306,1410,86700,205
690,20180306,1411,86600,47
691,20180306,1412,86600,58
692,20180306,1413,86700,237
693,20180306,1414,86700,63
694,20180306,1415,86700,117
695,20180306,1416,86800,99
696,20180306,1417,86900,21
697,20180306,1418,86900,68
698,20180306,1419,86900,168
699,20180306,1420,86900,20
700,20180306,1421,86900,90
701,20180306,1422,86800,74
702,20180306,1423,86900,215
703,20180306,1424,86900,8
704,20180306,1425,86800,65
705,20180306,1426,86800,625
706,20180306,1427,86800,183
707,20180306,1428,86800,65
708,20180306,1429,86600,159
709,20180306,1430,86700,63
710,20180306,1431,86700,276
711,20180306,1432,86600,183
712,20180306,1433,86700,70
713,20180306,1434,86700,681
714,20180306,1435,86900,194
715,20180306,1436,86900,59
716,20180306,1437,86900,123
717,20180306,1438,86800,37
718,20180306,1439,86900,419
719,20180306,1440,86800,287
720,20180306,1441,86700,68
721,20180306,1442,86700,67
722,20180306,1443,86700,201
723,20180306,1444,86700,85
724,20180306,1445,86800,106
725,20180306,1446,86800,166
726,20180306,1447,86800,176
727,20180306,1448,86800,88
728,20180306,1449,86900,125
729,20180306,1450,86800,68
730,20180306,1451,86800,22
731,20180306,1452,86900,75
732,20180306,1453,86900,55
733,20180306,1454,86800,646
734,20180306,1455,86900,85
735,20180306,1456,87000,63
736,20180306,1457,87000,153
737,20180306,1458,86800,100
738,20180306,1459,86900,189
739,20180306,1500,86900,433
740,20180306,1501,86900,99
741,20180306,1502,87100,90
742,20180306,1503,87100,133
743,20180306,1504,87100,86
744,20180306,1505,87100,120
745,20180306,1506,87100,712
746,20180306,1507,87100,1421
747,20180306,1508,87300,2136
748,20180306,1509,87500,1288
749,20180306,1510,87500,785
750,20180306,1511,87300,766
751,20180306,1512,87400,107
752,20180306,1513,87400,385
753,20180306,1514,87400,138
754,20180306,1515,87300,151
755,20180306,1516,87400,152
756,20180306,1517,87400,204
757,20180306,1518,87400,94
758,20180306,1519,87400,403
759,20180306,1520,87400,432
760,20180306,1530,87600,8603
761,20180307,901,87300,1906
762,20180307,902,86800,1516
763,20180307,903,86600,28
764,20180307,904,86100,333
765,20180307,905,85800,693
766,20180307,906,85900,342
767,20180307,907,85900,167
768,20180307,908,86000,997
769,20180307,909,86300,805
770,20180307,910,85800,520
771,20180307,911,85800,713
772,20180307,912,85900,440
773,20180307,913,86100,107
774,20180307,914,86500,54
775,20180307,915,86300,441
776,20180307,916,86200,128
777,20180307,917,86100,226
778,20180307,918,86000,491
779,20180307,919,85700,639
780,20180307,920,85800,1432
781,20180307,921,85600,105
782,20180307,922,85600,858
783,20180307,923,85600,797
784,20180307,924,85400,444
785,20180307,925,85400,192
786,20180307,926,85300,313
787,20180307,927,85300,370
788,20180307,928,85500,147
789,20180307,929,85500,428
790,20180307,930,85500,486
791,20180307,931,85400,207
792,20180307,932,85300,389
793,20180307,933,85400,241
794,20180307,934,85300,149
795,20180307,935,85300,514
796,20180307,936,85300,171
797,20180307,937,85300,310
798,20180307,938,85100,1047
799,20180307,939,85000,444
800,20180307,940,85100,296
801,20180307,941,85200,84
802,20180307,942,85400,25
803,20180307,943,85400,153
804,20180307,944,85400,20
805,20180307,945,85400,499
806,20180307,946,85200,41
807,20180307,947,85200,283
808,20180307,948,85300,62
809,20180307,949,85200,19
810,20180307,950,85200,243
811,20180307,951,85300,152
812,20180307,952,85300,427
813,20180307,953,85100,581
814,20180307,954,85200,367
815,20180307,955,85000,250
816,20180307,956,85000,391
817,20180307,957,85100,184
818,20180307,958,85000,268
819,20180307,959,85000,1437
820,20180307,1000,84900,298
821,20180307,1001,85200,32
822,20180307,1002,85300,196
823,20180307,1003,85200,217
824,20180307,1004,85400,724
825,20180307,1005,85800,665
826,20180307,1006,86000,569
827,20180307,1007,85700,40
828,20180307,1008,85500,106
829,20180307,1009,85600,496
830,20180307,1010,85700,82
831,20180307,1011,85700,21
832,20180307,1012,85800,309
833,20180307,1013,85900,622
834,20180307,1014,86000,181
835,20180307,1015,86000,332
836,20180307,1016,86300,85
837,20180307,1017,86300,374
838,20180307,1018,85900,84
839,20180307,1019,85900,564
840,20180307,1020,85800,55
841,20180307,1021,85800,199
842,20180307,1022,85800,84
843,20180307,1023,85700,119
844,20180307,1024,85600,465
845,20180307,1025,85400,231
846,20180307,1026,85500,418
847,20180307,1027,85400,37
848,20180307,1028,85500,113
849,20180307,1029,85500,301
850,20180307,1030,85400,26
851,20180307,1031,85400,170
852,20180307,1032,85600,483
853,20180307,1033,85400,151
854,20180307,1034,85400,4
855,20180307,1035,85500,38
856,20180307,1036,85500,379
857,20180307,1037,85400,855
858,20180307,1038,85900,174
859,20180307,1039,86000,145
860,20180307,1040,85900,458
861,20180307,1041,86200,76
862,20180307,1042,86000,27
863,20180307,1043,86000,47
864,20180307,1044,86000,283
865,20180307,1045,86100,184
866,20180307,1046,86200,168
867,20180307,1047,86000,119
868,20180307,1048,86100,95
869,20180307,1049,86000,30
870,20180307,1050,86000,113
871,20180307,1051,86100,648
872,20180307,1052,85700,91
873,20180307,1053,85700,102
874,20180307,1054,85600,266
875,20180307,1055,85700,122
876,20180307,1056,85600,77
877,20180307,1057,85700,17
878,20180307,1058,85700,79
879,20180307,1059,85700,112
880,20180307,1100,85700,252
881,20180307,1101,85700,282
882,20180307,1102,85900,191
883,20180307,1103,85900,424
884,20180307,1104,85900,144
885,20180307,1105,86000,39
886,20180307,1106,85900,118
887,20180307,1107,86000,124
888,20180307,1108,86000,45
889,20180307,1109,86000,370
890,20180307,1110,85900,119
891,20180307,1111,85800,56
892,20180307,1112,85900,62
893,20180307,1113,85800,244
894,20180307,1114,85800,170
895,20180307,1115,85800,55
896,20180307,1116,85800,37
897,20180307,1117,85800,209
898,20180307,1118,85800,159
899,20180307,1119,85700,290
900,20180307,1120,85600,236
901,20180307,1121,85700,49
902,20180307,1122,85700,295
903,20180307,1123,85700,121
904,20180307,1124,85800,72
905,20180307,1125,85800,32
906,20180307,1126,85900,251
907,20180307,1127,85800,546
908,20180307,1128,86100,66
909,20180307,1129,86100,198
910,20180307,1130,85900,20
911,20180307,1131,85900,53
912,20180307,1132,85900,85
913,20180307,1133,85900,196
914,20180307,1134,85900,39
915,20180307,1135,85900,19
916,20180307,1136,85900,64
917,20180307,1137,85900,129
918,20180307,1138,85900,379
919,20180307,1139,85700,24
920,20180307,1140,85700,146
921,20180307,1141,85700,539
922,20180307,1142,85700,29
923,20180307,1143,85700,55
924,20180307,1144,85700,132
925,20180307,1145,85800,87
926,20180307,1146,85700,54
927,20180307,1147,85700,89
928,20180307,1148,85700,174
929,20180307,1149,85700,26
930,20180307,1150,85700,27
931,20180307,1151,85700,31
932,20180307,1152,85700,196
933,20180307,1153,85700,46
934,20180307,1154,85700,120
935,20180307,1155,85700,154
936,20180307,1156,85700,333
937,20180307,1157,85800,33
938,20180307,1158,85800,58
939,20180307,1159,85800,43
940,20180307,1200,85900,194
941,20180307,1201,85800,74
942,20180307,1202,85800,11
943,20180307,1203,85800,106
944,20180307,1204,85800,125
945,20180307,1205,85800,9
946,20180307,1206,85800,26
947,20180307,1207,85900,253
948,20180307,1208,85800,39
949,20180307,1209,85800,29
950,20180307,1210,85800,171
951,20180307,1211,85700,208
952,20180307,1212,85700,1179
953,20180307,1213,85500,642
954,20180307,1214,85600,143
955,20180307,1215,85500,140
956,20180307,1216,85600,45
957,20180307,1217,85600,24
958,20180307,1218,85600,48
959,20180307,1219,85600,97
960,20180307,1220,85600,157
961,20180307,1221,85500,454
962,20180307,1222,85400,103
963,20180307,1223,85500,284
964,20180307,1224,85300,393
965,20180307,1225,85300,1012
966,20180307,1226,85300,373
967,20180307,1227,85200,237
968,20180307,1228,85200,143
969,20180307,1229,85200,29
970,20180307,1230,85200,507
971,20180307,1231,85300,43
972,20180307,1232,85300,24
973,20180307,1233,85300,32
974,20180307,1234,85300,355
975,20180307,1235,85300,505
976,20180307,1236,85200,867
977,20180307,1237,85100,1014
978,20180307,1238,85000,280
979,20180307,1239,85000,18
980,20180307,1240,85000,107
981,20180307,1241,85000,3823
982,20180307,1242,84900,147
983,20180307,1243,84900,50
984,20180307,1244,84900,11
985,20180307,1245,85000,222
986,20180307,1246,84900,76
987,20180307,1247,84900,1211
988,20180307,1248,85500,392
989,20180307,1249,85500,104
990,20180307,1250,85600,66
991,20180307,1251,85600,68
992,20180307,1252,85400,768
993,20180307,1253,84900,616
994,20180307,1254,84900,187
995,20180307,1255,85000,175
996,20180307,1256,85000,48
997,20180307,1257,85000,123
998,20180307,1258,85000,109
999,20180307,1259,85000,195
1000,20180307,1300,85000,193
1001,20180307,1301,84900,179
1002,20180307,1302,85000,41
1003,20180307,1303,85000,27
1004,20180307,1304,85100,161
1005,20180307,1305,84900,49
1006,20180307,1306,85000,48
1007,20180307,1307,84900,112
1008,20180307,1308,84900,197
1009,20180307,1309,84900,35
1010,20180307,1310,84900,1587
1011,20180307,1311,84900,35
1012,20180307,1312,84800,983
1013,20180307,1313,84700,725
1014,20180307,1314,84700,645
1015,20180307,1315,84600,1314
1016,20180307,1316,84500,320
1017,20180307,1317,84600,47
1018,20180307,1318,84600,148
1019,20180307,1319,84700,85
1020,20180307,1320,84600,248
1021,20180307,1321,84600,1746
1022,20180307,1322,84600,609
1023,20180307,1323,84500,177
1024,20180307,1324,84400,455
1025,20180307,1325,84300,154
1026,20180307,1326,84300,360
1027,20180307,1327,84300,143
1028,20180307,1328,84300,1406
1029,20180307,1329,84100,735
1030,20180307,1330,84200,488
1031,20180307,1331,84400,373
1032,20180307,1332,84300,129
1033,20180307,1333,84300,28
1034,20180307,1334,84300,346
1035,20180307,1335,84400,558
1036,20180307,1336,84400,67
1037,20180307,1337,84400,165
1038,20180307,1338,84400,37
1039,20180307,1339,84400,161
1040,20180307,1340,84500,145
1041,20180307,1341,84400,31
1042,20180307,1342,84400,298
1043,20180307,1343,84400,22
1044,20180307,1344,84400,78
1045,20180307,1345,84400,101
1046,20180307,1346,84300,406
1047,20180307,1347,84400,329
1048,20180307,1348,84300,25
1049,20180307,1349,84300,117
1050,20180307,1350,84300,123
1051,20180307,1351,84300,132
1052,20180307,1352,84300,58
1053,20180307,1353,84300,1714
1054,20180307,1354,84600,126
1055,20180307,1355,84700,380
1056,20180307,1356,84700,3
1057,20180307,1357,84700,82
1058,20180307,1358,84700,336
1059,20180307,1359,84500,19
1060,20180307,1400,84500,37
1061,20180307,1401,84600,290
1062,20180307,1402,84400,397
1063,20180307,1403,84500,261
1064,20180307,1404,84400,48
1065,20180307,1405,84400,452
1066,20180307,1406,84500,61
1067,20180307,1407,84300,30
1068,20180307,1408,84300,41
1069,20180307,1409,84300,392
1070,20180307,1410,84300,45
1071,20180307,1411,84300,171
1072,20180307,1412,84300,58
1073,20180307,1413,84300,203
1074,20180307,1414,84300,411
1075,20180307,1415,84300,86
1076,20180307,1416,84300,166
1077,20180307,1417,84300,311
1078,20180307,1418,84300,492
1079,20180307,1419,84500,27
1080,20180307,1420,84400,93
1081,20180307,1421,84400,57
1082,20180307,1422,84400,239
1083,20180307,1423,84500,234
1084,20180307,1424,84500,186
1085,20180307,1425,84400,125
1086,20180307,1426,84400,139
1087,20180307,1427,84400,94
1088,20180307,1428,84400,256
1089,20180307,1429,84400,177
1090,20180307,1430,84400,154
1091,20180307,1431,84400,13
1092,20180307,1432,84300,455
1093,20180307,1433,84400,27
1094,20180307,1434,84400,35
1095,20180307,1435,84400,118
1096,20180307,1436,84400,221
1097,20180307,1437,84400,231
1098,20180307,1438,84400,87
1099,20180307,1439,84400,510
1100,20180307,1440,84400,90
1101,20180307,1441,84400,1151
1102,20180307,1442,84300,103
1103,20180307,1443,84300,520
1104,20180307,1444,84300,58
1105,20180307,1445,84300,141
1106,20180307,1446,84200,191
1107,20180307,1447,84300,552
1108,20180307,1448,84200,255
1109,20180307,1449,84300,132
1110,20180307,1450,84300,46
1111,20180307,1451,84300,243
1112,20180307,1452,84200,81
1113,20180307,1453,84200,248
1114,20180307,1454,84300,95
1115,20180307,1455,84300,164
1116,20180307,1456,84200,184
1117,20180307,1457,84200,541
1118,20180307,1458,84200,212
1119,20180307,1459,84200,29
1120,20180307,1500,84200,156
1121,20180307,1501,84200,48
1122,20180307,1502,84300,246
1123,20180307,1503,84200,1180
1124,20180307,1504,84300,328
1125,20180307,1505,84400,1388
1126,20180307,1506,84700,219
1127,20180307,1507,84300,195
1128,20180307,1508,84300,225
1129,20180307,1509,84400,269
1130,20180307,1510,84200,321
1131,20180307,1511,84300,150
1132,20180307,1512,84200,123
1133,20180307,1513,84200,116
1134,20180307,1514,84400,159
1135,20180307,1515,84500,80
1136,20180307,1516,84300,160
1137,20180307,1517,84200,217
1138,20180307,1518,84500,308
1139,20180307,1519,84300,78
1140,20180307,1520,84400,161
1141,20180307,1530,84400,5075
0,20180308,901,85000,193
1,20180308,902,85100,129
2,20180308,903,84800,108
3,20180308,904,85000,763
4,20180308,905,85100,122
5,20180308,906,85300,59
6,20180308,907,85300,486
7,20180308,908,85200,410
8,20180308,909,85100,389
9,20180308,910,84900,213
10,20180308,911,85000,236
11,20180308,912,84900,133
12,20180308,913,85000,26
13,20180308,914,85100,78
14,20180308,915,85100,85
15,20180308,916,84900,1862
16,20180308,917,84500,7
17,20180308,918,84500,268
18,20180308,919,84400,19
19,20180308,920,84600,29
20,20180308,921,84500,9
21,20180308,922,84500,100
22,20180308,923,84500,103
23,20180308,924,84500,13
24,20180308,925,84500,159
25,20180308,926,84400,100
26,20180308,927,84400,73
27,20180308,928,84400,650
28,20180308,929,84500,56
29,20180308,930,84600,162
30,20180308,931,84600,146
31,20180308,932,84700,9
32,20180308,933,84700,54
33,20180308,934,84700,171
34,20180308,935,84600,28
35,20180308,936,84700,219
36,20180308,937,84700,112
37,20180308,938,84700,22
38,20180308,939,84700,445
39,20180308,940,85000,91
40,20180308,941,84900,14
41,20180308,942,84900,5
42,20180308,943,84900,76
43,20180308,944,84900,21
44,20180308,945,84900,3
45,20180308,946,84900,216
46,20180308,947,84800,4
47,20180308,948,85000,4
48,20180308,949,85000,18
49,20180308,950,85000,3
50,20180308,951,85000,4
51,20180308,952,85000,90
52,20180308,953,84900,32
53,20180308,954,85000,5
54,20180308,955,85000,268
55,20180308,956,84800,334
56,20180308,957,84800,61
57,20180308,958,84800,113
58,20180308,959,84900,5
59,20180308,1000,84900,526
60,20180308,1001,84900,66
61,20180308,1002,84900,6
62,20180308,1003,84900,144
63,20180308,1004,85000,399
64,20180308,1005,85100,47
65,20180308,1006,84900,21
66,20180308,1007,85000,33
67,20180308,1008,85000,5
68,20180308,1009,84900,23
69,20180308,1010,84900,4
70,20180308,1011,84900,21
71,20180308,1012,84800,115
72,20180308,1013,84900,6
73,20180308,1014,85000,86
74,20180308,1015,84900,5
75,20180308,1016,84900,1
76,20180308,1017,84900,5
77,20180308,1018,84900,6
78,20180308,1019,84800,5
79,20180308,1020,84900,9
80,20180308,1021,84800,210
81,20180308,1023,84800,5
82,20180308,1024,84700,620
83,20180308,1025,84600,4
84,20180308,1026,84700,6
85,20180308,1027,84600,234
86,20180308,1028,84700,29
87,20180308,1029,84700,19
88,20180308,1030,84700,4
89,20180308,1031,84600,44
90,20180308,1032,84700,676
91,20180308,1033,84600,26
92,20180308,1034,84700,127
93,20180308,1035,84700,92
94,20180308,1036,84600,4
95,20180308,1037,84600,13
96,20180308,1038,84600,8
97,20180308,1039,84600,24
98,20180308,1040,84600,261
99,20180308,1041,84700,50
100,20180308,1042,84700,751
101,20180308,1043,84600,162
102,20180308,1044,84500,368
103,20180308,1045,84500,30
104,20180308,1046,84900,53
105,20180308,1047,84900,791
106,20180308,1048,85200,39
107,20180308,1049,85100,148
108,20180308,1050,84900,27
109,20180308,1051,84900,9
110,20180308,1052,84900,1262
111,20180308,1053,84600,57
112,20180308,1054,84800,153
113,20180308,1055,84800,279
114,20180308,1056,84900,5
115,20180308,1057,84800,199
116,20180308,1058,85000,1051
117,20180308,1059,85000,60
118,20180308,1100,84900,52
119,20180308,1101,84800,29
120,20180308,1102,84900,19
121,20180308,1103,84900,159
122,20180308,1104,84800,18
123,20180308,1105,84800,50
124,20180308,1106,84900,20
125,20180308,1107,84800,257
126,20180308,1108,84700,51
127,20180308,1109,84700,59
128,20180308,1110,84800,36
129,20180308,1111,84700,61
130,20180308,1112,84800,1583
131,20180308,1113,85100,440
132,20180308,1114,85400,247
133,20180308,1115,85100,204
134,20180308,1116,85000,170
135,20180308,1117,85000,116
136,20180308,1118,85200,15
137,20180308,1119,85300,72
138,20180308,1120,85200,167
139,20180308,1121,85200,156
140,20180308,1122,85000,77
141,20180308,1123,85100,54
142,20180308,1124,85100,199
143,20180308,1125,85300,95
144,20180308,1126,85200,32
145,20180308,1127,85200,113
146,20180308,1128,85200,45
147,20180308,1129,85300,16
148,20180308,1130,85200,23
149,20180308,1131,85200,168
150,20180308,1132,85300,42
151,20180308,1133,85300,5
152,20180308,1134,85300,51
153,20180308,1135,85200,90
154,20180308,1136,85300,18
155,20180308,1137,85200,56
156,20180308,1138,85200,60
157,20180308,1139,85300,30
158,20180308,1140,85200,122
159,20180308,1141,85200,730
160,20180308,1142,85200,20
161,20180308,1143,85200,112
162,20180308,1144,85200,121
163,20180308,1145,85200,35
164,20180308,1146,85100,141
165,20180308,1147,85200,99
166,20180308,1148,85100,97
167,20180308,1149,85100,33
168,20180308,1150,85200,526
169,20180308,1151,85200,49
170,20180308,1152,85200,22
171,20180308,1153,85200,76
172,20180308,1154,85200,704
173,20180308,1155,85300,9
174,20180308,1156,85300,44
175,20180308,1157,85400,642
176,20180308,1158,85300,28
177,20180308,1159,85300,21
178,20180308,1200,85400,130
179,20180308,1201,85300,19
180,20180308,1202,85400,54
181,20180308,1203,85300,20
182,20180308,1204,85400,33
183,20180308,1205,85300,128
184,20180308,1206,85300,74
185,20180308,1207,85300,111
186,20180308,1208,85400,17
187,20180308,1209,85300,96
188,20180308,1210,85300,519
189,20180308,1211,85100,236
190,20180308,1212,85100,63
191,20180308,1213,85300,32
192,20180308,1214,85400,16
193,20180308,1215,85400,10
194,20180308,1216,85300,264
195,20180308,1217,85400,39
196,20180308,1218,85400,51
197,20180308,1219,85500,214
198,20180308,1220,85500,1430
199,20180308,1221,85800,89
200,20180308,1222,85700,95
201,20180308,1223,85700,6
202,20180308,1224,85700,442
203,20180308,1225,85700,20
204,20180308,1226,85600,21
205,20180308,1227,85600,26
206,20180308,1228,85600,70
207,20180308,1229,85600,8
208,20180308,1230,85600,18
209,20180308,1231,85600,18
210,20180308,1232,85600,176
211,20180308,1233,85700,14
212,20180308,1234,85600,13
213,20180308,1235,85600,98
214,20180308,1236,85700,41
215,20180308,1237,85700,24
216,20180308,1238,85600,695
217,20180308,1239,85400,31
218,20180308,1240,85400,51
219,20180308,1241,85400,90
220,20180308,1242,85500,9
221,20180308,1243,85400,567
222,20180308,1244,85400,45
223,20180308,1245,85400,51
224,20180308,1246,85500,7
225,20180308,1247,85400,34
226,20180308,1248,85400,10
227,20180308,1249,85400,693
228,20180308,1250,85400,217
229,20180308,1251,85500,319
230,20180308,1252,85500,59
231,20180308,1253,85500,34
232,20180308,1254,85400,36
233,20180308,1255,85400,39
234,20180308,1256,85400,64
235,20180308,1257,85500,38
236,20180308,1258,85500,54
237,20180308,1259,85600,157
238,20180308,1300,85500,45
239,20180308,1301,85500,77
240,20180308,1302,85600,193
241,20180308,1303,85500,27
242,20180308,1304,85600,33
243,20180308,1305,85500,23
244,20180308,1306,85600,64
245,20180308,1307,85500,418
246,20180308,1308,85300,15
247,20180308,1309,85300,107
248,20180308,1310,85300,64
249,20180308,1311,85300,40
250,20180308,1312,85300,38
251,20180308,1313,85300,313
252,20180308,1314,85400,22
253,20180308,1315,85500,36
254,20180308,1316,85400,30
255,20180308,1317,85400,44
256,20180308,1318,85400,9
257,20180308,1319,85500,61
258,20180308,1320,85500,385
259,20180308,1321,85500,89
260,20180308,1322,85600,161
261,20180308,1323,85500,144
262,20180308,1324,85500,111
263,20180308,1325,85600,178
264,20180308,1326,85500,30
265,20180308,1327,85500,148
266,20180308,1328,85400,110
267,20180308,1329,85500,36
268,20180308,1330,85500,215
269,20180308,1331,85400,44
270,20180308,1332,85400,86
271,20180308,1333,85500,16
272,20180308,1334,85500,70
273,20180308,1335,85400,23
274,20180308,1336,85400,46
275,20180308,1337,85400,164
276,20180308,1338,85500,33
277,20180308,1339,85500,469
278,20180308,1340,85600,405
279,20180308,1341,85500,57
280,20180308,1342,85600,17
281,20180308,1343,85500,51
282,20180308,1344,85500,21
283,20180308,1345,85600,324
284,20180308,1346,85500,85
285,20180308,1347,85400,400
286,20180308,1348,85600,154
287,20180308,1349,85500,203
288,20180308,1350,85300,151
289,20180308,1351,85100,106
290,20180308,1352,85300,36
291,20180308,1353,85200,266
292,20180308,1354,85100,76
293,20180308,1355,85300,106
294,20180308,1356,85100,23
295,20180308,1357,85100,42
296,20180308,1358,85100,42
297,20180308,1359,85100,321
298,20180308,1400,85400,285
299,20180308,1401,85400,48
300,20180308,1402,85300,56
301,20180308,1403,85300,108
302,20180308,1404,85400,63
303,20180308,1405,85300,207
304,20180308,1406,85100,83
305,20180308,1407,85200,185
306,20180308,1408,85400,111
307,20180308,1409,85400,46
308,20180308,1410,85200,80
309,20180308,1411,85200,107
310,20180308,1412,85200,190
311,20180308,1413,85200,165
312,20180308,1414,85100,116
313,20180308,1415,85200,89
314,20180308,1416,85200,356
315,20180308,1417,85200,113
316,20180308,1418,85200,276
317,20180308,1419,85200,75
318,20180308,1420,85100,95
319,20180308,1421,85100,77
320,20180308,1422,85200,137
321,20180308,1423,85100,50
322,20180308,1424,85200,139
323,20180308,1425,85100,303
324,20180308,1426,85300,76
325,20180308,1427,85200,81
326,20180308,1428,85300,276
327,20180308,1429,85200,47
328,20180308,1430,85200,85
329,20180308,1431,85200,213
330,20180308,1432,85200,256
331,20180308,1433,85100,129
332,20180308,1434,85000,119
333,20180308,1435,85000,132
334,20180308,1436,85200,109
335,20180308,1437,85300,95
336,20180308,1438,85200,106
337,20180308,1439,85200,114
338,20180308,1440,85300,89
339,20180308,1441,85200,101
340,20180308,1442,85200,609
341,20180308,1443,85400,112
342,20180308,1444,85400,151
343,20180308,1445,85500,75
344,20180308,1446,85400,78
345,20180308,1447,85400,119
346,20180308,1448,85500,407
347,20180308,1449,85500,103
348,20180308,1450,85500,109
349,20180308,1451,85600,453
350,20180308,1452,85400,112
351,20180308,1453,85400,747
352,20180308,1454,85400,73
353,20180308,1455,85400,102
354,20180308,1456,85400,277
355,20180308,1457,85500,511
356,20180308,1458,85600,404
357,20180308,1459,85700,80
358,20180308,1500,85800,632
359,20180308,1501,85600,174
360,20180308,1502,85600,278
361,20180308,1503,85600,209
362,20180308,1504,85700,145
363,20180308,1505,85400,147
364,20180308,1506,85400,288
365,20180308,1507,85300,226
366,20180308,1508,85400,133
367,20180308,1509,85400,92
368,20180308,1510,85500,218
369,20180308,1511,85500,176
370,20180308,1512,85600,154
371,20180308,1513,85500,81
372,20180308,1514,85700,491
373,20180308,1515,85400,99
374,20180308,1516,85400,210
375,20180308,1517,85500,90
376,20180308,1518,85500,153
377,20180308,1519,85600,184
378,20180308,1520,85600,45
379,20180308,1530,85800,34134
380,20180309,901,86000,494
381,20180309,902,86300,18
382,20180309,903,86200,572
383,20180309,904,85900,451
384,20180309,905,85800,1665
385,20180309,906,85700,838
386,20180309,907,85700,105
387,20180309,908,86000,326
388,20180309,909,86100,1935
389,20180309,910,87000,798
390,20180309,911,87000,268
391,20180309,912,87000,357
392,20180309,913,87000,583
393,20180309,914,87000,521
394,20180309,915,87000,144
395,20180309,916,86700,78
396,20180309,917,86900,193
397,20180309,918,86500,304
398,20180309,919,86900,202
399,20180309,920,86900,271
400,20180309,921,87000,110
401,20180309,922,87000,147
402,20180309,923,87000,301
403,20180309,924,87000,1638
404,20180309,925,87100,386
405,20180309,926,87100,1781
406,20180309,927,87400,433
407,20180309,928,87300,252
408,20180309,929,87300,518
409,20180309,930,87400,1217
410,20180309,931,87700,9292
411,20180309,932,88400,1068
412,20180309,933,88700,1040
413,20180309,934,88500,865
414,20180309,935,88800,1331
415,20180309,936,88700,1180
416,20180309,937,88700,879
417,20180309,938,88600,973
418,20180309,939,88800,611
419,20180309,940,88900,1614
420,20180309,941,88900,510
421,20180309,942,88900,535
422,20180309,943,88900,510
423,20180309,944,88700,366
424,20180309,945,88600,588
425,20180309,946,88800,305
426,20180309,947,88700,316
427,20180309,948,88700,127
428,20180309,949,88700,473
429,20180309,950,88300,131
430,20180309,951,88400,67
431,20180309,952,88300,449
432,20180309,953,88400,90
433,20180309,954,88500,314
434,20180309,955,88600,366
435,20180309,956,88600,398
436,20180309,957,88700,575
437,20180309,958,88400,1789
438,20180309,959,88500,588
439,20180309,1000,88700,254
440,20180309,1001,88700,275
441,20180309,1002,88600,86
442,20180309,1003,88600,178
443,20180309,1004,88600,457
444,20180309,1005,88700,19
445,20180309,1006,88600,771
446,20180309,1007,88500,360
447,20180309,1008,88500,12
448,20180309,1009,88300,280
449,20180309,1010,88400,21
450,20180309,1011,88400,66
451,20180309,1012,88400,185
452,20180309,1013,88300,128
453,20180309,1014,88300,161
454,20180309,1015,88400,65
455,20180309,1016,88400,14
456,20180309,1017,88400,152
457,20180309,1018,88400,101
458,20180309,1019,88400,354
459,20180309,1020,88300,196
460,20180309,1021,88300,20
461,20180309,1022,88300,797
462,20180309,1023,88600,264
463,20180309,1024,88600,314
464,20180309,1025,88500,26
465,20180309,1026,88600,204
466,20180309,1027,88500,31
467,20180309,1028,88500,287
468,20180309,1029,88600,50
469,20180309,1030,88500,187
470,20180309,1031,88500,1135
471,20180309,1032,88700,2198
472,20180309,1033,88800,185
473,20180309,1034,88800,886
474,20180309,1035,88900,1431
475,20180309,1036,88900,613
476,20180309,1037,89000,149
477,20180309,1038,89000,65
478,20180309,1039,88900,767
479,20180309,1040,88800,136
480,20180309,1041,88700,225
481,20180309,1042,88700,32
482,20180309,1043,88600,61
483,20180309,1044,88600,36
484,20180309,1045,88600,164
485,20180309,1046,88500,755
486,20180309,1047,88600,93
487,20180309,1048,88600,122
488,20180309,1049,88600,155
489,20180309,1050,88500,339
490,20180309,1051,88700,105
491,20180309,1052,88700,297
492,20180309,1053,88700,44
493,20180309,1054,88600,35
494,20180309,1055,88700,173
495,20180309,1056,88800,13
496,20180309,1057,88700,25
497,20180309,1058,88700,13
498,20180309,1059,88800,371
499,20180309,1100,88800,45
500,20180309,1101,88800,44
501,20180309,1102,88800,360
502,20180309,1103,88800,168
503,20180309,1104,88700,280
504,20180309,1105,88800,248
505,20180309,1106,88800,20
506,20180309,1107,88700,12
507,20180309,1108,88800,30
508,20180309,1109,88800,39
509,20180309,1110,88800,381
510,20180309,1111,88800,52
511,20180309,1112,88900,81
512,20180309,1113,88900,50
513,20180309,1114,88800,74
514,20180309,1115,88900,42
515,20180309,1116,88900,464
516,20180309,1117,88800,57
517,20180309,1118,88800,121
518,20180309,1119,88800,173
519,20180309,1120,88800,20
520,20180309,1121,88700,287
521,20180309,1122,88700,237
522,20180309,1123,88700,4
523,20180309,1124,88700,126
524,20180309,1125,88700,37
525,20180309,1126,88700,18
526,20180309,1127,88600,182
527,20180309,1128,88700,156
528,20180309,1129,88700,401
529,20180309,1130,88700,16
530,20180309,1131,88600,661
531,20180309,1132,88600,27
532,20180309,1133,88600,141
533,20180309,1134,88700,105
534,20180309,1135,88700,44
535,20180309,1136,88700,50
536,20180309,1137,88800,6
537,20180309,1138,88700,19
538,20180309,1139,88700,133
539,20180309,1140,88800,373
540,20180309,1141,88800,112
541,20180309,1142,88800,871
542,20180309,1143,88800,160
543,20180309,1144,88800,119
544,20180309,1145,88900,146
545,20180309,1146,88900,45
546,20180309,1147,88800,8
547,20180309,1148,88800,33
548,20180309,1149,88800,85
549,20180309,1150,88800,26
550,20180309,1151,88900,35
551,20180309,1152,88900,213
552,20180309,1153,88800,62
553,20180309,1154,88900,779
554,20180309,1155,88900,131
555,20180309,1156,88800,720
556,20180309,1157,88700,101
557,20180309,1158,88700,37
558,20180309,1159,88700,9
559,20180309,1200,88700,258
560,20180309,1201,88800,129
561,20180309,1202,88800,45
562,20180309,1203,88800,11
563,20180309,1204,88700,9
564,20180309,1205,88800,711
565,20180309,1206,88800,186
566,20180309,1207,88700,8
567,20180309,1208,88800,14
568,20180309,1209,88800,66
569,20180309,1210,88800,170
570,20180309,1211,88800,4
571,20180309,1212,88700,92
572,20180309,1213,88800,9
573,20180309,1214,88800,60
574,20180309,1215,88800,41
575,20180309,1216,88800,39
576,20180309,1217,88700,572
577,20180309,1218,88700,114
578,20180309,1219,88700,13
579,20180309,1220,88700,43
580,20180309,1221,88800,109
581,20180309,1222,88800,81
582,20180309,1223,88700,7
583,20180309,1224,88700,71
584,20180309,1225,88800,7
585,20180309,1226,88700,1076
586,20180309,1227,88800,3
587,20180309,1228,88800,344
588,20180309,1229,88900,13
589,20180309,1230,88800,121
590,20180309,1231,88800,119
591,20180309,1232,88900,5
592,20180309,1233,88800,18
593,20180309,1234,88800,88
594,20180309,1235,88800,13
595,20180309,1236,88900,98
596,20180309,1237,88800,30
597,20180309,1238,88800,20
598,20180309,1239,88900,132
599,20180309,1240,88900,55
600,20180309,1241,88800,119
601,20180309,1242,88900,1
602,20180309,1243,88800,777
603,20180309,1244,88800,52
604,20180309,1245,88800,10
605,20180309,1246,88800,11
606,20180309,1247,88800,113
607,20180309,1248,88800,274
608,20180309,1249,88700,13
609,20180309,1250,88700,206
610,20180309,1251,88700,523
611,20180309,1252,88700,12
612,20180309,1253,88700,89
613,20180309,1254,88700,1
614,20180309,1255,88700,132
615,20180309,1256,88700,59
616,20180309,1257,88700,144
617,20180309,1258,88700,116
618,20180309,1259,88700,144
619,20180309,1300,88800,60
620,20180309,1301,88800,266
621,20180309,1302,88700,11
622,20180309,1303,88600,8
623,20180309,1304,88600,88
624,20180309,1305,88600,82
625,20180309,1306,88700,17
626,20180309,1307,88600,421
627,20180309,1308,88500,522
628,20180309,1309,88600,178
629,20180309,1310,88500,787
630,20180309,1311,88400,142
631,20180309,1312,88500,5
632,20180309,1313,88500,227
633,20180309,1314,88500,6
634,20180309,1315,88500,2
635,20180309,1316,88500,82
636,20180309,1317,88600,112
637,20180309,1318,88600,533
638,20180309,1319,88500,289
639,20180309,1320,88500,58
640,20180309,1321,88500,106
641,20180309,1322,88400,1104
642,20180309,1323,88300,15
643,20180309,1324,88400,100
644,20180309,1325,88200,45
645,20180309,1326,88200,370
646,20180309,1327,88100,131
647,20180309,1328,88100,904
648,20180309,1329,88000,516
649,20180309,1330,87800,74
650,20180309,1331,87900,115
651,20180309,1332,87900,343
652,20180309,1333,87800,18
653,20180309,1334,87800,166
654,20180309,1335,87800,202
655,20180309,1336,87700,10
656,20180309,1337,87700,90
657,20180309,1338,87900,123
658,20180309,1339,88000,132
659,20180309,1340,88200,108
660,20180309,1341,88200,84
661,20180309,1342,88000,39
662,20180309,1343,88000,100
663,20180309,1344,88100,65
664,20180309,1345,88000,10
665,20180309,1346,88000,32
666,20180309,1347,88100,49
667,20180309,1348,88000,168
668,20180309,1349,88000,133
669,20180309,1350,88000,44
670,20180309,1351,88100,381
671,20180309,1352,88200,22
672,20180309,1353,88300,198
673,20180309,1354,88300,74
674,20180309,1355,88300,348
675,20180309,1356,88400,13
676,20180309,1357,88400,498
677,20180309,1358,88200,20
678,20180309,1359,88200,4
679,20180309,1400,88300,352
680,20180309,1401,88300,495
681,20180309,1402,88500,293
682,20180309,1403,88600,81
683,20180309,1404,88600,99
684,20180309,1405,88600,152
685,20180309,1406,88600,12
686,20180309,1407,88600,588
687,20180309,1408,88600,128
688,20180309,1409,88600,58
689,20180309,1410,88600,134
690,20180309,1411,88600,91
691,20180309,1412,88600,10
692,20180309,1413,88700,103
693,20180309,1414,88600,47
694,20180309,1415,88600,103
695,20180309,1416,88600,66
696,20180309,1417,88600,237
697,20180309,1418,88500,182
698,20180309,1419,88600,56
699,20180309,1420,88400,77
700,20180309,1421,88400,20
701,20180309,1422,88400,71
702,20180309,1423,88300,164
703,20180309,1424,88400,226
704,20180309,1425,88500,26
705,20180309,1426,88600,208
706,20180309,1427,88300,67
707,20180309,1428,88300,232
708,20180309,1429,88500,50
709,20180309,1430,88600,83
710,20180309,1431,88500,515
711,20180309,1432,88600,242
712,20180309,1433,88600,19
713,20180309,1434,88600,182
714,20180309,1435,88600,175
715,20180309,1436,88600,92
716,20180309,1437,88600,187
717,20180309,1438,88600,183
718,20180309,1439,88700,364
719,20180309,1440,88500,134
720,20180309,1441,88600,43
721,20180309,1442,88500,327
722,20180309,1443,88600,369
723,20180309,1444,88600,87
724,20180309,1445,88500,22
725,20180309,1446,88500,218
726,20180309,1447,88500,93
727,20180309,1448,88500,438
728,20180309,1449,88700,866
729,20180309,1450,88200,32
730,20180309,1451,88300,314
731,20180309,1452,88100,204
732,20180309,1453,88300,382
733,20180309,1454,88100,46
734,20180309,1455,88200,148
735,20180309,1456,88400,146
736,20180309,1457,88300,271
737,20180309,1458,88500,110
738,20180309,1459,88300,95
739,20180309,1500,88200,3348
740,20180309,1501,88000,75
741,20180309,1502,87800,130
742,20180309,1503,87900,268
743,20180309,1504,87900,590
744,20180309,1505,88000,150
745,20180309,1506,88100,76
746,20180309,1507,88000,96
747,20180309,1508,88000,293
748,20180309,1509,88300,68
749,20180309,1510,88200,50
750,20180309,1511,88200,35
751,20180309,1512,88100,47
752,20180309,1513,88200,293
753,20180309,1514,88100,30
754,20180309,1515,88200,49
755,20180309,1516,88100,159
756,20180309,1517,88100,73
757,20180309,1518,88100,32
758,20180309,1519,88100,120
759,20180309,1520,88100,113
760,20180309,1530,88300,4136
0,20180312,901,89300,876
1,20180312,902,89100,387
2,20180312,903,89000,765
3,20180312,904,88500,1852
4,20180312,905,88100,595
5,20180312,906,88400,184
6,20180312,907,88900,753
7,20180312,908,88600,754
8,20180312,909,88500,160
9,20180312,910,88600,787
10,20180312,911,88200,318
11,20180312,912,88700,257
12,20180312,913,88400,133
13,20180312,914,88500,63
14,20180312,915,88500,468
15,20180312,916,88300,398
16,20180312,917,88300,312
17,20180312,918,88700,3931
18,20180312,919,89000,837
19,20180312,920,88400,451
20,20180312,921,88600,90
21,20180312,922,88900,698
22,20180312,923,89200,112
23,20180312,924,89100,235
24,20180312,925,89200,1130
25,20180312,926,89500,330
26,20180312,927,89200,1114
27,20180312,928,88900,227
28,20180312,929,88900,602
29,20180312,930,89300,56
30,20180312,931,89300,536
31,20180312,932,89500,1113
32,20180312,933,89800,1436
33,20180312,934,90000,217
34,20180312,935,90000,984
35,20180312,936,90100,162
36,20180312,937,90000,340
37,20180312,938,90000,813
38,20180312,939,89700,352
39,20180312,940,89800,64
40,20180312,941,89700,88
41,20180312,942,89800,48
42,20180312,943,89700,107
43,20180312,944,89800,395
44,20180312,945,89900,69
45,20180312,946,89800,518
46,20180312,947,89900,76
47,20180312,948,89900,951
48,20180312,949,90100,694
49,20180312,950,90100,851
50,20180312,951,90000,455
51,20180312,952,90000,354
52,20180312,953,89900,538
53,20180312,954,89800,170
54,20180312,955,90000,342
55,20180312,956,89900,163
56,20180312,957,89900,105
57,20180312,958,90000,693
58,20180312,959,89900,44
59,20180312,1000,89800,108
60,20180312,1001,89900,156
61,20180312,1002,90000,247
62,20180312,1003,90100,225
63,20180312,1004,90100,328
64,20180312,1005,90200,65
65,20180312,1006,90100,195
66,20180312,1007,90100,468
67,20180312,1008,90100,145
68,20180312,1009,90100,135
69,20180312,1010,90200,806
70,20180312,1011,89800,337
71,20180312,1012,89800,169
72,20180312,1013,90000,203
73,20180312,1014,89800,201
74,20180312,1015,90000,1186
75,20180312,1016,90200,334
76,20180312,1017,90100,253
77,20180312,1018,90100,178
78,20180312,1019,90200,241
79,20180312,1020,90200,189
80,20180312,1021,90200,61
81,20180312,1022,90100,58
82,20180312,1023,90200,2681
83,20180312,1024,90400,821
84,20180312,1025,90400,1031
85,20180312,1026,90500,17
86,20180312,1027,90500,60
87,20180312,1028,90500,283
88,20180312,1029,90500,110
89,20180312,1030,90500,544
90,20180312,1031,90500,134
91,20180312,1032,90500,218
92,20180312,1033,90600,45
93,20180312,1034,90500,226
94,20180312,1035,90600,182
95,20180312,1036,90600,271
96,20180312,1037,90600,34
97,20180312,1038,90600,98
98,20180312,1039,90600,213
99,20180312,1040,90600,211
100,20180312,1041,90600,173
101,20180312,1042,90600,1380
102,20180312,1043,90700,1189
103,20180312,1044,90900,330
104,20180312,1045,90900,407
105,20180312,1046,90800,2181
106,20180312,1047,90900,330
107,20180312,1048,90900,778
108,20180312,1049,90900,3331
109,20180312,1050,91100,1418
110,20180312,1051,91200,529
111,20180312,1052,91300,535
112,20180312,1053,91400,645
113,20180312,1054,91600,269
114,20180312,1055,91600,1789
115,20180312,1056,91700,707
116,20180312,1057,91800,192
117,20180312,1058,91700,477
118,20180312,1059,91600,1177
119,20180312,1100,91800,208
120,20180312,1101,91800,141
121,20180312,1102,91800,546
122,20180312,1103,91800,841
123,20180312,1104,91900,826
124,20180312,1105,91900,1908
125,20180312,1106,92200,186
126,20180312,1107,92200,1166
127,20180312,1108,92000,667
128,20180312,1109,92000,546
129,20180312,1110,91800,281
130,20180312,1111,92000,392
131,20180312,1112,91900,220
132,20180312,1113,92100,279
133,20180312,1114,92100,317
134,20180312,1115,92000,402
135,20180312,1116,92000,274
136,20180312,1117,91900,784
137,20180312,1118,92000,246
138,20180312,1119,92000,465
139,20180312,1120,91900,205
140,20180312,1121,91900,606
141,20180312,1122,92000,396
142,20180312,1123,92000,364
143,20180312,1124,92100,454
144,20180312,1125,92200,384
145,20180312,1126,92200,460
146,20180312,1127,92200,2938
147,20180312,1128,92400,367
148,20180312,1129,92200,712
149,20180312,1130,92400,647
150,20180312,1131,92500,182
151,20180312,1132,92500,102
152,20180312,1133,92500,829
153,20180312,1134,92600,859
154,20180312,1135,92600,2449
155,20180312,1136,92600,204
156,20180312,1137,92700,878
157,20180312,1138,92600,544
158,20180312,1139,92600,1040
159,20180312,1140,92800,533
160,20180312,1141,92500,872
161,20180312,1142,92600,313
162,20180312,1143,92600,398
163,20180312,1144,92700,189
164,20180312,1145,92700,245
165,20180312,1146,92800,475
166,20180312,1147,92800,322
167,20180312,1148,92900,899
168,20180312,1149,92900,363
169,20180312,1150,92900,296
170,20180312,1151,93000,373
171,20180312,1152,92900,531
172,20180312,1153,92900,238
173,20180312,1154,93000,315
174,20180312,1155,92900,690
175,20180312,1156,93000,678
176,20180312,1157,93000,646
177,20180312,1158,93100,1346
178,20180312,1159,93100,310
179,20180312,1200,93100,863
180,20180312,1201,93100,676
181,20180312,1202,93200,126
182,20180312,1203,93200,407
183,20180312,1204,93200,177
184,20180312,1205,93200,754
185,20180312,1206,93200,410
186,20180312,1207,93300,1508
187,20180312,1208,93300,863
188,20180312,1209,93500,408
189,20180312,1210,93500,387
190,20180312,1211,93500,501
191,20180312,1212,93500,1857
192,20180312,1213,93400,391
193,20180312,1214,93400,244
194,20180312,1215,93400,654
195,20180312,1216,93600,548
196,20180312,1217,93400,798
197,20180312,1218,93600,405
198,20180312,1219,93600,357
199,20180312,1220,93600,824
200,20180312,1221,93600,388
201,20180312,1222,93600,367
202,20180312,1223,93600,565
203,20180312,1224,93700,539
204,20180312,1225,93800,480
205,20180312,1226,93700,408
206,20180312,1227,93800,1744
207,20180312,1228,93900,150
208,20180312,1229,94000,4569
209,20180312,1230,94100,2152
210,20180312,1231,94200,499
211,20180312,1232,94400,2274
212,20180312,1233,94600,1142
213,20180312,1234,94900,490
214,20180312,1235,94900,602
215,20180312,1236,94900,1830
216,20180312,1237,94600,1087
217,20180312,1238,94600,813
218,20180312,1239,94500,880
219,20180312,1240,94300,959
220,20180312,1241,94300,315
221,20180312,1242,94400,894
222,20180312,1243,94300,731
223,20180312,1244,94200,563
224,20180312,1245,94300,188
225,20180312,1246,94300,566
226,20180312,1247,94300,460
227,20180312,1248,94400,506
228,20180312,1249,94300,289
229,20180312,1250,94400,429
230,20180312,1251,94500,501
231,20180312,1252,94400,352
232,20180312,1253,94400,448
233,20180312,1254,94500,263
234,20180312,1255,94600,193
235,20180312,1256,94600,918
236,20180312,1257,94400,345
237,20180312,1258,94600,377
238,20180312,1259,94700,92
239,20180312,1300,94700,909
240,20180312,1301,94700,564
241,20180312,1302,94500,1341
242,20180312,1303,94500,1201
243,20180312,1304,94500,171
244,20180312,1305,94400,530
245,20180312,1306,94500,435
246,20180312,1307,94400,785
247,20180312,1308,94500,452
248,20180312,1309,94500,176
249,20180312,1310,94500,512
250,20180312,1311,94500,747
251,20180312,1312,94600,547
252,20180312,1313,94500,1113
253,20180312,1314,94600,217
254,20180312,1315,94600,1077
255,20180312,1316,94500,308
256,20180312,1317,94500,475
257,20180312,1318,94600,793
258,20180312,1319,94400,360
259,20180312,1320,94400,411
260,20180312,1321,94500,632
261,20180312,1322,94400,312
262,20180312,1323,94500,785
263,20180312,1324,94300,357
264,20180312,1325,94400,1311
265,20180312,1326,94500,1003
266,20180312,1327,94300,435
267,20180312,1328,94300,535
268,20180312,1329,94300,370
269,20180312,1330,94400,358
270,20180312,1331,94500,272
271,20180312,1332,94300,392
272,20180312,1333,94500,1013
273,20180312,1334,94500,1203
274,20180312,1335,94300,79
275,20180312,1336,94300,385
276,20180312,1337,94300,495
277,20180312,1338,94300,245
278,20180312,1339,94300,498
279,20180312,1340,94300,482
280,20180312,1341,94300,567
281,20180312,1342,94300,630
282,20180312,1343,94300,807
283,20180312,1344,94200,771
284,20180312,1345,93800,596
285,20180312,1346,94000,400
286,20180312,1347,93900,347
287,20180312,1348,94000,617
288,20180312,1349,94100,372
289,20180312,1350,93900,811
290,20180312,1351,93800,469
291,20180312,1352,93700,335
292,20180312,1353,93700,468
293,20180312,1354,93700,459
294,20180312,1355,93800,442
295,20180312,1356,93900,175
296,20180312,1357,93900,607
297,20180312,1358,93700,299
298,20180312,1359,93900,376
299,20180312,1400,93900,402
300,20180312,1401,93900,330
301,20180312,1402,93900,442
302,20180312,1403,94000,741
303,20180312,1404,94000,255
304,20180312,1405,94000,369
305,20180312,1406,93900,317
306,20180312,1407,94000,606
307,20180312,1408,94100,394
308,20180312,1409,94200,695
309,20180312,1410,94000,396
310,20180312,1411,93900,584
311,20180312,1412,93800,290
312,20180312,1413,94000,648
313,20180312,1414,93800,128
314,20180312,1415,93800,319
315,20180312,1416,93900,511
316,20180312,1417,93900,437
317,20180312,1418,93900,185
318,20180312,1419,93900,424
319,20180312,1420,93800,956
320,20180312,1421,93800,462
321,20180312,1422,93900,314
322,20180312,1423,93700,392
323,20180312,1424,93700,416
324,20180312,1425,93800,203
325,20180312,1426,93800,253
326,20180312,1427,93900,354
327,20180312,1428,93900,217
328,20180312,1429,93800,734
329,20180312,1430,94000,341
330,20180312,1431,94000,692
331,20180312,1432,93900,1687
332,20180312,1433,93500,382
333,20180312,1434,93500,717
334,20180312,1435,93500,453
335,20180312,1436,93300,476
336,20180312,1437,93400,497
337,20180312,1438,93300,324
338,20180312,1439,93500,99
339,20180312,1440,93400,773
340,20180312,1441,93600,286
341,20180312,1442,93800,350
342,20180312,1443,93800,641
343,20180312,1444,94000,1150
344,20180312,1445,93600,330
345,20180312,1446,93800,348
346,20180312,1447,93800,507
347,20180312,1448,93700,195
348,20180312,1449,93700,651
349,20180312,1450,93800,297
350,20180312,1451,93900,441
351,20180312,1452,93800,337
352,20180312,1453,94000,302
353,20180312,1454,94000,345
354,20180312,1455,94000,877
355,20180312,1456,94100,894
356,20180312,1457,93900,921
357,20180312,1458,93700,448
358,20180312,1459,93700,382
359,20180312,1500,94000,492
360,20180312,1501,93800,358
361,20180312,1502,93900,403
362,20180312,1503,94000,66
363,20180312,1504,94000,318
364,20180312,1505,94100,303
365,20180312,1506,94100,659
366,20180312,1507,93900,92
367,20180312,1508,93800,373
368,20180312,1509,93700,290
369,20180312,1510,93700,74
370,20180312,1511,93700,250
371,20180312,1512,93700,112
372,20180312,1513,93700,583
373,20180312,1514,93700,334
374,20180312,1515,93700,88
375,20180312,1516,93700,303
376,20180312,1517,93700,395
377,20180312,1518,93600,100
378,20180312,1519,93800,73
379,20180312,1520,93800,593
380,20180312,1530,93900,6429
381,20180313,901,92500,2549
382,20180313,902,92100,346
383,20180313,903,92500,531
384,20180313,904,92700,594
385,20180313,905,93300,571
386,20180313,906,93100,201
387,20180313,907,93100,551
388,20180313,908,93100,406
389,20180313,909,93200,505
390,20180313,910,93300,2134
391,20180313,911,93900,1582
392,20180313,912,94500,1037
393,20180313,913,94900,403
394,20180313,914,93800,480
395,20180313,915,94500,358
396,20180313,916,94300,1356
397,20180313,917,94200,72
398,20180313,918,94400,230
399,20180313,919,94400,1091
400,20180313,920,94200,791
401,20180313,921,94000,571
402,20180313,922,94000,526
403,20180313,923,94100,129
404,20180313,924,94100,649
405,20180313,925,94400,218
406,20180313,926,94400,383
407,20180313,927,94200,223
408,20180313,928,94400,434
409,20180313,929,94400,869
410,20180313,930,94100,249
411,20180313,931,94000,349
412,20180313,932,94100,261
413,20180313,933,94100,112
414,20180313,934,94300,173
415,20180313,935,94200,864
416,20180313,936,93900,127
417,20180313,937,93900,309
418,20180313,938,93700,384
419,20180313,939,93700,62
420,20180313,940,93700,688
421,20180313,941,93800,199
422,20180313,942,94100,106
423,20180313,943,94000,125
424,20180313,944,94000,91
425,20180313,945,94200,49
426,20180313,946,94300,72
427,20180313,947,94300,203
428,20180313,948,94400,643
429,20180313,949,94500,569
430,20180313,950,94600,195
431,20180313,951,94600,332
432,20180313,952,94500,92
433,20180313,953,94500,277
434,20180313,954,94500,99
435,20180313,955,94400,558
436,20180313,956,94300,719
437,20180313,957,94300,522
438,20180313,958,94000,271
439,20180313,959,94300,64
440,20180313,1000,94300,27
441,20180313,1001,94300,212
442,20180313,1002,94200,118
443,20180313,1003,94300,97
444,20180313,1004,94300,162
445,20180313,1005,94300,210
446,20180313,1006,94300,74
447,20180313,1007,94200,1142
448,20180313,1008,94700,4550
449,20180313,1009,95100,392
450,20180313,1010,95200,1576
451,20180313,1011,95400,155
452,20180313,1012,95300,168
453,20180313,1013,95500,1117
454,20180313,1014,95800,1069
455,20180313,1015,95800,4302
456,20180313,1016,96200,590
457,20180313,1017,96200,185
458,20180313,1018,96200,117
459,20180313,1019,96100,1198
460,20180313,1020,96100,638
461,20180313,1021,95900,228
462,20180313,1022,95800,615
463,20180313,1023,95700,283
464,20180313,1024,95700,169
465,20180313,1025,95600,627
466,20180313,1026,95500,571
467,20180313,1027,95200,810
468,20180313,1028,95300,752
469,20180313,1029,95200,376
470,20180313,1030,95200,320
471,20180313,1031,95300,622
472,20180313,1032,95200,1206
473,20180313,1033,95300,32
474,20180313,1034,95200,1542
475,20180313,1035,94900,39
476,20180313,1036,94900,874
477,20180313,1037,94800,212
478,20180313,1038,94900,195
479,20180313,1039,94800,145
480,20180313,1040,95000,71
481,20180313,1041,95000,29
482,20180313,1042,95000,25
483,20180313,1043,95000,698
484,20180313,1044,95000,383
485,20180313,1045,95100,280
486,20180313,1046,94900,542
487,20180313,1047,94800,104
488,20180313,1048,94700,18
489,20180313,1049,94800,5
490,20180313,1050,94800,283
491,20180313,1051,94900,131
492,20180313,1052,94900,81
493,20180313,1053,94700,219
494,20180313,1054,94700,1255
495,20180313,1055,94400,861
496,20180313,1056,94400,159
497,20180313,1057,94300,186
498,20180313,1058,94300,541
499,20180313,1059,94100,147
500,20180313,1100,94100,203
501,20180313,1101,94100,113
502,20180313,1102,94000,220
503,20180313,1103,94000,205
504,20180313,1104,94000,661
505,20180313,1105,93800,12
506,20180313,1106,93800,106
507,20180313,1107,93800,611
508,20180313,1108,93700,491
509,20180313,1109,93600,3
510,20180313,1110,93600,2569
511,20180313,1111,93300,386
512,20180313,1112,93700,32
513,20180313,1113,93600,116
514,20180313,1114,93600,107
515,20180313,1115,93600,321
516,20180313,1116,93300,62
517,20180313,1117,93300,383
518,20180313,1118,93400,56
519,20180313,1119,93300,144
520,20180313,1120,93300,108
521,20180313,1121,93400,33
522,20180313,1122,93400,67
523,20180313,1123,93300,153
524,20180313,1124,93500,146
525,20180313,1125,93500,103
526,20180313,1126,93400,72
527,20180313,1127,93400,134
528,20180313,1128,93500,127
529,20180313,1129,93400,63
530,20180313,1130,93500,58
531,20180313,1131,93400,341
532,20180313,1132,93300,303
533,20180313,1133,93000,24
534,20180313,1134,93100,196
535,20180313,1135,93000,102
536,20180313,1136,93100,429
537,20180313,1137,93400,237
538,20180313,1138,93100,85
539,20180313,1139,93500,171
540,20180313,1140,93500,135
541,20180313,1141,93600,139
542,20180313,1142,93800,37
543,20180313,1143,93800,146
544,20180313,1144,93900,89
545,20180313,1145,93900,37
546,20180313,1146,93900,446
547,20180313,1147,94100,369
548,20180313,1148,94300,122
549,20180313,1149,94100,205
550,20180313,1150,94000,66
551,20180313,1151,94100,110
552,20180313,1152,94100,107
553,20180313,1153,94000,29
554,20180313,1154,94200,183
555,20180313,1155,94300,51
556,20180313,1156,94100,114
557,20180313,1157,94100,26
558,20180313,1158,94100,94
559,20180313,1159,94200,82
560,20180313,1200,94200,204
561,20180313,1201,94200,92
562,20180313,1202,94100,30
563,20180313,1203,94200,31
564,20180313,1204,94200,29
565,20180313,1205,94100,346
566,20180313,1206,94100,385
567,20180313,1207,93900,76
568,20180313,1208,93800,92
569,20180313,1209,93900,152
570,20180313,1210,93900,87
571,20180313,1211,94000,8
572,20180313,1212,94000,310
573,20180313,1213,94200,112
574,20180313,1214,94100,69
575,20180313,1215,94000,173
576,20180313,1216,94000,47
577,20180313,1217,94000,91
578,20180313,1218,94100,106
579,20180313,1219,94100,64
580,20180313,1220,94000,129
581,20180313,1221,94100,47
582,20180313,1222,94000,125
583,20180313,1223,94000,61
584,20180313,1224,94100,26
585,20180313,1225,94100,184
586,20180313,1226,94000,125
587,20180313,1227,94200,208
588,20180313,1228,94200,24
589,20180313,1229,94200,233
590,20180313,1230,94300,111
591,20180313,1231,94300,49
592,20180313,1232,94300,85
593,20180313,1234,94300,58
594,20180313,1235,94200,96
595,20180313,1236,94300,381
596,20180313,1237,94300,102
597,20180313,1238,94300,27
598,20180313,1239,94300,493
599,20180313,1240,94500,304
600,20180313,1241,94400,55
601,20180313,1242,94400,180
602,20180313,1243,94400,167
603,20180313,1244,94400,47
604,20180313,1245,94300,129
605,20180313,1246,94300,198
606,20180313,1247,94200,3
607,20180313,1248,94300,38
608,20180313,1249,94300,187
609,20180313,1250,94400,252
610,20180313,1251,94400,410
611,20180313,1252,94400,2
612,20180313,1253,94300,459
613,20180313,1254,94400,27
614,20180313,1255,94500,259
615,20180313,1256,94500,534
616,20180313,1257,94700,120
617,20180313,1258,94600,356
618,20180313,1259,94900,283
619,20180313,1300,94900,180
620,20180313,1301,94600,31
621,20180313,1302,94500,283
622,20180313,1303,94600,226
623,20180313,1304,94500,361
624,20180313,1305,94400,111
625,20180313,1306,94300,280
626,20180313,1307,94500,80
627,20180313,1308,94500,122
628,20180313,1309,94400,59
629,20180313,1310,94400,455
630,20180313,1311,94300,30
631,20180313,1312,94400,84
632,20180313,1313,94300,152
633,20180313,1314,94400,339
634,20180313,1315,94400,3
635,20180313,1316,94400,236
636,20180313,1317,94400,45
637,20180313,1318,94300,326
638,20180313,1319,94200,8
639,20180313,1320,94200,187
640,20180313,1321,94200,180
641,20180313,1322,94200,280
642,20180313,1323,94200,160
643,20180313,1324,94100,16
644,20180313,1325,94200,130
645,20180313,1326,94100,519
646,20180313,1327,94100,121
647,20180313,1328,94300,207
648,20180313,1329,94300,427
649,20180313,1330,94300,605
650,20180313,1331,94200,118
651,20180313,1332,94100,107
652,20180313,1333,94000,64
653,20180313,1334,94200,330
654,20180313,1335,94300,83
655,20180313,1336,94200,84
656,20180313,1337,94300,286
657,20180313,1338,94100,89
658,20180313,1339,94300,46
659,20180313,1340,94500,278
660,20180313,1341,94600,89
661,20180313,1342,94700,318
662,20180313,1343,94800,87
663,20180313,1344,94600,874
664,20180313,1345,94500,4
665,20180313,1346,94500,181
666,20180313,1347,94600,181
667,20180313,1348,94600,77
668,20180313,1349,94600,28
669,20180313,1350,94600,325
670,20180313,1351,94700,103
671,20180313,1352,94600,325
672,20180313,1353,94600,32
673,20180313,1354,94500,428
674,20180313,1355,94600,31
675,20180313,1357,94600,301
676,20180313,1358,94700,31
677,20180313,1359,94600,369
678,20180313,1400,94500,105
679,20180313,1401,94600,288
680,20180313,1402,94600,102
681,20180313,1403,94600,197
682,20180313,1404,94600,147
683,20180313,1405,94600,32
684,20180313,1406,94600,471
685,20180313,1407,94600,276
686,20180313,1408,94400,91
687,20180313,1409,94500,117
688,20180313,1410,94600,13
689,20180313,1411,94600,176
690,20180313,1412,94500,67
691,20180313,1413,94400,269
692,20180313,1414,94500,215
693,20180313,1415,94600,195
694,20180313,1416,94600,127
695,20180313,1417,94500,32
696,20180313,1418,94600,348
697,20180313,1419,94500,28
698,20180313,1420,94600,102
699,20180313,1421,94400,337
700,20180313,1422,94500,22
701,20180313,1423,94400,5
702,20180313,1424,94400,5
703,20180313,1425,94400,710
704,20180313,1426,94700,126
705,20180313,1427,94600,266
706,20180313,1428,94500,183
707,20180313,1429,94600,307
708,20180313,1430,94600,6
709,20180313,1431,94600,378
710,20180313,1432,94800,161
711,20180313,1433,94800,480
712,20180313,1434,94700,9
713,20180313,1435,94700,2595
714,20180313,1436,94900,868
715,20180313,1437,94900,299
716,20180313,1438,94900,177
717,20180313,1439,94900,118
718,20180313,1440,94800,3
719,20180313,1441,94800,377
720,20180313,1442,94900,127
721,20180313,1443,94900,580
722,20180313,1444,94900,78
723,20180313,1445,94900,153
724,20180313,1446,94900,157
725,20180313,1447,94900,362
726,20180313,1448,94900,51
727,20180313,1449,94900,352
728,20180313,1450,94900,27
729,20180313,1451,94800,13
730,20180313,1452,94800,134
731,20180313,1453,94800,221
732,20180313,1454,94800,59
733,20180313,1455,94900,20
734,20180313,1456,94900,134
735,20180313,1457,94900,784
736,20180313,1458,94800,353
737,20180313,1459,94600,242
738,20180313,1500,94500,357
739,20180313,1501,94900,250
740,20180313,1502,94700,83
741,20180313,1503,94600,77
742,20180313,1504,94600,314
743,20180313,1505,94500,86
744,20180313,1506,94600,56
745,20180313,1507,94500,162
746,20180313,1508,94500,60
747,20180313,1509,94500,698
748,20180313,1510,94500,30
749,20180313,1511,94400,27
750,20180313,1512,94500,271
751,20180313,1513,94200,226
752,20180313,1514,94100,180
753,20180313,1515,94000,220
754,20180313,1516,93900,57
755,20180313,1517,94000,488
756,20180313,1518,94400,203
757,20180313,1519,94000,121
758,20180313,1520,94100,190
759,20180313,1530,94600,5901
0,20180314,901,93700,577
1,20180314,902,93700,266
2,20180314,903,93700,666
3,20180314,904,93100,446
4,20180314,905,93100,711
5,20180314,906,93000,1099
6,20180314,907,92600,382
7,20180314,908,92900,715
8,20180314,909,93100,72
9,20180314,910,93200,102
10,20180314,911,93100,946
11,20180314,912,93600,28
12,20180314,913,93700,956
13,20180314,914,93100,16
14,20180314,915,93100,715
15,20180314,916,93200,11
16,20180314,917,93200,144
17,20180314,918,93100,659
18,20180314,919,93000,1584
19,20180314,920,92800,119
20,20180314,921,92800,222
21,20180314,922,92700,429
22,20180314,923,92800,439
23,20180314,924,93100,252
24,20180314,925,93100,1069
25,20180314,926,92800,898
26,20180314,927,92800,24
27,20180314,928,92700,537
28,20180314,929,92800,658
29,20180314,930,92700,189
30,20180314,931,92600,1522
31,20180314,932,92500,219
32,20180314,933,92500,107
33,20180314,934,92500,267
34,20180314,935,92500,149
35,20180314,936,92600,292
36,20180314,937,92400,1977
37,20180314,938,92100,599
38,20180314,939,92100,137
39,20180314,940,92200,515
40,20180314,941,92100,171
41,20180314,942,92200,4675
42,20180314,943,92600,91
43,20180314,944,92400,143
44,20180314,945,92500,61
45,20180314,946,92500,347
46,20180314,947,92600,309
47,20180314,948,92600,323
48,20180314,949,92900,38
49,20180314,950,93000,178
50,20180314,951,92700,134
51,20180314,952,92700,256
52,20180314,953,92700,18
53,20180314,954,92800,37
54,20180314,955,92800,72
55,20180314,956,92700,82
56,20180314,958,92700,65
57,20180314,959,92700,75
58,20180314,1000,92800,44
59,20180314,1001,92700,4
60,20180314,1002,92800,2
61,20180314,1003,92700,42
62,20180314,1005,92700,70
63,20180314,1006,92800,23
64,20180314,1007,92700,11
65,20180314,1008,92700,102
66,20180314,1010,92700,513
67,20180314,1011,92700,1011
68,20180314,1012,92400,301
69,20180314,1013,92400,51
70,20180314,1014,92300,179
71,20180314,1015,92300,38
72,20180314,1016,92300,232
73,20180314,1017,92300,2
74,20180314,1018,92200,123
75,20180314,1019,92300,174
76,20180314,1020,92300,108
77,20180314,1021,92500,50
78,20180314,1022,92400,35
79,20180314,1023,92500,103
80,20180314,1024,92400,198
81,20180314,1025,92400,140
82,20180314,1026,92500,19
83,20180314,1027,92400,23
84,20180314,1028,92500,38
85,20180314,1029,92500,110
86,20180314,1030,92500,11
87,20180314,1031,92600,95
88,20180314,1032,92500,2
89,20180314,1034,92500,73
90,20180314,1035,92400,177
91,20180314,1036,92400,1
92,20180314,1037,92400,464
93,20180314,1038,92500,137
94,20180314,1039,92400,2
95,20180314,1040,92400,51
96,20180314,1041,92500,33
97,20180314,1042,92500,3
98,20180314,1043,92500,107
99,20180314,1044,92400,103
100,20180314,1045,92400,207
101,20180314,1047,92400,2
102,20180314,1048,92400,23
103,20180314,1049,92400,500
104,20180314,1050,92400,173
105,20180314,1051,92300,163
106,20180314,1052,92400,109
107,20180314,1053,92500,3
108,20180314,1054,92500,1
109,20180314,1055,92500,114
110,20180314,1056,92400,404
111,20180314,1057,92600,19
112,20180314,1058,92600,91
113,20180314,1101,92600,82
114,20180314,1102,92600,2
115,20180314,1103,92600,41
116,20180314,1104,92600,52
117,20180314,1105,92600,1
118,20180314,1106,92600,31
119,20180314,1107,92600,5
120,20180314,1108,92600,4
121,20180314,1109,92600,58
122,20180314,1110,92600,3
123,20180314,1111,92600,4
124,20180314,1112,92600,54
125,20180314,1113,92600,2
126,20180314,1114,92600,5
127,20180314,1115,92600,51
128,20180314,1116,92600,4
129,20180314,1117,92600,6
130,20180314,1118,92600,164
131,20180314,1119,92500,52
132,20180314,1120,92600,43
133,20180314,1121,92600,215
134,20180314,1122,92600,14
135,20180314,1123,92500,13
136,20180314,1124,92600,41
137,20180314,1125,92500,2
138,20180314,1126,92600,10
139,20180314,1127,92600,1691
140,20180314,1128,92900,13
141,20180314,1129,92800,101
142,20180314,1130,92900,37
143,20180314,1131,92900,2
144,20180314,1132,92800,6
145,20180314,1133,92800,6
146,20180314,1134,92800,5
147,20180314,1135,92900,9
148,20180314,1136,92800,46
149,20180314,1137,92800,5
150,20180314,1138,92800,484
151,20180314,1139,92800,31
152,20180314,1140,92800,1
153,20180314,1142,92800,34
154,20180314,1144,92800,1
155,20180314,1145,92700,6
156,20180314,1146,92800,1
157,20180314,1147,92700,12
158,20180314,1148,92800,2
159,20180314,1149,92800,1
160,20180314,1150,92700,2
161,20180314,1151,92800,61
162,20180314,1152,92800,15
163,20180314,1153,92800,3
164,20180314,1154,92800,74
165,20180314,1155,92700,3
166,20180314,1156,92800,994
167,20180314,1157,92600,236
168,20180314,1158,92600,1
169,20180314,1159,92600,92
170,20180314,1200,92600,31
171,20180314,1201,92600,15
172,20180314,1202,92500,989
173,20180314,1203,92500,38
174,20180314,1204,92600,2
175,20180314,1205,92500,4
176,20180314,1206,92600,59
177,20180314,1207,92500,108
178,20180314,1208,92400,769
179,20180314,1209,92500,317
180,20180314,1210,92500,7
181,20180314,1211,92500,42
182,20180314,1212,92600,38
183,20180314,1213,92500,51
184,20180314,1214,92600,24
185,20180314,1215,92500,2
186,20180314,1216,92500,4
187,20180314,1217,92600,3
188,20180314,1218,92500,13
189,20180314,1219,92500,14
190,20180314,1221,92600,326
191,20180314,1222,92500,84
192,20180314,1224,92600,180
193,20180314,1225,92500,263
194,20180314,1226,92500,1
195,20180314,1227,92500,31
196,20180314,1228,92500,31
197,20180314,1229,92400,3
198,20180314,1230,92400,1
199,20180314,1231,92400,60
200,20180314,1232,92400,12
201,20180314,1233,92400,22
202,20180314,1234,92500,3
203,20180314,1235,92500,1158
204,20180314,1236,92600,4
205,20180314,1238,92600,75
206,20180314,1240,92600,11
207,20180314,1241,92500,37
208,20180314,1242,92600,2
209,20180314,1243,92600,38
210,20180314,1244,92600,471
211,20180314,1245,92700,236
212,20180314,1246,92900,10
213,20180314,1247,92900,361
214,20180314,1248,93100,202
215,20180314,1249,93100,90
216,20180314,1250,92900,36
217,20180314,1252,92900,4
218,20180314,1253,92900,33
219,20180314,1254,92900,216
220,20180314,1255,92800,53
221,20180314,1256,92700,53
222,20180314,1257,92600,22
223,20180314,1258,92600,3
224,20180314,1259,92600,10
225,20180314,1300,92600,3
226,20180314,1301,92700,4
227,20180314,1302,92700,32
228,20180314,1303,92600,155
229,20180314,1304,92700,5
230,20180314,1305,92600,12
231,20180314,1306,92600,4
232,20180314,1307,92700,25
233,20180314,1308,92700,26
234,20180314,1309,92700,919
235,20180314,1310,93100,26
236,20180314,1311,93100,100
237,20180314,1312,93100,111
238,20180314,1313,93100,102
239,20180314,1314,93100,38
240,20180314,1315,93100,4
241,20180314,1316,93200,5
242,20180314,1317,93100,81
243,20180314,1318,93200,2
244,20180314,1319,93200,400
245,20180314,1320,93300,131
246,20180314,1322,93300,2
247,20180314,1323,93300,136
248,20180314,1324,93300,53
249,20180314,1325,93300,8
250,20180314,1326,93300,65
251,20180314,1327,93300,53
252,20180314,1328,93400,2
253,20180314,1329,93400,374
254,20180314,1330,93500,38
255,20180314,1331,93500,38
256,20180314,1332,93400,46
257,20180314,1333,93400,40
258,20180314,1334,93500,13
259,20180314,1335,93500,68
260,20180314,1336,93400,2
261,20180314,1337,93400,187
262,20180314,1338,93300,149
263,20180314,1339,93000,11
264,20180314,1340,93000,45
265,20180314,1341,93000,259
266,20180314,1342,93000,1
267,20180314,1343,93000,42
268,20180314,1344,93000,159
269,20180314,1345,93000,2
270,20180314,1346,93000,5
271,20180314,1347,93100,35
272,20180314,1348,93000,2
273,20180314,1349,93000,4
274,20180314,1350,93100,67
275,20180314,1351,93000,235
276,20180314,1352,93000,13
277,20180314,1353,93000,5
278,20180314,1354,93000,28
279,20180314,1355,93000,304
280,20180314,1356,92900,2
281,20180314,1357,92900,18
282,20180314,1358,93000,7
283,20180314,1359,92900,51
284,20180314,1400,93000,72
285,20180314,1401,93000,7
286,20180314,1402,92900,14
287,20180314,1403,92900,704
288,20180314,1404,93000,193
289,20180314,1405,93100,1
290,20180314,1406,93200,180
291,20180314,1407,93200,156
292,20180314,1408,93100,38
293,20180314,1409,93200,50
294,20180314,1410,93100,3
295,20180314,1411,93100,1
296,20180314,1412,93100,2
297,20180314,1413,93100,6
298,20180314,1414,93200,121
299,20180314,1415,93200,36
300,20180314,1416,93200,250
301,20180314,1417,93200,53
302,20180314,1418,93200,49
303,20180314,1419,93200,39
304,20180314,1420,93200,96
305,20180314,1421,93200,2
306,20180314,1422,93200,4
307,20180314,1423,93200,52
308,20180314,1424,93200,12
309,20180314,1425,93200,319
310,20180314,1426,93000,57
311,20180314,1427,93000,2
312,20180314,1428,93000,4
313,20180314,1429,93000,81
314,20180314,1430,93100,7
315,20180314,1431,93100,15
316,20180314,1432,93100,73
317,20180314,1433,93100,76
318,20180314,1434,93000,10
319,20180314,1435,93100,45
320,20180314,1436,93100,20
321,20180314,1437,93100,209
322,20180314,1438,93100,37
323,20180314,1439,93000,22
324,20180314,1440,93000,94
325,20180314,1441,93000,25
326,20180314,1442,93100,38
327,20180314,1443,93100,32
328,20180314,1444,93000,363
329,20180314,1445,93100,164
330,20180314,1446,93100,54
331,20180314,1447,93100,138
332,20180314,1448,93100,355
333,20180314,1449,93100,208
334,20180314,1450,93300,232
335,20180314,1451,93300,4
336,20180314,1452,93300,103
337,20180314,1453,93300,1
338,20180314,1454,93300,139
339,20180314,1455,93300,108
340,20180314,1456,93300,14
341,20180314,1457,93300,185
342,20180314,1458,93300,5
343,20180314,1459,93300,43
344,20180314,1500,93300,153
345,20180314,1501,93300,26
346,20180314,1502,93300,148
347,20180314,1503,93300,525
348,20180314,1504,93300,14
349,20180314,1505,93200,851
350,20180314,1506,93300,172
351,20180314,1507,93400,144
352,20180314,1508,93500,75
353,20180314,1509,93600,60
354,20180314,1510,93600,230
355,20180314,1511,93600,89
356,20180314,1512,93500,77
357,20180314,1513,93600,69
358,20180314,1514,93600,117
359,20180314,1515,93500,154
360,20180314,1516,93400,79
361,20180314,1517,93400,669
362,20180314,1518,93200,18
363,20180314,1519,93200,42
364,20180314,1520,93300,1306
365,20180314,1530,93700,5094
366,20180315,901,93700,328
367,20180315,902,93400,349
368,20180315,903,92800,238
369,20180315,904,92700,146
370,20180315,905,92800,443
371,20180315,906,92600,81
372,20180315,907,92500,716
373,20180315,908,92800,390
374,20180315,909,92800,255
375,20180315,910,92600,1159
376,20180315,911,92700,144
377,20180315,912,92600,77
378,20180315,913,92500,67
379,20180315,914,92600,300
380,20180315,916,92800,187
381,20180315,917,92900,10
382,20180315,918,92800,93
383,20180315,919,92800,103
384,20180315,920,92800,300
385,20180315,921,92800,464
386,20180315,922,93200,38
387,20180315,923,93100,40
388,20180315,924,93000,19
389,20180315,925,93000,215
390,20180315,926,93000,197
391,20180315,927,93200,73
392,20180315,928,93400,78
393,20180315,929,93400,341
394,20180315,930,93900,143
395,20180315,931,93600,478
396,20180315,932,93700,299
397,20180315,933,93800,207
398,20180315,934,93700,131
399,20180315,935,93700,254
400,20180315,936,93700,94
401,20180315,937,93800,322
402,20180315,938,93800,921
403,20180315,939,94000,691
404,20180315,940,94200,158
405,20180315,941,94200,15
406,20180315,942,94100,179
407,20180315,943,94100,49
408,20180315,944,94100,76
409,20180315,945,94100,804
410,20180315,946,93800,94
411,20180315,947,93800,476
412,20180315,948,93900,122
413,20180315,949,93700,1208
414,20180315,950,93600,234
415,20180315,951,93400,122
416,20180315,952,93400,790
417,20180315,953,93000,255
418,20180315,954,93000,56
419,20180315,955,93100,77
420,20180315,956,93100,62
421,20180315,957,93000,29
422,20180315,958,93000,78
423,20180315,959,93100,401
424,20180315,1000,93200,101
425,20180315,1001,93200,32
426,20180315,1002,93200,4
427,20180315,1003,93100,51
428,20180315,1004,93100,398
429,20180315,1005,93100,140
430,20180315,1006,93000,672
431,20180315,1007,93000,111
432,20180315,1008,92900,513
433,20180315,1009,92800,476
434,20180315,1010,92700,121
435,20180315,1011,92900,64
436,20180315,1012,92700,91
437,20180315,1013,92700,23
438,20180315,1014,92800,19
439,20180315,1015,92700,50
440,20180315,1016,92800,40
441,20180315,1017,92800,445
442,20180315,1018,93000,58
443,20180315,1019,93000,94
444,20180315,1020,93200,62
445,20180315,1022,92900,40
446,20180315,1023,92900,261
447,20180315,1024,92800,187
448,20180315,1025,92800,22
449,20180315,1026,92700,31
450,20180315,1027,92700,28
451,20180315,1028,92800,7
452,20180315,1029,92700,89
453,20180315,1030,92700,92
454,20180315,1031,92800,20
455,20180315,1032,92800,80
456,20180315,1033,92700,200
457,20180315,1034,93100,342
458,20180315,1035,92700,49
459,20180315,1036,92700,12
460,20180315,1037,92600,53
461,20180315,1038,92700,58
462,20180315,1039,92600,30
463,20180315,1040,92600,1656
464,20180315,1041,92500,42
465,20180315,1042,92400,89
466,20180315,1043,92400,454
467,20180315,1044,92400,128
468,20180315,1045,92300,38
469,20180315,1046,92300,62
470,20180315,1047,92400,701
471,20180315,1048,92700,95
472,20180315,1049,92700,10
473,20180315,1050,92700,23
474,20180315,1051,92800,26
475,20180315,1052,92800,122
476,20180315,1053,92600,45
477,20180315,1054,92600,25
478,20180315,1055,92600,29
479,20180315,1056,92600,58
480,20180315,1057,92700,22
481,20180315,1058,92700,101
482,20180315,1059,92700,36
483,20180315,1100,92700,9
484,20180315,1101,92600,30
485,20180315,1102,92600,38
486,20180315,1103,92700,2
487,20180315,1104,92700,35
488,20180315,1105,92600,1756
489,20180315,1106,92500,14
490,20180315,1107,92400,20
491,20180315,1108,92500,63
492,20180315,1109,92500,30
493,20180315,1110,92400,18
494,20180315,1111,92500,20
495,20180315,1112,92400,18
496,20180315,1113,92400,40
497,20180315,1114,92400,17
498,20180315,1115,92400,43
499,20180315,1116,92400,21
500,20180315,1117,92500,21
501,20180315,1118,92500,1
502,20180315,1119,92400,285
503,20180315,1120,92300,770
504,20180315,1121,92600,106
505,20180315,1122,92600,6
506,20180315,1123,92700,244
507,20180315,1124,92600,152
508,20180315,1125,92600,39
509,20180315,1126,92700,17
510,20180315,1127,92600,36
511,20180315,1128,92700,92
512,20180315,1129,92600,23
513,20180315,1130,92700,70
514,20180315,1131,92600,49
515,20180315,1132,92700,19
516,20180315,1133,92700,34
517,20180315,1134,92600,20
518,20180315,1135,92600,34
519,20180315,1136,92700,38
520,20180315,1137,92600,211
521,20180315,1138,92600,23
522,20180315,1139,92600,13
523,20180315,1140,92600,94
524,20180315,1141,92600,40
525,20180315,1142,92600,18
526,20180315,1143,92600,16
527,20180315,1144,92700,35
528,20180315,1145,92600,30
529,20180315,1146,92600,128
530,20180315,1147,92700,37
531,20180315,1149,92600,41
532,20180315,1150,92700,10
533,20180315,1151,92600,99
534,20180315,1152,92600,197
535,20180315,1153,92600,26
536,20180315,1154,92700,1
537,20180315,1155,92600,33
538,20180315,1156,92600,29
539,20180315,1157,92600,723
540,20180315,1158,92700,815
541,20180315,1159,93000,282
542,20180315,1200,93000,321
543,20180315,1201,93000,26
544,20180315,1202,92900,30
545,20180315,1203,93000,102
546,20180315,1204,93100,10
547,20180315,1205,93100,211
548,20180315,1206,93300,12
549,20180315,1207,93300,305
550,20180315,1208,93400,11
551,20180315,1209,93400,421
552,20180315,1210,93300,61
553,20180315,1211,93200,19
554,20180315,1212,93200,61
555,20180315,1213,93200,19
556,20180315,1214,93200,31
557,20180315,1215,93300,7
558,20180315,1216,93300,357
559,20180315,1217,93100,93
560,20180315,1218,93200,17
561,20180315,1219,93100,19
562,20180315,1220,93100,21
563,20180315,1221,93000,41
564,20180315,1222,93000,256
565,20180315,1223,92900,12
566,20180315,1224,92900,17
567,20180315,1225,92900,18
568,20180315,1226,92900,173
569,20180315,1227,92800,38
570,20180315,1228,92800,25
571,20180315,1229,92900,6
572,20180315,1230,92900,46
573,20180315,1231,92800,28
574,20180315,1232,92900,40
575,20180315,1233,92800,39
576,20180315,1234,92800,11
577,20180315,1235,92800,50
578,20180315,1236,92800,53
579,20180315,1237,92900,58
580,20180315,1238,92800,20
581,20180315,1239,92800,151
582,20180315,1240,92800,1395
583,20180315,1241,92600,16
584,20180315,1242,92600,320
585,20180315,1243,92600,1783
586,20180315,1244,92500,38
587,20180315,1245,92500,73
588,20180315,1246,92500,66
589,20180315,1247,92500,20
590,20180315,1248,92500,56
591,20180315,1249,92400,29
592,20180315,1250,92400,24
593,20180315,1251,92400,45
594,20180315,1252,92400,42
595,20180315,1253,92400,38
596,20180315,1254,92500,18
597,20180315,1255,92400,4
598,20180315,1256,92400,64
599,20180315,1257,92500,395
600,20180315,1258,92500,67
601,20180315,1259,92400,53
602,20180315,1300,92500,119
603,20180315,1301,92400,20
604,20180315,1302,92500,1356
605,20180315,1303,92800,109
606,20180315,1304,92800,46
607,20180315,1305,93000,256
608,20180315,1306,92900,191
609,20180315,1307,92800,2
610,20180315,1308,92800,36
611,20180315,1309,92800,18
612,20180315,1310,92900,21
613,20180315,1311,92900,5
614,20180315,1312,92800,19
615,20180315,1313,92900,22
616,20180315,1314,92900,41
617,20180315,1315,92900,37
618,20180315,1316,92800,893
619,20180315,1317,92600,30
620,20180315,1318,92500,53
621,20180315,1319,92500,40
622,20180315,1320,92600,21
623,20180315,1321,92600,35
624,20180315,1322,92600,17
625,20180315,1323,92500,43
626,20180315,1324,92500,31
627,20180315,1325,92500,21
628,20180315,1326,92500,39
629,20180315,1327,92500,30
630,20180315,1328,92600,892
631,20180315,1329,92800,25
632,20180315,1330,92800,68
633,20180315,1331,93000,9
634,20180315,1332,92900,23
635,20180315,1333,93000,35
636,20180315,1334,92900,38
637,20180315,1335,92900,303
638,20180315,1336,92900,205
639,20180315,1337,92600,233
640,20180315,1338,92700,26
641,20180315,1339,92700,486
642,20180315,1340,92700,41
643,20180315,1341,92800,291
644,20180315,1342,93000,23
645,20180315,1343,93000,301
646,20180315,1344,93000,91
647,20180315,1345,93000,101
648,20180315,1346,92900,13
649,20180315,1347,92900,148
650,20180315,1348,92800,96
651,20180315,1349,92700,31
652,20180315,1350,92800,38
653,20180315,1351,92700,22
654,20180315,1352,92800,6
655,20180315,1353,92700,1044
656,20180315,1354,92600,24
657,20180315,1355,92700,340
658,20180315,1356,92700,146
659,20180315,1357,92700,14
660,20180315,1358,92800,27
661,20180315,1359,92700,29
662,20180315,1400,92700,32
663,20180315,1401,92800,168
664,20180315,1402,92800,38
665,20180315,1403,92700,20
666,20180315,1404,92800,115
667,20180315,1405,92800,341
668,20180315,1406,92800,636
669,20180315,1407,93000,193
670,20180315,1408,93100,319
671,20180315,1409,93200,475
672,20180315,1410,93200,149
673,20180315,1411,93300,267
674,20180315,1412,93300,781
675,20180315,1413,93100,23
676,20180315,1414,93000,189
677,20180315,1415,92900,86
678,20180315,1416,92800,14
679,20180315,1417,92800,35
680,20180315,1418,92800,34
681,20180315,1419,92800,32
682,20180315,1420,92800,22
683,20180315,1421,92800,464
684,20180315,1422,93000,479
685,20180315,1423,93300,4
686,20180315,1424,93300,33
687,20180315,1425,93300,59
688,20180315,1426,93300,27
689,20180315,1427,93200,62
690,20180315,1428,93300,244
691,20180315,1429,93300,325
692,20180315,1430,93300,387
693,20180315,1431,93300,54
694,20180315,1432,93300,78
695,20180315,1433,93300,469
696,20180315,1434,93300,868
697,20180315,1435,93200,38
698,20180315,1436,93300,145
699,20180315,1437,93300,115
700,20180315,1438,93300,30
701,20180315,1439,93300,435
702,20180315,1440,93300,83
703,20180315,1441,93300,16
704,20180315,1442,93300,659
705,20180315,1443,93300,334
706,20180315,1444,93200,29
707,20180315,1445,93100,267
708,20180315,1446,93200,40
709,20180315,1447,93200,274
710,20180315,1448,93200,615
711,20180315,1449,93300,573
712,20180315,1450,93400,297
713,20180315,1451,93500,111
714,20180315,1452,93500,652
715,20180315,1453,93500,171
716,20180315,1454,93600,276
717,20180315,1455,93600,273
718,20180315,1456,93600,518
719,20180315,1457,93700,149
720,20180315,1458,93700,225
721,20180315,1459,93700,493
722,20180315,1500,93800,337
723,20180315,1501,93900,686
724,20180315,1502,93900,167
725,20180315,1503,93900,101
726,20180315,1504,93900,786
727,20180315,1505,93600,105
728,20180315,1506,93700,214
729,20180315,1507,93700,327
730,20180315,1508,93800,218
731,20180315,1509,93700,376
732,20180315,1510,93700,394
733,20180315,1511,93800,280
734,20180315,1512,93900,317
735,20180315,1513,93900,251
736,20180315,1514,94000,983
737,20180315,1515,94000,118
738,20180315,1516,94000,139
739,20180315,1517,93900,89
740,20180315,1518,94000,1636
741,20180315,1519,93800,664
742,20180315,1520,93800,52
743,20180315,1530,93700,6169
744,20180316,901,94200,359
745,20180316,902,93900,432
746,20180316,903,93600,1118
747,20180316,904,93400,47
748,20180316,905,93500,196
749,20180316,906,94000,2
750,20180316,907,94000,123
751,20180316,908,93700,14
752,20180316,909,93800,216
753,20180316,910,93500,53
754,20180316,911,93300,110
755,20180316,912,93400,746
756,20180316,913,93200,53
757,20180316,914,93100,207
758,20180316,915,93200,103
759,20180316,916,93200,18
760,20180316,917,93200,877
761,20180316,918,92800,2443
762,20180316,919,92700,45
763,20180316,920,92700,15
764,20180316,921,92800,125
765,20180316,922,92600,615
766,20180316,923,93000,753
767,20180316,924,93000,198
768,20180316,925,93000,177
769,20180316,926,92900,206
770,20180316,927,92800,55
771,20180316,928,92800,73
772,20180316,929,92800,129
773,20180316,930,92800,32
774,20180316,931,92800,133
775,20180316,932,92800,101
776,20180316,933,92700,31
777,20180316,934,92800,314
778,20180316,935,92800,93
779,20180316,936,92800,265
780,20180316,937,92800,60
781,20180316,938,92800,16
782,20180316,939,92700,39
783,20180316,940,92700,840
784,20180316,941,92700,50
785,20180316,942,92600,341
786,20180316,943,92500,51
787,20180316,944,92500,363
788,20180316,945,92600,287
789,20180316,946,92600,50
790,20180316,947,92700,72
791,20180316,948,92600,51
792,20180316,949,92600,159
793,20180316,950,92700,51
794,20180316,951,92700,187
795,20180316,952,92700,674
796,20180316,953,92600,62
797,20180316,954,92500,12
798,20180316,955,92500,99
799,20180316,956,92600,6
800,20180316,957,92600,133
801,20180316,958,92500,132
802,20180316,959,92600,1095
803,20180316,1000,92700,406
804,20180316,1001,92700,96
805,20180316,1002,92600,298
806,20180316,1003,92600,160
807,20180316,1004,92700,729
808,20180316,1005,92600,276
809,20180316,1006,92700,64
810,20180316,1007,92700,167
811,20180316,1008,92800,14
812,20180316,1009,92700,257
813,20180316,1010,92600,414
814,20180316,1011,92700,106
815,20180316,1012,92600,161
816,20180316,1013,92600,576
817,20180316,1014,92600,194
818,20180316,1015,92600,73
819,20180316,1016,92800,17
820,20180316,1017,92800,1436
821,20180316,1018,92600,82
822,20180316,1019,92700,26
823,20180316,1020,92700,70
824,20180316,1021,92500,70
825,20180316,1022,92600,2002
826,20180316,1023,92500,17
827,20180316,1024,92400,50
828,20180316,1025,92500,196
829,20180316,1026,92600,121
830,20180316,1027,92500,72
831,20180316,1028,92500,62
832,20180316,1029,92500,689
833,20180316,1030,92500,2262
834,20180316,1031,92300,266
835,20180316,1032,92200,241
836,20180316,1033,92500,58
837,20180316,1034,92400,181
838,20180316,1035,92300,12
839,20180316,1036,92300,97
840,20180316,1037,92300,212
841,20180316,1038,92400,119
842,20180316,1039,92400,101
843,20180316,1040,92300,89
844,20180316,1041,92300,48
845,20180316,1042,92400,129
846,20180316,1043,92400,323
847,20180316,1044,92400,587
848,20180316,1045,92500,559
849,20180316,1046,92400,336
850,20180316,1047,92200,398
851,20180316,1048,92500,1295
852,20180316,1049,92400,368
853,20180316,1050,92400,73
854,20180316,1051,92500,1
855,20180316,1052,92400,72
856,20180316,1053,92400,18
857,20180316,1054,92400,26
858,20180316,1055,92500,254
859,20180316,1056,92500,24
860,20180316,1057,92400,30
861,20180316,1058,92500,70
862,20180316,1059,92600,80
863,20180316,1100,92600,141
864,20180316,1101,92600,197
865,20180316,1102,92700,43
866,20180316,1103,92700,91
867,20180316,1104,92600,31
868,20180316,1105,92600,185
869,20180316,1106,92500,44
870,20180316,1107,92500,81
871,20180316,1108,92500,25
872,20180316,1109,92500,35
873,20180316,1110,92500,12
874,20180316,1111,92400,60
875,20180316,1112,92400,21
876,20180316,1113,92400,12
877,20180316,1114,92500,105
878,20180316,1115,92600,35
879,20180316,1116,92600,3
880,20180316,1117,92500,23
881,20180316,1118,92600,86
882,20180316,1119,92600,25
883,20180316,1120,92600,47
884,20180316,1121,92600,27
885,20180316,1122,92500,96
886,20180316,1123,92600,12
887,20180316,1124,92700,4
888,20180316,1125,92600,87
889,20180316,1126,92800,224
890,20180316,1127,92700,23
891,20180316,1128,92700,39
892,20180316,1129,92700,2051
893,20180316,1130,92500,310
894,20180316,1131,92500,130
895,20180316,1132,92200,75
896,20180316,1133,92200,139
897,20180316,1134,92400,6
898,20180316,1135,92600,2
899,20180316,1136,92400,24
900,20180316,1137,92400,108
901,20180316,1138,92500,19
902,20180316,1139,92400,9
903,20180316,1140,92400,19
904,20180316,1141,92500,90
905,20180316,1143,92500,14
906,20180316,1144,92500,22
907,20180316,1145,92400,80
908,20180316,1147,92400,34
909,20180316,1148,92400,90
910,20180316,1149,92400,1
911,20180316,1151,92400,84
912,20180316,1152,92300,78
913,20180316,1153,92400,10
914,20180316,1154,92400,20
915,20180316,1155,92400,24
916,20180316,1156,92300,60
917,20180316,1157,92400,40
918,20180316,1158,92400,49
919,20180316,1159,92300,19
920,20180316,1200,92400,70
921,20180316,1201,92300,278
922,20180316,1202,92500,146
923,20180316,1203,92600,6
924,20180316,1204,92500,86
925,20180316,1205,92600,21
926,20180316,1206,92600,16
927,20180316,1207,92600,92
928,20180316,1208,92600,6
929,20180316,1209,92600,121
930,20180316,1210,92600,152
931,20180316,1211,92600,68
932,20180316,1212,92700,17
933,20180316,1213,92700,8
934,20180316,1214,92600,36
935,20180316,1215,92700,66
936,20180316,1216,92700,25
937,20180316,1217,92700,97
938,20180316,1218,92600,28
939,20180316,1219,92700,70
940,20180316,1220,92800,26
941,20180316,1221,92800,60
942,20180316,1222,92900,34
943,20180316,1223,92900,42
944,20180316,1224,92900,101
945,20180316,1225,93100,66
946,20180316,1226,93000,33
947,20180316,1227,92900,27
948,20180316,1228,93000,3
949,20180316,1229,92900,16
950,20180316,1230,93000,197
951,20180316,1231,92700,1
952,20180316,1232,92800,48
953,20180316,1233,92700,43
954,20180316,1234,92700,60
955,20180316,1235,92800,1
956,20180316,1236,92800,121
957,20180316,1237,92800,11
958,20180316,1238,92700,602
959,20180316,1239,92600,21
960,20180316,1240,92600,172
961,20180316,1241,92700,61
962,20180316,1242,92600,37
963,20180316,1243,92600,18
964,20180316,1244,92700,23
965,20180316,1245,92600,60
966,20180316,1246,92600,22
967,20180316,1247,92700,10
968,20180316,1248,92600,14
969,20180316,1249,92600,78
970,20180316,1251,92700,15
971,20180316,1252,92600,33
972,20180316,1253,92600,61
973,20180316,1254,92700,10
974,20180316,1255,92600,12
975,20180316,1256,92600,151
976,20180316,1257,92600,15
977,20180316,1258,92700,21
978,20180316,1259,92600,99
979,20180316,1300,92600,89
980,20180316,1301,92400,16
981,20180316,1302,92500,20
982,20180316,1303,92500,15
983,20180316,1304,92400,60
984,20180316,1305,92500,35
985,20180316,1306,92400,1
986,20180316,1307,92500,395
987,20180316,1308,92700,72
988,20180316,1309,92700,34
989,20180316,1310,92800,6
990,20180316,1311,92700,61
991,20180316,1312,92800,90
992,20180316,1313,92800,2
993,20180316,1314,92800,55
994,20180316,1315,92800,135
995,20180316,1316,92700,8
996,20180316,1317,92700,8
997,20180316,1318,92800,54
998,20180316,1319,92800,64
999,20180316,1320,92700,15
1000,20180316,1321,92800,9
1001,20180316,1322,92700,101
1002,20180316,1323,92800,88
1003,20180316,1324,92900,116
1004,20180316,1325,93000,130
1005,20180316,1326,93000,97
1006,20180316,1327,93000,117
1007,20180316,1328,93000,122
1008,20180316,1329,93100,92
1009,20180316,1330,93000,79
1010,20180316,1331,93000,121
1011,20180316,1332,93100,99
1012,20180316,1333,93100,81
1013,20180316,1334,93100,171
1014,20180316,1335,92700,135
1015,20180316,1336,93000,91
1016,20180316,1337,92900,86
1017,20180316,1338,92900,92
1018,20180316,1339,92900,55
1019,20180316,1340,92900,84
1020,20180316,1341,92900,53
1021,20180316,1342,93000,97
1022,20180316,1343,93100,74
1023,20180316,1344,93100,72
1024,20180316,1345,93100,97
1025,20180316,1346,93000,206
1026,20180316,1347,93100,119
1027,20180316,1348,93100,80
1028,20180316,1349,93100,434
1029,20180316,1350,93200,20
1030,20180316,1351,93200,128
1031,20180316,1352,93200,83
1032,20180316,1353,93200,90
1033,20180316,1354,93200,396
1034,20180316,1355,93300,247
1035,20180316,1356,93500,26
1036,20180316,1357,93500,177
1037,20180316,1358,93400,238
1038,20180316,1359,93500,298
1039,20180316,1400,93600,356
1040,20180316,1401,93700,554
1041,20180316,1402,93700,273
1042,20180316,1403,93600,251
1043,20180316,1404,93800,61
1044,20180316,1405,93700,173
1045,20180316,1406,93800,184
1046,20180316,1407,93700,200
1047,20180316,1408,93700,129
1048,20180316,1409,93700,58
1049,20180316,1410,93800,568
1050,20180316,1411,93900,297
1051,20180316,1412,94000,403
1052,20180316,1413,94000,93
1053,20180316,1414,94000,777
1054,20180316,1415,94100,356
1055,20180316,1416,94200,796
1056,20180316,1417,94300,159
1057,20180316,1418,94300,199
1058,20180316,1419,94200,262
1059,20180316,1420,94000,73
1060,20180316,1421,94000,147
1061,20180316,1422,93900,404
1062,20180316,1423,94000,203
1063,20180316,1424,94100,64
1064,20180316,1425,94200,86
1065,20180316,1426,94200,90
1066,20180316,1427,94200,203
1067,20180316,1428,94100,157
1068,20180316,1429,94200,285
1069,20180316,1430,94300,190
1070,20180316,1431,94200,682
1071,20180316,1432,94200,56
1072,20180316,1433,94200,138
1073,20180316,1434,94100,202
1074,20180316,1435,94300,380
1075,20180316,1436,94300,248
1076,20180316,1437,94200,127
1077,20180316,1438,94200,95
1078,20180316,1439,94200,165
1079,20180316,1440,94300,408
1080,20180316,1441,94200,77
1081,20180316,1442,94300,338
1082,20180316,1443,94200,128
1083,20180316,1444,94100,82
1084,20180316,1445,94200,432
1085,20180316,1446,94300,228
1086,20180316,1447,94200,149
1087,20180316,1448,94200,501
1088,20180316,1449,94200,187
1089,20180316,1450,94100,487
1090,20180316,1451,94200,64
1091,20180316,1452,94200,183
1092,20180316,1453,94200,147
1093,20180316,1454,94200,146
1094,20180316,1455,94100,357
1095,20180316,1456,94100,288
1096,20180316,1457,94000,258
1097,20180316,1458,94100,130
1098,20180316,1459,94100,186
1099,20180316,1500,94000,326
1100,20180316,1501,93900,428
1101,20180316,1502,93800,332
1102,20180316,1503,93900,191
1103,20180316,1504,94000,364
1104,20180316,1505,93500,543
1105,20180316,1506,94000,672
1106,20180316,1507,93500,453
1107,20180316,1508,93400,177
1108,20180316,1509,93300,219
1109,20180316,1510,93400,668
1110,20180316,1511,93500,193
1111,20180316,1512,93500,200
1112,20180316,1513,93400,249
1113,20180316,1514,93300,818
1114,20180316,1515,93100,539
1115,20180316,1516,93100,653
1116,20180316,1517,93100,464
1117,20180316,1518,93300,426
1118,20180316,1519,93300,744
1119,20180316,1520,93000,304
1120,20180316,1530,93800,22680
0,20180319,901,93800,147
1,20180319,902,93500,425
2,20180319,903,93200,161
3,20180319,904,93300,123
4,20180319,905,93600,139
5,20180319,906,93700,32
6,20180319,907,93300,216
7,20180319,908,93600,60
8,20180319,909,93700,203
9,20180319,910,93600,117
10,20180319,911,93600,193
11,20180319,912,93300,243
12,20180319,913,93300,426
13,20180319,914,93600,418
14,20180319,915,93200,401
15,20180319,916,93100,220
16,20180319,917,93100,235
17,20180319,918,93200,676
18,20180319,919,93000,475
19,20180319,920,92900,297
20,20180319,921,92900,376
21,20180319,922,92800,137
22,20180319,923,92800,301
23,20180319,924,92800,146
24,20180319,925,92700,68
25,20180319,926,92600,932
26,20180319,927,92700,58
27,20180319,928,92500,579
28,20180319,929,93200,55
29,20180319,930,93000,557
30,20180319,931,93300,177
31,20180319,932,93200,65
32,20180319,934,93400,68
33,20180319,935,93400,23
34,20180319,936,93400,172
35,20180319,937,93600,394
36,20180319,938,93800,323
37,20180319,939,93500,115
38,20180319,940,93500,1
39,20180319,941,93200,220
40,20180319,942,93200,83
41,20180319,943,93200,307
42,20180319,944,93200,103
43,20180319,945,93300,23
44,20180319,946,93200,73
45,20180319,947,93200,486
46,20180319,948,93300,305
47,20180319,949,93200,51
48,20180319,950,93200,84
49,20180319,951,93000,104
50,20180319,952,92900,209
51,20180319,953,92900,215
52,20180319,954,93100,54
53,20180319,955,93000,343
54,20180319,956,93000,79
55,20180319,957,92900,333
56,20180319,958,92900,145
57,20180319,959,92900,85
58,20180319,1000,92900,135
59,20180319,1001,92800,72
60,20180319,1002,92900,9
61,20180319,1003,92900,58
62,20180319,1004,92900,360
63,20180319,1005,93000,71
64,20180319,1006,93000,5
65,20180319,1007,92900,98
66,20180319,1008,92900,225
67,20180319,1009,92900,173
68,20180319,1010,92900,123
69,20180319,1011,92900,44
70,20180319,1012,92900,3
71,20180319,1013,92900,173
72,20180319,1014,92800,113
73,20180319,1015,92800,433
74,20180319,1016,92900,48
75,20180319,1017,92800,53
76,20180319,1018,92800,195
77,20180319,1019,92900,303
78,20180319,1020,93300,577
79,20180319,1021,93200,136
80,20180319,1022,92800,373
81,20180319,1023,93000,319
82,20180319,1024,93300,34
83,20180319,1025,93100,27
84,20180319,1026,93300,184
85,20180319,1027,93400,68
86,20180319,1028,93400,9
87,20180319,1029,93400,279
88,20180319,1030,93400,256
89,20180319,1031,93500,250
90,20180319,1032,93200,251
91,20180319,1033,93200,165
92,20180319,1034,93200,117
93,20180319,1035,93300,86
94,20180319,1036,93300,84
95,20180319,1037,93300,417
96,20180319,1038,93400,163
97,20180319,1039,93400,276
98,20180319,1040,93400,513
99,20180319,1041,93200,101
100,20180319,1042,93300,14
101,20180319,1043,93300,150
102,20180319,1044,93300,85
103,20180319,1045,93200,157
104,20180319,1046,93400,42
105,20180319,1047,93300,100
106,20180319,1048,93400,250
107,20180319,1049,93400,561
108,20180319,1050,93400,20
109,20180319,1051,93500,177
110,20180319,1052,93500,124
111,20180319,1053,93500,34
112,20180319,1054,93600,203
113,20180319,1055,93600,150
114,20180319,1056,93600,3
115,20180319,1057,93600,157
116,20180319,1058,93600,43
117,20180319,1059,93700,119
118,20180319,1100,93600,216
119,20180319,1101,93500,40
120,20180319,1102,93600,373
121,20180319,1103,93300,89
122,20180319,1104,93500,86
123,20180319,1105,93500,22
124,20180319,1106,93600,327
125,20180319,1107,93500,43
126,20180319,1108,93600,150
127,20180319,1109,93600,106
128,20180319,1110,93700,79
129,20180319,1111,93600,62
130,20180319,1112,93600,19
131,20180319,1113,93600,90
132,20180319,1114,93600,171
133,20180319,1115,93600,31
134,20180319,1116,93600,16
135,20180319,1117,93700,325
136,20180319,1118,93800,67
137,20180319,1119,93800,37
138,20180319,1120,93800,11
139,20180319,1121,93800,1
140,20180319,1122,93700,140
141,20180319,1123,93700,160
142,20180319,1124,93700,398
143,20180319,1125,93600,26
144,20180319,1126,93400,3
145,20180319,1127,93400,82
146,20180319,1128,93400,130
147,20180319,1129,93400,194
148,20180319,1130,93600,47
149,20180319,1131,93500,57
150,20180319,1132,93600,42
151,20180319,1133,93400,1
152,20180319,1134,93500,215
153,20180319,1135,93500,31
154,20180319,1136,93600,20
155,20180319,1137,93600,10
156,20180319,1138,93500,178
157,20180319,1139,93500,462
158,20180319,1140,93700,70
159,20180319,1141,93700,53
160,20180319,1142,93600,2
161,20180319,1143,93600,28
162,20180319,1144,93600,88
163,20180319,1145,93700,300
164,20180319,1146,93600,33
165,20180319,1147,93600,18
166,20180319,1148,93600,35
167,20180319,1149,93700,14
168,20180319,1150,93600,47
169,20180319,1151,93700,235
170,20180319,1152,93600,119
171,20180319,1153,93600,113
172,20180319,1154,93600,10
173,20180319,1155,93500,45
174,20180319,1156,93500,6
175,20180319,1157,93500,34
176,20180319,1158,93500,6
177,20180319,1159,93500,33
178,20180319,1200,93600,174
179,20180319,1201,93700,36
180,20180319,1202,93600,30
181,20180319,1203,93700,33
182,20180319,1204,93600,1
183,20180319,1205,93600,53
184,20180319,1206,93700,58
185,20180319,1207,93600,29
186,20180319,1208,93600,44
187,20180319,1209,93600,48
188,20180319,1210,93600,68
189,20180319,1211,93500,31
190,20180319,1212,93500,419
191,20180319,1213,93200,426
192,20180319,1214,93200,381
193,20180319,1215,93300,3
194,20180319,1216,93300,71
195,20180319,1217,93500,152
196,20180319,1218,93300,13
197,20180319,1219,93200,1
198,20180319,1220,93200,30
199,20180319,1221,93300,20
200,20180319,1222,93200,12
201,20180319,1223,93200,77
202,20180319,1224,93200,80
203,20180319,1225,93200,249
204,20180319,1226,93200,139
205,20180319,1227,93100,35
206,20180319,1228,93200,7
207,20180319,1229,93200,58
208,20180319,1230,93200,36
209,20180319,1231,93200,4
210,20180319,1232,93100,30
211,20180319,1233,93100,73
212,20180319,1234,93200,15
213,20180319,1235,93200,14
214,20180319,1236,93200,11
215,20180319,1237,93100,127
216,20180319,1238,93300,8
217,20180319,1239,93200,63
218,20180319,1240,93300,22
219,20180319,1241,93200,130
220,20180319,1242,93200,31
221,20180319,1243,93300,25
222,20180319,1244,93300,38
223,20180319,1245,93300,16
224,20180319,1246,93200,47
225,20180319,1247,93200,71
226,20180319,1248,93300,13
227,20180319,1249,93300,234
228,20180319,1250,93100,93
229,20180319,1251,93000,4
230,20180319,1252,93000,42
231,20180319,1253,93000,112
232,20180319,1254,93100,36
233,20180319,1255,93000,385
234,20180319,1256,92800,36
235,20180319,1257,92900,126
236,20180319,1258,92900,64
237,20180319,1259,92900,256
238,20180319,1300,92900,2
239,20180319,1301,93000,127
240,20180319,1302,93100,9
241,20180319,1303,93100,10
242,20180319,1304,93000,152
243,20180319,1305,92900,18
244,20180319,1306,92900,79
245,20180319,1307,93000,73
246,20180319,1308,93000,16
247,20180319,1309,93100,19
248,20180319,1310,93000,69
249,20180319,1311,93100,118
250,20180319,1312,93000,10
251,20180319,1313,93000,30
252,20180319,1314,93100,130
253,20180319,1315,93100,31
254,20180319,1316,93100,78
255,20180319,1317,92900,15
256,20180319,1318,92900,41
257,20180319,1319,93000,22
258,20180319,1320,92900,108
259,20180319,1321,93000,21
260,20180319,1322,92900,43
261,20180319,1323,93000,14
262,20180319,1324,92900,56
263,20180319,1325,93000,67
264,20180319,1326,92900,78
265,20180319,1327,92900,15
266,20180319,1328,92900,131
267,20180319,1329,92900,95
268,20180319,1330,92800,103
269,20180319,1331,92800,16
270,20180319,1332,92800,192
271,20180319,1333,92900,20
272,20180319,1334,92900,34
273,20180319,1335,93000,335
274,20180319,1336,93000,9
275,20180319,1337,93000,30
276,20180319,1338,93200,56
277,20180319,1339,93100,30
278,20180319,1341,93100,36
279,20180319,1342,93100,3
280,20180319,1343,93100,204
281,20180319,1344,93000,13
282,20180319,1345,93000,80
283,20180319,1346,93100,128
284,20180319,1347,93000,34
285,20180319,1348,93100,8
286,20180319,1349,93000,49
287,20180319,1350,93000,30
288,20180319,1351,93000,270
289,20180319,1352,92900,38
290,20180319,1353,92900,110
291,20180319,1354,92900,108
292,20180319,1355,92900,65
293,20180319,1356,92900,84
294,20180319,1357,92900,30
295,20180319,1358,92900,57
296,20180319,1359,92900,16
297,20180319,1400,92900,103
298,20180319,1401,92900,9
299,20180319,1402,92800,1101
300,20180319,1403,92700,57
301,20180319,1404,92600,696
302,20180319,1405,92500,635
303,20180319,1406,92500,82
304,20180319,1407,92400,681
305,20180319,1408,92400,21
306,20180319,1409,92400,180
307,20180319,1410,92300,47
308,20180319,1411,92300,125
309,20180319,1412,92300,164
310,20180319,1413,92300,33
311,20180319,1414,92400,711
312,20180319,1415,92700,42
313,20180319,1417,92700,400
314,20180319,1418,92600,46
315,20180319,1419,92500,567
316,20180319,1420,92600,8
317,20180319,1421,92600,3
318,20180319,1422,92600,106
319,20180319,1423,92600,83
320,20180319,1424,92600,50
321,20180319,1425,92700,6
322,20180319,1426,92600,230
323,20180319,1427,92500,81
324,20180319,1428,92600,206
325,20180319,1429,92500,1
326,20180319,1430,92500,343
327,20180319,1431,92400,47
328,20180319,1432,92400,52
329,20180319,1433,92400,14
330,20180319,1434,92400,81
331,20180319,1435,92400,510
332,20180319,1436,92800,69
333,20180319,1437,92800,1
334,20180319,1438,92700,156
335,20180319,1439,92700,50
336,20180319,1440,92600,30
337,20180319,1441,92700,51
338,20180319,1442,92600,34
339,20180319,1443,92700,42
340,20180319,1444,92600,115
341,20180319,1445,92600,89
342,20180319,1446,92600,76
343,20180319,1447,92700,6
344,20180319,1448,92700,116
345,20180319,1449,92600,35
346,20180319,1450,92700,2
347,20180319,1451,92600,43
348,20180319,1452,92600,65
349,20180319,1453,92600,34
350,20180319,1454,92600,762
351,20180319,1455,92900,173
352,20180319,1456,92900,76
353,20180319,1457,92900,53
354,20180319,1458,92900,11
355,20180319,1459,92900,88
356,20180319,1500,92900,428
357,20180319,1501,92700,314
358,20180319,1502,92600,407
359,20180319,1503,92400,288
360,20180319,1504,92400,120
361,20180319,1505,92300,34
362,20180319,1506,92300,14
363,20180319,1507,92300,12
364,20180319,1508,92400,167
365,20180319,1509,92300,215
366,20180319,1510,92300,37
367,20180319,1511,92300,7
368,20180319,1512,92300,166
369,20180319,1513,92400,1508
370,20180319,1514,92200,498
371,20180319,1515,92300,19
372,20180319,1516,92200,61
373,20180319,1517,92200,58
374,20180319,1518,92200,39
375,20180319,1519,92300,116
376,20180319,1520,92200,368
377,20180319,1530,92300,2544
0,20180320,901,91500,1276
1,20180320,902,91400,443
2,20180320,903,91400,170
3,20180320,904,91400,1446
4,20180320,905,92100,432
5,20180320,906,92300,1762
6,20180320,907,92300,377
7,20180320,908,92300,42
8,20180320,909,92100,163
9,20180320,910,91600,1394
10,20180320,911,91800,830
11,20180320,912,92000,224
12,20180320,913,92000,148
13,20180320,914,92200,218
14,20180320,915,92000,64
15,20180320,916,92000,163
16,20180320,917,92000,356
17,20180320,918,92100,1404
18,20180320,919,92600,367
19,20180320,920,92600,69
20,20180320,921,92500,198
21,20180320,922,92800,212
22,20180320,923,92700,109
23,20180320,924,92700,146
24,20180320,925,92600,528
25,20180320,926,92500,121
26,20180320,927,92400,274
27,20180320,928,92600,411
28,20180320,929,92500,95
29,20180320,930,92600,25
30,20180320,931,92600,103
31,20180320,932,92600,61
32,20180320,933,92500,61
33,20180320,934,92500,496
34,20180320,935,92500,272
35,20180320,936,92600,280
36,20180320,937,92800,437
37,20180320,938,93000,1475
38,20180320,939,93000,174
39,20180320,940,93000,271
40,20180320,941,92900,40
41,20180320,942,92900,360
42,20180320,943,92700,212
43,20180320,944,92700,182
44,20180320,945,92800,434
45,20180320,947,92800,181
46,20180320,948,92800,61
47,20180320,949,92800,62
48,20180320,950,92900,1646
49,20180320,951,92700,1080
50,20180320,952,92400,215
51,20180320,953,92300,206
52,20180320,954,92300,192
53,20180320,955,92300,40
54,20180320,956,92300,106
55,20180320,957,92200,365
56,20180320,958,92000,322
57,20180320,959,92000,33
58,20180320,1000,91900,78
59,20180320,1001,91900,878
60,20180320,1002,92300,473
61,20180320,1003,92100,63
62,20180320,1004,92000,61
63,20180320,1005,92100,79
64,20180320,1006,92000,123
65,20180320,1007,92100,239
66,20180320,1008,91800,73
67,20180320,1009,91900,268
68,20180320,1010,91900,63
69,20180320,1011,91900,9
70,20180320,1012,91800,76
71,20180320,1013,91800,106
72,20180320,1014,91700,395
73,20180320,1015,91600,92
74,20180320,1016,91600,1748
75,20180320,1017,91400,138
76,20180320,1018,91500,72
77,20180320,1019,91400,100
78,20180320,1020,91400,2332
79,20180320,1021,91200,669
80,20180320,1022,91000,2146
81,20180320,1023,91400,361
82,20180320,1024,91500,451
83,20180320,1025,91300,87
84,20180320,1026,91400,214
85,20180320,1027,91400,216
86,20180320,1028,91400,74
87,20180320,1029,91300,62
88,20180320,1030,91300,59
89,20180320,1031,91300,240
90,20180320,1032,91200,88
91,20180320,1033,91200,417
92,20180320,1034,91300,97
93,20180320,1035,91400,454
94,20180320,1036,91500,1048
95,20180320,1037,92000,246
96,20180320,1038,91400,94
97,20180320,1039,91300,466
98,20180320,1040,91400,438
99,20180320,1041,91500,42
100,20180320,1042,91500,159
101,20180320,1043,91500,134
102,20180320,1044,91600,150
103,20180320,1045,91600,56
104,20180320,1046,91500,119
105,20180320,1047,91600,63
106,20180320,1048,91600,74
107,20180320,1049,91600,62
108,20180320,1050,91600,135
109,20180320,1051,91600,103
110,20180320,1052,91400,2
111,20180320,1053,91300,570
112,20180320,1054,91300,436
113,20180320,1055,91200,62
114,20180320,1056,91300,255
115,20180320,1057,91500,107
116,20180320,1058,91400,41
117,20180320,1059,91400,103
118,20180320,1100,91400,114
119,20180320,1101,91400,185
120,20180320,1102,91400,65
121,20180320,1103,91300,95
122,20180320,1104,91300,8
123,20180320,1105,91300,419
124,20180320,1106,91200,49
125,20180320,1107,91100,91
126,20180320,1108,91200,183
127,20180320,1109,91100,41
128,20180320,1110,91200,228
129,20180320,1111,91100,3981
130,20180320,1112,91100,141
131,20180320,1113,91000,259
132,20180320,1114,91100,74
133,20180320,1115,91100,166
134,20180320,1116,91200,160
135,20180320,1117,91300,83
136,20180320,1118,91100,45
137,20180320,1119,91000,204
138,20180320,1120,91100,208
139,20180320,1121,91000,3175
140,20180320,1122,90800,172
141,20180320,1123,90800,394
142,20180320,1124,90600,164
143,20180320,1125,90700,419
144,20180320,1126,90700,215
145,20180320,1127,90700,150
146,20180320,1128,90600,201
147,20180320,1129,90700,147
148,20180320,1130,90700,118
149,20180320,1131,90800,138
150,20180320,1132,90800,86
151,20180320,1133,90800,43
152,20180320,1134,90700,135
153,20180320,1135,90700,161
154,20180320,1136,90700,139
155,20180320,1137,90700,96
156,20180320,1138,90700,20
157,20180320,1139,90600,64
158,20180320,1140,90600,161
159,20180320,1141,90600,355
160,20180320,1142,90700,102
161,20180320,1143,90700,66
162,20180320,1144,90600,20
163,20180320,1145,90700,123
164,20180320,1146,90600,74
165,20180320,1147,90700,67
166,20180320,1148,90700,63
167,20180320,1149,90600,179
168,20180320,1150,90600,154
169,20180320,1151,90600,159
170,20180320,1152,90600,138
171,20180320,1153,90600,951
172,20180320,1154,90500,69
173,20180320,1155,90500,121
174,20180320,1156,90500,232
175,20180320,1157,90400,311
176,20180320,1158,90500,84
177,20180320,1159,90500,63
178,20180320,1200,90600,649
179,20180320,1201,90800,62
180,20180320,1202,90800,142
181,20180320,1203,90600,101
182,20180320,1204,90700,205
183,20180320,1205,90800,167
184,20180320,1206,90900,1
185,20180320,1207,90800,123
186,20180320,1208,90800,64
187,20180320,1209,90800,61
188,20180320,1210,90800,82
189,20180320,1211,90900,658
190,20180320,1212,90700,198
191,20180320,1213,90800,2
192,20180320,1215,90700,135
193,20180320,1216,90600,249
194,20180320,1217,90600,114
195,20180320,1218,90500,248
196,20180320,1219,90700,85
197,20180320,1220,90600,66
198,20180320,1221,90700,73
199,20180320,1222,90700,177
200,20180320,1223,90600,74
201,20180320,1224,90600,104
202,20180320,1225,90700,1
203,20180320,1226,90600,175
204,20180320,1227,90700,63
205,20180320,1228,90600,162
206,20180320,1229,90600,437
207,20180320,1230,90500,689
208,20180320,1231,90400,412
209,20180320,1232,90300,121
210,20180320,1233,90300,522
211,20180320,1234,90200,205
212,20180320,1235,90300,396
213,20180320,1236,90300,567
214,20180320,1237,90400,1337
215,20180320,1238,90700,325
216,20180320,1239,90700,114
217,20180320,1240,90700,61
218,20180320,1241,90700,128
219,20180320,1242,90700,77
220,20180320,1243,90800,399
221,20180320,1244,90800,114
222,20180320,1245,90800,98
223,20180320,1246,90800,64
224,20180320,1247,90700,95
225,20180320,1248,90800,364
226,20180320,1249,90900,78
227,20180320,1250,90900,156
228,20180320,1251,91000,61
229,20180320,1252,91100,358
230,20180320,1253,91100,99
231,20180320,1254,91000,61
232,20180320,1255,91100,68
233,20180320,1256,91000,134
234,20180320,1257,91100,44
235,20180320,1258,91000,39
236,20180320,1259,90800,138
237,20180320,1300,90800,294
238,20180320,1301,91000,171
239,20180320,1302,91000,2
240,20180320,1303,90900,637
241,20180320,1304,90900,12
242,20180320,1305,90800,3355
243,20180320,1306,90500,51
244,20180320,1307,90500,116
245,20180320,1308,90500,145
246,20180320,1309,90600,65
247,20180320,1310,90700,4
248,20180320,1311,90600,428
249,20180320,1312,90700,153
250,20180320,1313,90900,201
251,20180320,1314,91000,458
252,20180320,1315,91200,1023
253,20180320,1316,91500,978
254,20180320,1317,91800,112
255,20180320,1318,91700,124
256,20180320,1319,91700,81
257,20180320,1320,91900,6
258,20180320,1321,91800,397
259,20180320,1322,91600,75
260,20180320,1323,91600,5
261,20180320,1324,91700,39
262,20180320,1325,91600,67
263,20180320,1326,91700,16
264,20180320,1327,91600,84
265,20180320,1328,91700,5
266,20180320,1329,91600,62
267,20180320,1330,91600,146
268,20180320,1331,91600,738
269,20180320,1332,91900,340
270,20180320,1333,91900,1939
271,20180320,1334,92100,46
272,20180320,1335,91900,5
273,20180320,1336,91900,69
274,20180320,1337,91900,544
275,20180320,1338,92100,222
276,20180320,1339,92000,34
277,20180320,1340,91900,4002
278,20180320,1341,92900,1565
279,20180320,1342,92300,75
280,20180320,1343,92300,16
281,20180320,1344,92400,157
282,20180320,1345,92400,117
283,20180320,1346,92500,137
284,20180320,1347,92300,846
285,20180320,1348,92100,177
286,20180320,1349,92000,2
287,20180320,1350,92100,3
288,20180320,1351,92000,64
289,20180320,1352,92000,13
290,20180320,1353,92100,124
291,20180320,1354,92000,3
292,20180320,1355,92100,66
293,20180320,1356,92000,520
294,20180320,1357,91900,8
295,20180320,1358,91900,1
296,20180320,1359,91900,557
297,20180320,1400,91800,267
298,20180320,1401,91700,225
299,20180320,1402,91800,62
300,20180320,1403,91700,41
301,20180320,1404,91800,232
302,20180320,1405,91900,63
303,20180320,1406,91800,1810
304,20180320,1407,92400,262
305,20180320,1408,92300,48
306,20180320,1409,92100,128
307,20180320,1410,92400,123
308,20180320,1411,92100,270
309,20180320,1412,92400,98
310,20180320,1413,92400,4
311,20180320,1414,92400,874
312,20180320,1415,92200,259
313,20180320,1416,92300,66
314,20180320,1417,92400,139
315,20180320,1418,92300,57
316,20180320,1419,92300,1
317,20180320,1420,92400,5
318,20180320,1421,92400,63
319,20180320,1422,92300,280
320,20180320,1423,92400,639
321,20180320,1424,92500,129
322,20180320,1425,92600,184
323,20180320,1426,92500,239
324,20180320,1427,92600,37
325,20180320,1428,92700,66
326,20180320,1429,92700,4
327,20180320,1430,92600,129
328,20180320,1431,92600,36
329,20180320,1432,92700,118
330,20180320,1433,92600,13
331,20180320,1434,92700,131
332,20180320,1435,92700,58
333,20180320,1436,92700,735
334,20180320,1437,92700,46
335,20180320,1438,92600,26
336,20180320,1439,92700,122
337,20180320,1440,92600,32
338,20180320,1441,92600,373
339,20180320,1442,92600,39
340,20180320,1443,92600,105
341,20180320,1444,92600,18
342,20180320,1445,92600,26
343,20180320,1446,92600,11
344,20180320,1447,92500,74
345,20180320,1448,92500,100
346,20180320,1449,92500,404
347,20180320,1450,92500,296
348,20180320,1451,92500,1072
349,20180320,1452,92700,60
350,20180320,1453,92700,8
351,20180320,1454,92800,829
352,20180320,1455,92800,222
353,20180320,1456,92900,152
354,20180320,1457,92800,615
355,20180320,1458,92800,68
356,20180320,1459,92800,23
357,20180320,1500,92800,713
358,20180320,1501,92900,49
359,20180320,1502,92800,86
360,20180320,1503,92800,55
361,20180320,1504,92700,46
362,20180320,1505,92800,76
363,20180320,1506,92800,1
364,20180320,1507,92800,14
365,20180320,1508,92700,752
366,20180320,1509,92900,69
367,20180320,1510,92900,6
368,20180320,1511,92800,93
369,20180320,1512,92800,112
370,20180320,1513,92800,65
371,20180320,1514,92700,1
372,20180320,1515,92800,196
373,20180320,1516,92800,62
374,20180320,1517,92800,129
375,20180320,1518,92700,26
376,20180320,1519,92800,507
377,20180320,1520,92700,44
378,20180320,1530,92600,6077
379,20180321,901,91800,1284
380,20180321,902,92600,154
381,20180321,903,92500,104
382,20180321,904,92100,204
383,20180321,905,92000,108
384,20180321,906,92100,270
385,20180321,907,92200,181
386,20180321,908,92200,736
387,20180321,909,92200,290
388,20180321,910,92200,132
389,20180321,911,92100,50
390,20180321,912,92000,1956
391,20180321,913,92900,368
392,20180321,914,92700,37
393,20180321,915,92600,62
394,20180321,916,92700,439
395,20180321,917,93000,330
396,20180321,918,93100,159
397,20180321,919,93100,403
398,20180321,920,93200,418
399,20180321,921,92900,23
400,20180321,922,92900,51
401,20180321,923,92900,600
402,20180321,924,93000,16
403,20180321,925,92900,10
404,20180321,926,92900,42
405,20180321,927,92900,574
406,20180321,928,92800,89
407,20180321,929,92600,42
408,20180321,930,92600,22
409,20180321,931,92600,156
410,20180321,932,92500,154
411,20180321,933,92700,131
412,20180321,934,92400,225
413,20180321,935,92500,115
414,20180321,936,92400,28
415,20180321,937,92500,45
416,20180321,938,92500,902
417,20180321,939,92800,89
418,20180321,940,92700,66
419,20180321,941,92600,27
420,20180321,942,92600,120
421,20180321,943,92600,11
422,20180321,944,92600,58
423,20180321,945,92600,11
424,20180321,946,92700,451
425,20180321,947,92600,145
426,20180321,948,92700,316
427,20180321,949,92700,33
428,20180321,950,92700,216
429,20180321,951,92700,23
430,20180321,952,92900,15
431,20180321,953,92800,65
432,20180321,954,92900,414
433,20180321,955,92800,247
434,20180321,956,92800,123
435,20180321,957,92800,92
436,20180321,958,92800,75
437,20180321,959,92800,19
438,20180321,1000,92800,44
439,20180321,1001,92800,99
440,20180321,1002,92900,91
441,20180321,1003,93000,3224
442,20180321,1004,93400,72
443,20180321,1005,93500,198
444,20180321,1006,93300,27
445,20180321,1007,93100,177
446,20180321,1008,93100,46
447,20180321,1009,93100,77
448,20180321,1010,93200,309
449,20180321,1011,93200,52
450,20180321,1012,93200,33
451,20180321,1013,93300,165
452,20180321,1014,93200,48
453,20180321,1015,93200,484
454,20180321,1016,93200,76
455,20180321,1017,93100,64
456,20180321,1018,93100,39
457,20180321,1019,93100,51
458,20180321,1020,93200,155
459,20180321,1021,93200,56
460,20180321,1022,93200,170
461,20180321,1023,93200,900
462,20180321,1024,93500,342
463,20180321,1025,93400,51
464,20180321,1026,93500,248
465,20180321,1027,93500,64
466,20180321,1028,93500,109
467,20180321,1029,93400,186
468,20180321,1030,93300,69
469,20180321,1031,93400,165
470,20180321,1032,93400,92
471,20180321,1033,93300,65
472,20180321,1034,93300,11
473,20180321,1035,93300,60
474,20180321,1036,93300,450
475,20180321,1037,93500,2028
476,20180321,1038,93800,2053
477,20180321,1039,94000,4874
478,20180321,1040,94300,663
479,20180321,1041,94000,237
480,20180321,1042,94200,351
481,20180321,1043,94100,767
482,20180321,1044,94000,590
483,20180321,1045,94000,368
484,20180321,1046,94000,504
485,20180321,1047,94000,313
486,20180321,1048,94000,31
487,20180321,1049,94000,309
488,20180321,1050,94100,184
489,20180321,1051,94000,74
490,20180321,1052,94100,264
491,20180321,1053,94000,118
492,20180321,1054,93900,56
493,20180321,1055,94000,69
494,20180321,1056,94000,438
495,20180321,1057,94000,230
496,20180321,1058,93800,128
497,20180321,1059,93900,55
498,20180321,1100,94000,853
499,20180321,1101,93900,47
500,20180321,1102,94000,742
501,20180321,1103,94000,533
502,20180321,1104,94000,89
503,20180321,1105,93900,26
504,20180321,1106,94000,272
505,20180321,1107,94000,140
506,20180321,1108,94000,233
507,20180321,1109,94000,371
508,20180321,1110,94000,90
509,20180321,1111,93900,152
510,20180321,1112,93900,31
511,20180321,1113,93900,70
512,20180321,1114,93900,126
513,20180321,1115,93900,342
514,20180321,1116,94000,92
515,20180321,1117,94100,446
516,20180321,1118,94000,44
517,20180321,1119,94000,344
518,20180321,1120,93900,141
519,20180321,1121,93900,297
520,20180321,1122,94000,512
521,20180321,1123,94100,144
522,20180321,1124,94100,649
523,20180321,1125,94200,778
524,20180321,1126,94300,431
525,20180321,1127,94300,704
526,20180321,1128,94400,255
527,20180321,1129,94400,158
528,20180321,1130,94300,26
529,20180321,1131,94300,149
530,20180321,1132,94300,501
531,20180321,1133,94100,460
532,20180321,1134,94300,183
533,20180321,1135,94300,1780
534,20180321,1136,94600,833
535,20180321,1137,94600,150
536,20180321,1138,94800,84
537,20180321,1139,94700,66
538,20180321,1140,94800,290
539,20180321,1141,94700,534
540,20180321,1142,94600,106
541,20180321,1143,94600,254
542,20180321,1144,94600,218
543,20180321,1145,94600,53
544,20180321,1146,94800,662
545,20180321,1147,94900,1122
546,20180321,1148,95000,374
547,20180321,1149,94900,79
548,20180321,1150,94900,688
549,20180321,1151,94900,232
550,20180321,1152,94900,318
551,20180321,1153,94800,220
552,20180321,1154,94900,70
553,20180321,1155,94900,83
554,20180321,1156,94800,197
555,20180321,1157,94800,66
556,20180321,1158,94900,355
557,20180321,1159,94800,128
558,20180321,1200,94700,108
559,20180321,1201,94800,56
560,20180321,1202,94700,506
561,20180321,1203,94700,389
562,20180321,1204,94700,861
563,20180321,1205,94700,37
564,20180321,1206,94700,99
565,20180321,1207,94700,219
566,20180321,1208,94800,88
567,20180321,1209,94700,99
568,20180321,1210,94800,217
569,20180321,1211,94700,155
570,20180321,1212,94700,123
571,20180321,1213,94800,82
572,20180321,1214,94700,118
573,20180321,1215,94700,366
574,20180321,1216,94600,116
575,20180321,1217,94700,312
576,20180321,1218,94800,547
577,20180321,1219,94700,37
578,20180321,1220,94800,102
579,20180321,1221,94800,69
580,20180321,1222,94600,215
581,20180321,1223,94800,29
582,20180321,1224,94800,134
583,20180321,1225,94800,129
584,20180321,1226,94800,381
585,20180321,1227,94800,2372
586,20180321,1228,94500,366
587,20180321,1229,94600,325
588,20180321,1230,94700,495
589,20180321,1231,94700,1552
590,20180321,1232,94500,103
591,20180321,1233,94500,75
592,20180321,1234,94500,103
593,20180321,1235,94600,62
594,20180321,1236,94500,58
595,20180321,1237,94500,1300
596,20180321,1238,94300,305
597,20180321,1239,94500,87
598,20180321,1240,94600,48
599,20180321,1241,94500,87
600,20180321,1242,94500,128
601,20180321,1243,94600,51
602,20180321,1244,94500,131
603,20180321,1245,94500,198
604,20180321,1246,94600,115
605,20180321,1247,94500,20
606,20180321,1248,94500,1161
607,20180321,1249,94600,118
608,20180321,1250,94600,37
609,20180321,1251,94600,84
610,20180321,1252,94500,123
611,20180321,1253,94500,40
612,20180321,1254,94500,16
613,20180321,1255,94600,63
614,20180321,1256,94500,82
615,20180321,1257,94600,63
616,20180321,1258,94500,34
617,20180321,1259,94600,1011
618,20180321,1300,94500,127
619,20180321,1301,94500,108
620,20180321,1302,94500,16
621,20180321,1303,94500,68
622,20180321,1304,94500,126
623,20180321,1305,94400,74
624,20180321,1306,94400,2407
625,20180321,1307,94300,577
626,20180321,1308,94300,220
627,20180321,1309,94300,286
628,20180321,1310,94400,193
629,20180321,1311,94400,196
630,20180321,1312,94300,71
631,20180321,1313,94400,124
632,20180321,1314,94500,148
633,20180321,1315,94400,606
634,20180321,1316,94500,566
635,20180321,1317,94600,189
636,20180321,1318,94500,582
637,20180321,1319,94400,249
638,20180321,1320,94500,828
639,20180321,1321,94300,191
640,20180321,1322,94400,987
641,20180321,1323,94400,434
642,20180321,1324,94400,179
643,20180321,1325,94300,183
644,20180321,1326,94400,357
645,20180321,1327,94300,302
646,20180321,1328,94400,79
647,20180321,1329,94300,163
648,20180321,1330,94500,692
649,20180321,1331,94400,381
650,20180321,1332,94300,134
651,20180321,1333,94300,171
652,20180321,1334,94300,800
653,20180321,1335,94400,371
654,20180321,1336,94400,249
655,20180321,1337,94400,169
656,20180321,1338,94500,229
657,20180321,1339,94400,123
658,20180321,1340,94400,77
659,20180321,1341,94400,1214
660,20180321,1342,94300,112
661,20180321,1343,94300,183
662,20180321,1344,94300,86
663,20180321,1345,94400,308
664,20180321,1346,94300,127
665,20180321,1347,94300,644
666,20180321,1348,94400,556
667,20180321,1349,94400,536
668,20180321,1350,94400,393
669,20180321,1351,94300,122
670,20180321,1352,94300,320
671,20180321,1353,94400,296
672,20180321,1354,94400,85
673,20180321,1355,94400,160
674,20180321,1356,94400,137
675,20180321,1357,94500,307
676,20180321,1358,94300,45
677,20180321,1359,94400,245
678,20180321,1400,94300,1842
679,20180321,1401,94300,490
680,20180321,1402,94300,384
681,20180321,1403,94300,132
682,20180321,1404,94400,178
683,20180321,1405,94200,447
684,20180321,1406,94300,229
685,20180321,1407,94300,422
686,20180321,1408,94300,423
687,20180321,1409,94400,14973
688,20180321,1410,95100,1791
689,20180321,1411,95000,618
690,20180321,1412,95100,171
691,20180321,1413,95000,133
692,20180321,1414,95100,364
693,20180321,1415,95000,560
694,20180321,1416,95200,1116
695,20180321,1417,95300,548
696,20180321,1418,95300,641
697,20180321,1419,95300,139
698,20180321,1420,95400,1115
699,20180321,1421,95400,148
700,20180321,1422,95500,655
701,20180321,1423,95500,1114
702,20180321,1424,95600,804
703,20180321,1425,95400,228
704,20180321,1426,95400,355
705,20180321,1427,95500,227
706,20180321,1428,95500,752
707,20180321,1429,95500,3713
708,20180321,1430,95900,2020
709,20180321,1431,95800,261
710,20180321,1432,95900,740
711,20180321,1433,96000,581
712,20180321,1434,95900,589
713,20180321,1435,96000,594
714,20180321,1436,95900,1578
715,20180321,1437,95800,372
716,20180321,1438,95900,185
717,20180321,1439,96000,359
718,20180321,1440,96000,2174
719,20180321,1441,96000,324
720,20180321,1442,96100,294
721,20180321,1443,96100,1314
722,20180321,1444,96100,486
723,20180321,1445,96000,273
724,20180321,1446,96100,426
725,20180321,1447,95900,296
726,20180321,1448,96100,223
727,20180321,1449,96000,1301
728,20180321,1450,95900,814
729,20180321,1451,96000,908
730,20180321,1452,95700,676
731,20180321,1453,95800,208
732,20180321,1454,95900,521
733,20180321,1455,95900,288
734,20180321,1456,96000,334
735,20180321,1457,96000,465
736,20180321,1458,96000,272
737,20180321,1459,96000,2039
738,20180321,1500,96100,329
739,20180321,1501,96000,106
740,20180321,1502,96100,448
741,20180321,1503,96000,122
742,20180321,1504,96100,305
743,20180321,1505,96100,179
744,20180321,1506,96000,822
745,20180321,1507,96100,137
746,20180321,1508,96000,138
747,20180321,1509,96000,1046
748,20180321,1510,96000,241
749,20180321,1511,96000,285
750,20180321,1512,96100,221
751,20180321,1513,96100,665
752,20180321,1514,96200,1436
753,20180321,1515,95900,475
754,20180321,1516,96000,200
755,20180321,1517,96000,210
756,20180321,1518,96000,446
757,20180321,1519,96000,149
758,20180321,1520,96100,3198
759,20180321,1530,96200,4379
760,20180322,901,96000,2134
761,20180322,902,95900,164
762,20180322,903,95600,270
763,20180322,904,95400,526
764,20180322,905,95800,910
765,20180322,906,96000,1381
766,20180322,907,96100,1936
767,20180322,908,95700,163
768,20180322,909,95600,165
769,20180322,910,95600,304
770,20180322,911,95400,166
771,20180322,912,95300,1212
772,20180322,913,95800,91
773,20180322,914,95700,36
774,20180322,915,95800,1084
775,20180322,916,96300,696
776,20180322,917,96400,1701
777,20180322,918,96600,299
778,20180322,919,96500,59
779,20180322,920,96400,142
780,20180322,921,96400,302
781,20180322,922,96400,156
782,20180322,923,96500,330
783,20180322,924,96300,47
784,20180322,925,96300,534
785,20180322,926,95800,1568
786,20180322,927,95900,1150
787,20180322,928,95800,971
788,20180322,929,95700,489
789,20180322,930,96000,33
790,20180322,931,96000,313
791,20180322,932,95700,234
792,20180322,933,95900,62
793,20180322,934,95900,592
794,20180322,935,96200,742
795,20180322,936,96400,173
796,20180322,937,96400,1126
797,20180322,938,96700,20
798,20180322,939,96700,316
799,20180322,940,96600,140
800,20180322,941,96500,409
801,20180322,942,96500,460
802,20180322,943,96600,526
803,20180322,944,96600,100
804,20180322,945,96700,826
805,20180322,946,96800,1428
806,20180322,947,97200,295
807,20180322,948,97100,277
808,20180322,949,97100,539
809,20180322,950,96800,46
810,20180322,951,96700,942
811,20180322,952,96500,158
812,20180322,953,96600,925
813,20180322,954,96400,26
814,20180322,955,96300,296
815,20180322,956,96300,106
816,20180322,957,96300,32
817,20180322,958,96300,517
818,20180322,959,96400,306
819,20180322,1000,96400,112
820,20180322,1001,96300,753
821,20180322,1002,96300,743
822,20180322,1003,96400,501
823,20180322,1004,96500,182
824,20180322,1005,96300,8
825,20180322,1006,96300,416
826,20180322,1007,96100,29
827,20180322,1008,96200,410
828,20180322,1009,96000,222
829,20180322,1010,96000,338
830,20180322,1011,96000,34
831,20180322,1012,96000,604
832,20180322,1013,95900,67
833,20180322,1014,95900,66
834,20180322,1015,95900,419
835,20180322,1016,96000,102
836,20180322,1017,95900,81
837,20180322,1018,95900,33
838,20180322,1019,95900,25
839,20180322,1020,95900,47
840,20180322,1021,95900,37
841,20180322,1022,95800,67
842,20180322,1023,95900,830
843,20180322,1024,96100,120
844,20180322,1025,96300,158
845,20180322,1026,96100,161
846,20180322,1027,96100,361
847,20180322,1028,96000,5
848,20180322,1029,95900,23
849,20180322,1030,95900,11
850,20180322,1031,95900,125
851,20180322,1032,95800,41
852,20180322,1033,95800,152
853,20180322,1034,95900,16
854,20180322,1035,95900,66
855,20180322,1036,95900,664
856,20180322,1037,95700,187
857,20180322,1038,95800,27
858,20180322,1039,95800,568
859,20180322,1040,96000,257
860,20180322,1041,96000,36
861,20180322,1042,96000,195
862,20180322,1043,96000,207
863,20180322,1044,96000,44
864,20180322,1045,95900,644
865,20180322,1046,95900,177
866,20180322,1047,96000,213
867,20180322,1048,95900,97
868,20180322,1049,95900,114
869,20180322,1050,95900,153
870,20180322,1051,96000,82
871,20180322,1052,96000,12
872,20180322,1053,96000,120
873,20180322,1054,95800,434
874,20180322,1055,95700,28
875,20180322,1056,95600,476
876,20180322,1057,95600,401
877,20180322,1058,95700,340
878,20180322,1059,95500,30
879,20180322,1100,95600,56
880,20180322,1101,95600,128
881,20180322,1102,95500,79
882,20180322,1103,95500,740
883,20180322,1104,95800,134
884,20180322,1105,95600,108
885,20180322,1106,95600,148
886,20180322,1107,95400,101
887,20180322,1108,95500,113
888,20180322,1109,95500,319
889,20180322,1110,95400,3
890,20180322,1111,95400,256
891,20180322,1112,95500,118
892,20180322,1113,95900,1051
893,20180322,1114,95500,724
894,20180322,1115,95400,240
895,20180322,1116,95400,813
896,20180322,1117,95300,334
897,20180322,1118,95400,270
898,20180322,1119,95400,363
899,20180322,1120,95500,152
900,20180322,1121,95500,9
901,20180322,1122,95500,669
902,20180322,1123,95800,52
903,20180322,1124,95800,215
904,20180322,1125,95500,191
905,20180322,1126,95600,138
906,20180322,1127,95600,226
907,20180322,1128,95600,32
908,20180322,1129,95700,89
909,20180322,1130,95800,34
910,20180322,1132,95700,52
911,20180322,1133,95600,126
912,20180322,1134,95600,35
913,20180322,1135,95600,144
914,20180322,1136,95600,73
915,20180322,1137,95500,238
916,20180322,1138,95500,172
917,20180322,1139,95500,35
918,20180322,1140,95500,62
919,20180322,1141,95500,143
920,20180322,1142,95500,2
921,20180322,1143,95500,350
922,20180322,1144,95800,58
923,20180322,1145,95800,86
924,20180322,1146,95800,242
925,20180322,1147,95800,2
926,20180322,1148,95700,568
927,20180322,1149,95400,156
928,20180322,1150,95500,1
929,20180322,1151,95500,192
930,20180322,1152,95500,79
931,20180322,1153,95500,154
932,20180322,1154,95600,115
933,20180322,1156,95500,64
934,20180322,1157,95400,119
935,20180322,1158,95500,34
936,20180322,1159,95600,73
937,20180322,1200,95500,41
938,20180322,1201,95500,371
939,20180322,1202,95600,80
940,20180322,1203,95500,76
941,20180322,1204,95600,43
942,20180322,1205,95500,251
943,20180322,1206,95600,112
944,20180322,1207,95700,124
945,20180322,1208,95600,104
946,20180322,1209,95600,32
947,20180322,1210,95500,208
948,20180322,1211,95400,42
949,20180322,1212,95400,210
950,20180322,1213,95300,10
951,20180322,1214,95400,27
952,20180322,1215,95300,179
953,20180322,1216,95400,68
954,20180322,1217,95300,104
955,20180322,1218,95400,407
956,20180322,1219,95300,6
957,20180322,1220,95400,88
958,20180322,1221,95300,36
959,20180322,1222,95300,98
960,20180322,1223,95300,174
961,20180322,1224,95300,54
962,20180322,1225,95400,38
963,20180322,1226,95400,128
964,20180322,1227,95300,302
965,20180322,1228,95500,133
966,20180322,1229,95500,4
967,20180322,1230,95500,35
968,20180322,1231,95500,173
969,20180322,1232,95500,23
970,20180322,1233,95500,32
971,20180322,1234,95400,185
972,20180322,1235,95500,36
973,20180322,1236,95400,113
974,20180322,1237,95400,209
975,20180322,1238,95400,97
976,20180322,1239,95300,325
977,20180322,1240,95600,20
978,20180322,1241,95600,270
979,20180322,1242,95500,368
980,20180322,1243,95300,114
981,20180322,1244,95400,233
982,20180322,1245,95400,124
983,20180322,1246,95400,186
984,20180322,1247,95400,325
985,20180322,1248,95200,118
986,20180322,1249,95300,225
987,20180322,1250,95300,383
988,20180322,1251,95200,49
989,20180322,1252,95200,154
990,20180322,1253,95200,34
991,20180322,1254,95200,104
992,20180322,1255,95200,193
993,20180322,1256,95100,167
994,20180322,1257,95200,32
995,20180322,1258,95100,246
996,20180322,1259,95200,13
997,20180322,1300,95200,187
998,20180322,1301,95100,148
999,20180322,1302,95200,25
1000,20180322,1303,95100,302
1001,20180322,1304,95200,207
1002,20180322,1305,95100,321
1003,20180322,1306,95100,152
1004,20180322,1307,95100,141
1005,20180322,1308,95100,142
1006,20180322,1309,95000,655
1007,20180322,1310,94900,103
1008,20180322,1311,94900,2185
1009,20180322,1312,94800,332
1010,20180322,1313,94700,176
1011,20180322,1314,94700,189
1012,20180322,1315,94600,251
1013,20180322,1316,94800,880
1014,20180322,1317,94900,270
1015,20180322,1318,95000,616
1016,20180322,1319,95200,421
1017,20180322,1320,95400,443
1018,20180322,1321,95300,420
1019,20180322,1322,95300,48
1020,20180322,1323,95300,236
1021,20180322,1324,95300,296
1022,20180322,1325,95300,377
1023,20180322,1326,95200,179
1024,20180322,1327,95300,193
1025,20180322,1328,95200,67
1026,20180322,1329,95100,109
1027,20180322,1330,95000,191
1028,20180322,1331,95000,259
1029,20180322,1332,95100,419
1030,20180322,1333,95200,98
1031,20180322,1334,95200,287
1032,20180322,1335,95100,124
1033,20180322,1336,95000,538
1034,20180322,1337,95300,201
1035,20180322,1338,95300,226
1036,20180322,1339,95200,101
1037,20180322,1340,95300,205
1038,20180322,1341,95300,261
1039,20180322,1342,95200,109
1040,20180322,1343,95200,204
1041,20180322,1344,95200,24
1042,20180322,1345,95200,580
1043,20180322,1346,95200,22
1044,20180322,1347,95300,216
1045,20180322,1348,95400,142
1046,20180322,1349,95400,142
1047,20180322,1350,95500,437
1048,20180322,1351,95400,144
1049,20180322,1352,95500,195
1050,20180322,1353,95500,272
1051,20180322,1354,95600,175
1052,20180322,1355,95500,19
1053,20180322,1356,95500,257
1054,20180322,1357,95400,87
1055,20180322,1358,95500,185
1056,20180322,1359,95400,322
1057,20180322,1400,95500,26
1058,20180322,1401,95400,442
1059,20180322,1402,95400,267
1060,20180322,1403,95400,399
1061,20180322,1404,95300,195
1062,20180322,1405,95400,153
1063,20180322,1406,95400,977
1064,20180322,1407,95400,116
1065,20180322,1408,95500,74
1066,20180322,1409,95600,183
1067,20180322,1410,95500,285
1068,20180322,1411,95600,500
1069,20180322,1412,95600,371
1070,20180322,1413,95600,41
1071,20180322,1414,95600,388
1072,20180322,1415,95500,110
1073,20180322,1416,95600,165
1074,20180322,1417,95500,233
1075,20180322,1418,95600,12
1076,20180322,1419,95500,363
1077,20180322,1420,95500,708
1078,20180322,1421,95200,530
1079,20180322,1422,95200,445
1080,20180322,1423,95100,672
1081,20180322,1424,95200,319
1082,20180322,1425,95200,225
1083,20180322,1426,95100,81
1084,20180322,1427,95200,171
1085,20180322,1428,95000,263
1086,20180322,1429,95100,453
1087,20180322,1430,95200,853
1088,20180322,1431,95100,608
1089,20180322,1432,94800,1832
1090,20180322,1433,94200,1254
1091,20180322,1434,93800,892
1092,20180322,1435,93800,382
1093,20180322,1436,93700,661
1094,20180322,1437,93700,1528
1095,20180322,1438,93300,1259
1096,20180322,1439,93100,1495
1097,20180322,1440,94300,4702
1098,20180322,1441,94600,3343
1099,20180322,1442,93900,1361
1100,20180322,1443,94200,222
1101,20180322,1444,94100,784
1102,20180322,1445,94000,255
1103,20180322,1446,94000,1504
1104,20180322,1447,94100,568
1105,20180322,1448,93800,523
1106,20180322,1449,93500,1594
1107,20180322,1450,93600,2297
1108,20180322,1451,93500,109
1109,20180322,1452,93400,447
1110,20180322,1453,93500,634
1111,20180322,1454,93700,303
1112,20180322,1455,93800,310
1113,20180322,1456,93700,210
1114,20180322,1457,93700,265
1115,20180322,1458,93600,403
1116,20180322,1459,93700,610
1117,20180322,1500,93700,599
1118,20180322,1501,93900,530
1119,20180322,1502,93800,575
1120,20180322,1503,93700,302
1121,20180322,1504,93800,373
1122,20180322,1505,93700,364
1123,20180322,1506,93800,160
1124,20180322,1507,93800,284
1125,20180322,1508,93700,273
1126,20180322,1509,93700,126
1127,20180322,1510,93700,172
1128,20180322,1511,93800,120
1129,20180322,1512,93700,442
1130,20180322,1513,93600,673
1131,20180322,1514,93600,221
1132,20180322,1515,93500,166
1133,20180322,1516,93500,223
1134,20180322,1517,93500,412
1135,20180322,1518,93400,120
1136,20180322,1519,93400,503
1137,20180322,1520,93400,605
1138,20180322,1530,93500,4761
0,20180323,901,90300,1436
1,20180323,902,90500,571
2,20180323,903,91400,489
3,20180323,904,91100,476
4,20180323,905,91100,634
5,20180323,906,91100,773
6,20180323,907,91200,884
7,20180323,908,91200,264
8,20180323,909,91100,576
9,20180323,910,91000,167
10,20180323,911,90900,414
11,20180323,912,90900,1400
12,20180323,913,90900,2540
13,20180323,914,90900,141
14,20180323,915,90900,2564
15,20180323,916,90700,952
16,20180323,917,90800,2647
17,20180323,918,91100,1087
18,20180323,919,91700,75
19,20180323,920,91700,65
20,20180323,921,91800,130
21,20180323,922,91800,72
22,20180323,923,91900,93
23,20180323,924,91900,202
24,20180323,925,92000,609
25,20180323,926,91900,1061
26,20180323,927,91700,691
27,20180323,928,91800,124
28,20180323,929,91700,535
29,20180323,930,91700,360
30,20180323,931,91600,850
31,20180323,932,91800,454
32,20180323,933,91700,327
33,20180323,934,91500,2171
34,20180323,935,91500,501
35,20180323,936,91700,467
36,20180323,937,92000,322
37,20180323,938,91700,120
38,20180323,939,91900,270
39,20180323,940,92000,66
40,20180323,941,91900,160
41,20180323,942,91900,196
42,20180323,943,91800,56
43,20180323,944,91800,61
44,20180323,945,91900,437
45,20180323,946,91900,251
46,20180323,947,91900,1360
47,20180323,948,91700,132
48,20180323,949,91700,405
49,20180323,950,91800,76
50,20180323,951,91800,199
51,20180323,952,91700,298
52,20180323,953,91700,128
53,20180323,954,91700,985
54,20180323,955,91600,2073
55,20180323,956,91500,954
56,20180323,957,91700,73
57,20180323,958,91600,30
58,20180323,959,91600,346
59,20180323,1000,91600,567
60,20180323,1001,91500,154
61,20180323,1002,91600,105
62,20180323,1003,91600,138
63,20180323,1004,91600,146
64,20180323,1005,91600,320
65,20180323,1006,91600,398
66,20180323,1007,91700,25
67,20180323,1008,91600,167
68,20180323,1009,91700,143
69,20180323,1010,91600,2008
70,20180323,1011,91200,131
71,20180323,1012,91200,620
72,20180323,1013,91200,4605
73,20180323,1014,90800,663
74,20180323,1015,90700,1208
75,20180323,1016,91000,33
76,20180323,1017,91100,86
77,20180323,1018,91200,37
78,20180323,1019,91100,2343
79,20180323,1020,90800,34
80,20180323,1021,90800,45
81,20180323,1022,90800,41
82,20180323,1023,90900,389
83,20180323,1024,90800,32
84,20180323,1025,90900,322
85,20180323,1026,90700,227
86,20180323,1027,90800,87
87,20180323,1028,90900,115
88,20180323,1029,90900,25
89,20180323,1030,90900,302
90,20180323,1031,90900,180
91,20180323,1032,90900,11
92,20180323,1033,90900,47
93,20180323,1034,90900,70
94,20180323,1035,91000,438
95,20180323,1036,91100,43
96,20180323,1037,91200,95
97,20180323,1038,91200,390
98,20180323,1039,91000,679
99,20180323,1040,91200,214
100,20180323,1041,91500,353
101,20180323,1042,91400,426
102,20180323,1043,91100,228
103,20180323,1044,91200,428
104,20180323,1045,91100,1004
105,20180323,1046,91000,1468
106,20180323,1047,91000,92
107,20180323,1048,91100,274
108,20180323,1049,91300,88
109,20180323,1050,91200,142
110,20180323,1051,91200,367
111,20180323,1052,91100,232
112,20180323,1053,91000,26
113,20180323,1054,91000,82
114,20180323,1055,91100,231
115,20180323,1056,91100,120
116,20180323,1057,91000,395
117,20180323,1058,90900,163
118,20180323,1059,91000,621
119,20180323,1100,91200,77
120,20180323,1101,91100,124
121,20180323,1102,91100,172
122,20180323,1103,91200,146
123,20180323,1104,91300,403
124,20180323,1105,91200,15
125,20180323,1106,91300,83
126,20180323,1107,91300,45
127,20180323,1108,91200,706
128,20180323,1109,91400,124
129,20180323,1110,91300,61
130,20180323,1111,91300,58
131,20180323,1112,91300,62
132,20180323,1113,91300,102
133,20180323,1114,91300,582
134,20180323,1115,91200,150
135,20180323,1116,91100,63
136,20180323,1117,91100,33
137,20180323,1118,91100,83
138,20180323,1119,91200,208
139,20180323,1120,91200,417
140,20180323,1121,91300,232
141,20180323,1122,91400,114
142,20180323,1123,91400,40
143,20180323,1124,91400,56
144,20180323,1125,91400,187
145,20180323,1126,91300,863
146,20180323,1127,91300,201
147,20180323,1128,91300,73
148,20180323,1129,91200,26
149,20180323,1130,91200,79
150,20180323,1131,91300,182
151,20180323,1132,91200,35
152,20180323,1133,91200,80
153,20180323,1134,91200,80
154,20180323,1135,91200,719
155,20180323,1136,91200,809
156,20180323,1137,91200,192
157,20180323,1138,91200,10
158,20180323,1139,91200,149
159,20180323,1140,91300,21
160,20180323,1141,91300,191
161,20180323,1142,91300,85
162,20180323,1143,91200,42
163,20180323,1144,91300,50
164,20180323,1145,91200,224
165,20180323,1146,91300,67
166,20180323,1147,91200,36
167,20180323,1148,91200,343
168,20180323,1149,91300,95
169,20180323,1150,91300,18
170,20180323,1151,91300,350
171,20180323,1152,91300,317
172,20180323,1153,91300,32
173,20180323,1154,91300,149
174,20180323,1155,91200,33
175,20180323,1156,91200,170
176,20180323,1157,91300,164
177,20180323,1158,91200,17
178,20180323,1159,91200,505
179,20180323,1200,91100,47
180,20180323,1201,91100,178
181,20180323,1202,91100,196
182,20180323,1203,91000,68
183,20180323,1204,91100,1232
184,20180323,1205,91400,308
185,20180323,1206,91400,55
186,20180323,1207,91300,14
187,20180323,1208,91200,37
188,20180323,1209,91200,34
189,20180323,1210,91300,81
190,20180323,1211,91200,45
191,20180323,1212,91300,125
192,20180323,1213,91300,124
193,20180323,1214,91200,168
194,20180323,1215,91200,47
195,20180323,1216,91100,10
196,20180323,1217,91200,237
197,20180323,1218,91100,116
198,20180323,1219,91200,37
199,20180323,1220,91200,85
200,20180323,1221,91200,322
201,20180323,1222,91000,46
202,20180323,1223,91100,106
203,20180323,1224,91100,40
204,20180323,1225,91100,63
205,20180323,1226,91000,70
206,20180323,1227,91100,201
207,20180323,1228,91100,41
208,20180323,1229,91000,105
209,20180323,1230,91100,237
210,20180323,1231,91000,375
211,20180323,1232,91100,231
212,20180323,1233,91000,68
213,20180323,1234,91100,96
214,20180323,1235,91100,98
215,20180323,1236,91100,1375
216,20180323,1237,90900,58
217,20180323,1238,91000,258
218,20180323,1239,91000,167
219,20180323,1240,90900,78
220,20180323,1241,91000,636
221,20180323,1242,91000,63
222,20180323,1243,90900,350
223,20180323,1244,91000,135
224,20180323,1245,90900,251
225,20180323,1246,91000,111
226,20180323,1247,91000,98
227,20180323,1248,90900,111
228,20180323,1249,90900,282
229,20180323,1250,91000,108
230,20180323,1251,90900,134
231,20180323,1252,90900,144
232,20180323,1253,91000,117
233,20180323,1254,90900,64
234,20180323,1255,90900,270
235,20180323,1256,91000,73
236,20180323,1257,91000,99
237,20180323,1258,91000,119
238,20180323,1259,90900,300
239,20180323,1300,90900,874
240,20180323,1301,90800,141
241,20180323,1302,90800,325
242,20180323,1303,90800,232
243,20180323,1304,90900,95
244,20180323,1305,90900,523
245,20180323,1306,90800,170
246,20180323,1307,90900,276
247,20180323,1308,90900,120
248,20180323,1309,90900,151
249,20180323,1310,90900,156
250,20180323,1311,90900,131
251,20180323,1312,90900,140
252,20180323,1313,90900,252
253,20180323,1314,90900,1172
254,20180323,1315,90900,171
255,20180323,1316,91000,553
256,20180323,1317,91100,184
257,20180323,1318,91200,72
258,20180323,1319,91100,149
259,20180323,1320,91100,89
260,20180323,1321,91000,444
261,20180323,1322,91200,471
262,20180323,1323,91200,57
263,20180323,1324,91100,80
264,20180323,1325,91000,109
265,20180323,1326,91000,80
266,20180323,1327,91100,209
267,20180323,1328,91100,130
268,20180323,1329,91100,249
269,20180323,1330,91000,1622
270,20180323,1331,91000,625
271,20180323,1332,91100,81
272,20180323,1333,91100,85
273,20180323,1334,91200,1636
274,20180323,1335,90900,1357
275,20180323,1336,90900,86
276,20180323,1337,91000,310
277,20180323,1338,90900,390
278,20180323,1339,90900,663
279,20180323,1340,90900,144
280,20180323,1341,90900,369
281,20180323,1342,90900,124
282,20180323,1343,90900,293
283,20180323,1344,90900,68
284,20180323,1345,91000,122
285,20180323,1346,91000,96
286,20180323,1347,91000,241
287,20180323,1348,91000,216
288,20180323,1349,90900,74
289,20180323,1350,90900,121
290,20180323,1351,90800,242
291,20180323,1352,90800,511
292,20180323,1353,90800,114
293,20180323,1354,90900,124
294,20180323,1355,90900,111
295,20180323,1356,90900,144
296,20180323,1357,90800,279
297,20180323,1358,90900,111
298,20180323,1359,90900,138
299,20180323,1400,90900,142
300,20180323,1401,90900,491
301,20180323,1402,90800,181
302,20180323,1403,90900,53
303,20180323,1404,90800,258
304,20180323,1405,90800,238
305,20180323,1406,90900,179
306,20180323,1407,90800,67
307,20180323,1408,90800,167
308,20180323,1409,90800,268
309,20180323,1410,90900,73
310,20180323,1411,90900,130
311,20180323,1412,90800,119
312,20180323,1413,90800,540
313,20180323,1414,90800,831
314,20180323,1415,90800,605
315,20180323,1416,90800,80
316,20180323,1417,90700,703
317,20180323,1418,90800,141
318,20180323,1419,90700,157
319,20180323,1420,90800,2639
320,20180323,1421,90500,100
321,20180323,1422,90500,426
322,20180323,1423,90500,505
323,20180323,1424,90600,80
324,20180323,1425,90500,345
325,20180323,1426,90500,445
326,20180323,1427,90400,641
327,20180323,1428,90400,558
328,20180323,1429,90500,1877
329,20180323,1430,90300,430
330,20180323,1431,90300,1390
331,20180323,1432,90200,1698
332,20180323,1433,90500,286
333,20180323,1434,90500,55
334,20180323,1435,90500,447
335,20180323,1436,90500,350
336,20180323,1437,90500,351
337,20180323,1438,90400,223
338,20180323,1439,90400,359
339,20180323,1440,90300,71
340,20180323,1441,90300,561
341,20180323,1442,90400,94
342,20180323,1443,90300,613
343,20180323,1444,90300,88
344,20180323,1445,90300,380
345,20180323,1446,90400,1342
346,20180323,1447,90600,185
347,20180323,1448,90600,723
348,20180323,1449,90600,319
349,20180323,1450,90500,96
350,20180323,1451,90600,106
351,20180323,1452,90500,142
352,20180323,1453,90500,204
353,20180323,1454,90600,267
354,20180323,1455,90500,483
355,20180323,1456,90500,172
356,20180323,1457,90600,352
357,20180323,1458,90500,1351
358,20180323,1459,90400,248
359,20180323,1500,90400,381
360,20180323,1501,90400,191
361,20180323,1502,90400,2835
362,20180323,1503,90200,61
363,20180323,1504,90300,672
364,20180323,1505,90500,184
365,20180323,1506,90300,175
366,20180323,1507,90300,155
367,20180323,1508,90400,241
368,20180323,1509,90400,971
369,20180323,1510,90400,1236
370,20180323,1511,90300,427
371,20180323,1512,90300,981
372,20180323,1513,90300,503
373,20180323,1514,90300,118
374,20180323,1515,90300,1717
375,20180323,1516,90200,2300
376,20180323,1517,90200,552
377,20180323,1518,90200,759
378,20180323,1519,90200,1976
379,20180323,1520,90200,137
380,20180323,1530,90100,5924
0,20180326,901,90000,1469
1,20180326,902,92100,438
2,20180326,903,92000,323
3,20180326,904,92000,483
4,20180326,905,91100,166
5,20180326,906,91300,569
6,20180326,907,90800,402
7,20180326,908,91000,220
8,20180326,909,90800,1373
9,20180326,910,90700,972
10,20180326,911,91300,421
11,20180326,912,91800,883
12,20180326,913,92000,319
13,20180326,914,91500,801
14,20180326,915,91600,105
15,20180326,916,91400,236
16,20180326,917,91500,138
17,20180326,918,91600,79
18,20180326,919,91600,68
19,20180326,920,91500,72
20,20180326,921,91400,127
21,20180326,922,91500,64
22,20180326,923,91500,87
23,20180326,924,91500,493
24,20180326,925,91700,418
25,20180326,926,91700,640
26,20180326,927,91800,234
27,20180326,928,91700,170
28,20180326,929,91900,290
29,20180326,930,91800,512
30,20180326,931,91500,1033
31,20180326,932,91200,154
32,20180326,933,91200,406
33,20180326,934,90900,206
34,20180326,935,90900,76
35,20180326,936,90800,38
36,20180326,937,90800,686
37,20180326,938,91400,130
38,20180326,939,91200,316
39,20180326,940,91000,65
40,20180326,941,91000,33
41,20180326,942,90900,768
42,20180326,943,90600,289
43,20180326,944,90500,563
44,20180326,945,90600,271
45,20180326,946,90700,836
46,20180326,947,91300,1106
47,20180326,948,91300,897
48,20180326,949,91700,256
49,20180326,950,91700,225
50,20180326,951,91800,302
51,20180326,952,91700,230
52,20180326,953,91500,204
53,20180326,954,91200,550
54,20180326,955,91500,243
55,20180326,956,91600,916
56,20180326,957,91300,292
57,20180326,958,91600,72
58,20180326,959,91500,56
59,20180326,1000,91500,129
60,20180326,1001,91500,128
61,20180326,1002,91400,34
62,20180326,1003,91500,559
63,20180326,1004,91500,46
64,20180326,1005,91500,313
65,20180326,1006,91500,42
66,20180326,1007,91600,696
67,20180326,1009,91600,417
68,20180326,1010,91500,1
69,20180326,1011,91500,10
70,20180326,1012,91500,105
71,20180326,1013,91500,52
72,20180326,1014,91400,866
73,20180326,1015,91500,212
74,20180326,1016,91400,15
75,20180326,1018,91500,7
76,20180326,1019,91500,250
77,20180326,1020,91600,25
78,20180326,1021,91700,40
79,20180326,1023,91600,2
80,20180326,1024,91700,137
81,20180326,1025,91700,248
82,20180326,1026,91600,111
83,20180326,1027,91600,38
84,20180326,1028,91600,65
85,20180326,1029,91700,8
86,20180326,1031,91700,149
87,20180326,1032,91600,72
88,20180326,1033,91700,10
89,20180326,1034,91700,21
90,20180326,1035,91700,4
91,20180326,1036,91700,12
92,20180326,1037,91700,1120
93,20180326,1038,91700,92
94,20180326,1040,91700,1489
95,20180326,1041,91800,951
96,20180326,1043,91700,850
97,20180326,1044,91800,27
98,20180326,1045,91600,2190
99,20180326,1047,91600,69
100,20180326,1048,91500,591
101,20180326,1049,91300,140
102,20180326,1050,91400,606
103,20180326,1051,91300,134
104,20180326,1052,91400,226
105,20180326,1053,91600,405
106,20180326,1054,91700,15
107,20180326,1055,91700,19
108,20180326,1056,91700,71
109,20180326,1057,91700,75
110,20180326,1058,91700,2336
111,20180326,1059,92200,53
112,20180326,1100,92200,29
113,20180326,1101,92200,38
114,20180326,1102,92200,247
115,20180326,1103,92200,35
116,20180326,1104,92300,5
117,20180326,1105,92300,895
118,20180326,1106,92300,5
119,20180326,1107,92300,340
120,20180326,1108,92200,331
121,20180326,1110,92300,64
122,20180326,1111,92200,31
123,20180326,1112,92200,36
124,20180326,1113,92200,27
125,20180326,1114,92200,143
126,20180326,1115,92300,4
127,20180326,1117,92200,74
128,20180326,1118,92300,4
129,20180326,1119,92300,5
130,20180326,1120,92200,582
131,20180326,1121,92200,7
132,20180326,1122,92100,134
133,20180326,1123,92000,108
134,20180326,1124,92200,584
135,20180326,1125,92300,377
136,20180326,1126,92400,42
137,20180326,1127,92300,26
138,20180326,1128,92200,171
139,20180326,1129,92400,25
140,20180326,1130,92300,28
141,20180326,1131,92300,55
142,20180326,1132,92300,69
143,20180326,1133,92400,38
144,20180326,1134,92300,176
145,20180326,1135,92300,5
146,20180326,1136,92300,51
147,20180326,1137,92200,37
148,20180326,1138,92400,15
149,20180326,1139,92300,778
150,20180326,1140,92400,102
151,20180326,1141,92300,29
152,20180326,1142,92200,28
153,20180326,1143,92200,191
154,20180326,1144,92400,17
155,20180326,1145,92400,30
156,20180326,1146,92400,76
157,20180326,1147,92300,7
158,20180326,1148,92400,24
159,20180326,1149,92300,3
160,20180326,1150,92300,150
161,20180326,1151,92400,749
162,20180326,1152,92400,62
163,20180326,1153,92300,8
164,20180326,1154,92300,25
165,20180326,1155,92300,5
166,20180326,1156,92300,36
167,20180326,1157,92300,1
168,20180326,1158,92400,34
169,20180326,1159,92400,118
170,20180326,1201,92300,33
171,20180326,1202,92300,4
172,20180326,1203,92300,9
173,20180326,1204,92300,36
174,20180326,1205,92400,1
175,20180326,1206,92300,935
176,20180326,1207,92300,210
177,20180326,1208,92400,34
178,20180326,1209,92400,361
179,20180326,1210,92600,102
180,20180326,1212,92500,107
181,20180326,1213,92200,620
182,20180326,1214,92200,370
183,20180326,1215,92100,311
184,20180326,1216,92100,32
185,20180326,1217,92200,6
186,20180326,1218,92100,77
187,20180326,1219,92200,1155
188,20180326,1220,92100,429
189,20180326,1221,92200,7
190,20180326,1222,92300,43
191,20180326,1223,92200,429
192,20180326,1224,92000,4
193,20180326,1225,92000,26
194,20180326,1226,92100,989
195,20180326,1227,92400,69
196,20180326,1228,92300,11
197,20180326,1229,92200,166
198,20180326,1230,92300,991
199,20180326,1231,92200,459
200,20180326,1232,92200,90
201,20180326,1233,92300,2851
202,20180326,1234,92200,117
203,20180326,1235,92300,26
204,20180326,1236,92200,105
205,20180326,1237,92200,7
206,20180326,1238,92300,26
207,20180326,1239,92300,9
208,20180326,1240,92200,8
209,20180326,1241,92200,25
210,20180326,1242,92300,12
211,20180326,1243,92200,39
212,20180326,1244,92200,149
213,20180326,1245,92200,16
214,20180326,1246,92100,4
215,20180326,1247,92200,35
216,20180326,1248,92200,51
217,20180326,1249,92200,42
218,20180326,1250,92200,31
219,20180326,1251,92100,3
220,20180326,1252,92100,6
221,20180326,1253,92200,71
222,20180326,1254,92100,35
223,20180326,1255,92100,13
224,20180326,1256,92100,134
225,20180326,1257,92200,6
226,20180326,1258,92100,166
227,20180326,1259,92200,57
228,20180326,1300,92200,871
229,20180326,1301,92300,1565
230,20180326,1302,92400,628
231,20180326,1303,92500,31
232,20180326,1304,92500,59
233,20180326,1305,92400,11
234,20180326,1306,92500,27
235,20180326,1307,92400,7
236,20180326,1308,92400,16
237,20180326,1309,92400,31
238,20180326,1310,92400,5
239,20180326,1311,92500,562
240,20180326,1312,92300,590
241,20180326,1313,92200,6
242,20180326,1314,92200,15
243,20180326,1315,92200,84
244,20180326,1316,92200,33
245,20180326,1317,92300,46
246,20180326,1318,92200,33
247,20180326,1319,92200,18
248,20180326,1320,92200,5
249,20180326,1321,92200,64
250,20180326,1322,92200,652
251,20180326,1323,92400,13
252,20180326,1324,92300,34
253,20180326,1325,92300,18
254,20180326,1326,92300,5
255,20180326,1327,92300,527
256,20180326,1328,92400,348
257,20180326,1329,92500,581
258,20180326,1330,92300,10
259,20180326,1331,92400,58
260,20180326,1332,92400,75
261,20180326,1333,92500,53
262,20180326,1334,92500,32
263,20180326,1335,92400,55
264,20180326,1336,92400,18
265,20180326,1337,92400,455
266,20180326,1338,92300,5
267,20180326,1339,92400,120
268,20180326,1340,92400,63
269,20180326,1341,92400,5
270,20180326,1342,92500,10
271,20180326,1343,92500,206
272,20180326,1344,92500,7
273,20180326,1345,92400,252
274,20180326,1346,92400,42
275,20180326,1347,92400,40
276,20180326,1348,92500,10
277,20180326,1349,92400,92
278,20180326,1350,92400,7
279,20180326,1351,92400,32
280,20180326,1352,92400,466
281,20180326,1353,92200,905
282,20180326,1354,92300,25
283,20180326,1355,92300,34
284,20180326,1356,92200,10
285,20180326,1357,92300,15
286,20180326,1358,92300,12
287,20180326,1359,92300,83
288,20180326,1400,92300,24
289,20180326,1401,92300,7
290,20180326,1402,92300,35
291,20180326,1403,92200,808
292,20180326,1404,92200,7
293,20180326,1405,92200,133
294,20180326,1406,92300,5
295,20180326,1407,92200,7
296,20180326,1408,92300,32
297,20180326,1409,92300,6
298,20180326,1410,92300,8
299,20180326,1411,92200,147
300,20180326,1412,92300,9
301,20180326,1413,92200,26
302,20180326,1414,92200,50
303,20180326,1415,92200,16
304,20180326,1416,92300,15
305,20180326,1417,92200,39
306,20180326,1418,92300,1289
307,20180326,1419,92700,391
308,20180326,1420,92800,34
309,20180326,1421,92700,6
310,20180326,1422,92800,21
311,20180326,1423,92700,77
312,20180326,1424,92800,164
313,20180326,1425,92700,17
314,20180326,1426,92800,669
315,20180326,1427,92600,523
316,20180326,1428,92700,121
317,20180326,1429,92600,11
318,20180326,1430,92700,783
319,20180326,1431,92800,4
320,20180326,1432,92700,15
321,20180326,1433,92700,33
322,20180326,1434,92800,214
323,20180326,1435,92700,306
324,20180326,1436,92700,77
325,20180326,1437,92700,2
326,20180326,1438,92700,29
327,20180326,1439,92700,31
328,20180326,1440,92700,15
329,20180326,1441,92800,130
330,20180326,1442,92700,35
331,20180326,1443,92700,20
332,20180326,1444,92700,9
333,20180326,1445,92700,51
334,20180326,1446,92700,26
335,20180326,1447,92700,6
336,20180326,1448,92700,51
337,20180326,1449,92700,16
338,20180326,1450,92700,7
339,20180326,1451,92700,1473
340,20180326,1452,92900,17
341,20180326,1453,92800,201
342,20180326,1454,92800,462
343,20180326,1455,92800,21
344,20180326,1456,92800,107
345,20180326,1457,92800,323
346,20180326,1458,92800,54
347,20180326,1459,92700,15
348,20180326,1500,92600,21
349,20180326,1501,92600,489
350,20180326,1502,92700,58
351,20180326,1503,92800,37
352,20180326,1504,92900,48
353,20180326,1505,92900,48
354,20180326,1506,92800,143
355,20180326,1507,92800,12
356,20180326,1508,92900,15
357,20180326,1509,92900,84
358,20180326,1510,92900,22
359,20180326,1511,92800,22
360,20180326,1512,92800,36
361,20180326,1513,92900,306
362,20180326,1514,92900,131
363,20180326,1515,92800,64
364,20180326,1516,92800,53
365,20180326,1517,92900,1828
366,20180326,1518,92900,2
367,20180326,1519,93000,48
368,20180326,1520,93000,282
369,20180326,1530,92800,7414
370,20180327,901,93200,2366
371,20180327,902,92800,331
372,20180327,903,92900,76
373,20180327,904,93000,247
374,20180327,905,93300,40
375,20180327,906,93100,75
376,20180327,907,93200,949
377,20180327,908,92900,416
378,20180327,909,92900,59
379,20180327,910,93000,682
380,20180327,911,93400,580
381,20180327,912,93400,172
382,20180327,913,93300,365
383,20180327,914,93100,36
384,20180327,915,93100,516
385,20180327,916,93000,234
386,20180327,917,93500,267
387,20180327,918,93600,352
388,20180327,919,93600,329
389,20180327,920,94000,656
390,20180327,921,93700,448
391,20180327,922,93900,687
392,20180327,923,94000,729
393,20180327,924,94200,1280
394,20180327,925,94500,4909
395,20180327,926,94500,695
396,20180327,927,94200,601
397,20180327,928,94300,353
398,20180327,929,94300,1394
399,20180327,930,94900,269
400,20180327,931,94900,630
401,20180327,932,94400,97
402,20180327,933,94400,54
403,20180327,934,94400,30
404,20180327,935,94300,204
405,20180327,936,94200,1207
406,20180327,937,94600,560
407,20180327,938,94500,80
408,20180327,939,94700,42
409,20180327,940,94600,513
410,20180327,941,94500,605
411,20180327,942,94500,35
412,20180327,943,94500,688
413,20180327,944,94400,55
414,20180327,945,94500,26
415,20180327,946,94500,412
416,20180327,947,94300,61
417,20180327,948,94400,83
418,20180327,949,94300,429
419,20180327,950,94200,141
420,20180327,951,94300,133
421,20180327,952,94400,6
422,20180327,953,94300,131
423,20180327,954,94400,631
424,20180327,955,94600,821
425,20180327,956,94500,5
426,20180327,957,94500,8
427,20180327,958,94500,563
428,20180327,959,94500,2010
429,20180327,1000,94300,1534
430,20180327,1001,94400,841
431,20180327,1002,94300,236
432,20180327,1003,94300,25
433,20180327,1004,94300,124
434,20180327,1005,94300,949
435,20180327,1006,94400,408
436,20180327,1007,94600,203
437,20180327,1008,94600,45
438,20180327,1009,94500,59
439,20180327,1010,94600,313
440,20180327,1011,94700,489
441,20180327,1012,94700,1213
442,20180327,1013,94700,14
443,20180327,1014,94600,168
444,20180327,1015,94600,21
445,20180327,1016,94600,58
446,20180327,1017,94700,29
447,20180327,1018,94600,274
448,20180327,1019,94600,86
449,20180327,1020,94700,6
450,20180327,1021,94600,160
451,20180327,1022,94600,5
452,20180327,1023,94600,151
453,20180327,1024,94600,144
454,20180327,1025,94600,189
455,20180327,1026,94700,69
456,20180327,1027,94700,26
457,20180327,1028,94700,291
458,20180327,1029,94600,97
459,20180327,1030,94600,165
460,20180327,1031,94600,441
461,20180327,1032,94600,91
462,20180327,1033,94600,65
463,20180327,1034,94700,65
464,20180327,1035,94600,20
465,20180327,1036,94600,20
466,20180327,1037,94600,211
467,20180327,1038,94600,14
468,20180327,1039,94500,19
469,20180327,1040,94500,91
470,20180327,1041,94500,400
471,20180327,1042,94600,47
472,20180327,1043,94500,26
473,20180327,1044,94500,90
474,20180327,1045,94500,227
475,20180327,1046,94500,21
476,20180327,1047,94600,207
477,20180327,1048,94400,66
478,20180327,1049,94500,33
479,20180327,1050,94400,106
480,20180327,1051,94400,65
481,20180327,1052,94400,51
482,20180327,1053,94400,87
483,20180327,1054,94400,34
484,20180327,1055,94400,69
485,20180327,1056,94400,185
486,20180327,1057,94300,46
487,20180327,1058,94300,74
488,20180327,1059,94300,134
489,20180327,1100,94300,114
490,20180327,1101,94300,100
491,20180327,1102,94400,87
492,20180327,1103,94400,8
493,20180327,1104,94400,16
494,20180327,1105,94400,73
495,20180327,1106,94400,28
496,20180327,1107,94400,38
497,20180327,1108,94400,20
498,20180327,1109,94400,76
499,20180327,1110,94400,32
500,20180327,1111,94400,60
501,20180327,1112,94400,69
502,20180327,1113,94400,151
503,20180327,1114,94600,11
504,20180327,1115,94500,51
505,20180327,1116,94600,548
506,20180327,1117,94300,104
507,20180327,1118,94300,84
508,20180327,1119,94400,67
509,20180327,1120,94300,32
510,20180327,1121,94300,1756
511,20180327,1122,94100,1019
512,20180327,1123,94000,643
513,20180327,1124,93900,1592
514,20180327,1125,93900,47
515,20180327,1126,94200,234
516,20180327,1127,94000,47
517,20180327,1128,94200,51
518,20180327,1129,94100,10
519,20180327,1130,94200,870
520,20180327,1131,94100,16
521,20180327,1132,94000,19
522,20180327,1133,94100,94
523,20180327,1134,94000,60
524,20180327,1135,94000,16
525,20180327,1136,94100,29
526,20180327,1137,94000,79
527,20180327,1138,94100,69
528,20180327,1139,94100,449
529,20180327,1140,94400,1593
530,20180327,1141,94100,12
531,20180327,1142,94200,14
532,20180327,1143,94200,33
533,20180327,1144,94200,75
534,20180327,1145,94200,7
535,20180327,1146,94200,7
536,20180327,1147,94200,98
537,20180327,1148,94200,27
538,20180327,1149,94200,16
539,20180327,1150,94200,102
540,20180327,1151,94300,71
541,20180327,1152,94200,35
542,20180327,1153,94200,8
543,20180327,1154,94200,74
544,20180327,1155,94200,112
545,20180327,1156,94100,336
546,20180327,1157,94200,49
547,20180327,1158,94100,70
548,20180327,1159,94100,30
549,20180327,1200,94100,26
550,20180327,1201,94100,326
551,20180327,1202,94500,116
552,20180327,1203,94300,234
553,20180327,1204,94500,187
554,20180327,1205,94300,83
555,20180327,1206,94500,40
556,20180327,1207,94300,60
557,20180327,1208,94500,56
558,20180327,1209,94500,38
559,20180327,1210,94400,2
560,20180327,1211,94500,4
561,20180327,1212,94500,206
562,20180327,1213,94600,59
563,20180327,1214,94600,27
564,20180327,1215,94500,100
565,20180327,1216,94500,38
566,20180327,1217,94500,15
567,20180327,1218,94500,228
568,20180327,1219,94500,148
569,20180327,1220,94400,29
570,20180327,1221,94500,4
571,20180327,1222,94500,61
572,20180327,1223,94500,37
573,20180327,1224,94500,2
574,20180327,1225,94500,278
575,20180327,1226,94400,61
576,20180327,1227,94400,32
577,20180327,1228,94400,16
578,20180327,1229,94400,92
579,20180327,1230,94400,43
580,20180327,1231,94600,5
581,20180327,1232,94600,31
582,20180327,1233,94500,66
583,20180327,1234,94600,29
584,20180327,1235,94500,56
585,20180327,1236,94600,84
586,20180327,1237,94500,92
587,20180327,1238,94500,57
588,20180327,1239,94500,50
589,20180327,1240,94500,42
590,20180327,1241,94400,203
591,20180327,1242,94500,2
592,20180327,1243,94600,85
593,20180327,1244,94500,12
594,20180327,1245,94600,37
595,20180327,1246,94500,3
596,20180327,1247,94500,165
597,20180327,1248,94600,4
598,20180327,1249,94600,114
599,20180327,1250,94500,53
600,20180327,1251,94500,3
601,20180327,1252,94500,25
602,20180327,1253,94500,105
603,20180327,1254,94600,36
604,20180327,1255,94400,2
605,20180327,1256,94500,100
606,20180327,1258,94500,67
607,20180327,1259,94500,6
608,20180327,1300,94500,24
609,20180327,1301,94500,61
610,20180327,1302,94500,13
611,20180327,1303,94500,86
612,20180327,1304,94400,68
613,20180327,1305,94400,95
614,20180327,1306,94500,83
615,20180327,1307,94600,38
616,20180327,1308,94600,66
617,20180327,1309,94600,33
618,20180327,1310,94500,45
619,20180327,1311,94600,217
620,20180327,1312,94600,204
621,20180327,1313,94600,8
622,20180327,1314,94600,595
623,20180327,1315,94500,129
624,20180327,1316,94600,123
625,20180327,1317,94500,41
626,20180327,1318,94400,30
627,20180327,1319,94400,56
628,20180327,1320,94600,63
629,20180327,1321,94500,9
630,20180327,1322,94600,83
631,20180327,1323,94500,80
632,20180327,1324,94600,9
633,20180327,1325,94600,338
634,20180327,1326,94600,41
635,20180327,1327,94500,56
636,20180327,1328,94600,41
637,20180327,1329,94500,124
638,20180327,1330,94500,42
639,20180327,1331,94600,34
640,20180327,1332,94600,67
641,20180327,1333,94500,385
642,20180327,1334,94500,172
643,20180327,1335,94500,2043
644,20180327,1336,94500,72
645,20180327,1337,94400,40
646,20180327,1338,94400,91
647,20180327,1339,94600,67
648,20180327,1340,94500,116
649,20180327,1341,94600,72
650,20180327,1342,94600,124
651,20180327,1343,94500,248
652,20180327,1344,94600,220
653,20180327,1345,94500,62
654,20180327,1346,94500,34
655,20180327,1347,94500,95
656,20180327,1348,94600,98
657,20180327,1349,94600,57
658,20180327,1350,94500,62
659,20180327,1351,94600,147
660,20180327,1352,94600,59
661,20180327,1353,94600,12
662,20180327,1354,94600,119
663,20180327,1355,94500,37
664,20180327,1356,94600,27
665,20180327,1357,94600,90
666,20180327,1358,94500,175
667,20180327,1359,94600,7
668,20180327,1400,94600,58
669,20180327,1401,94600,361
670,20180327,1402,94500,154
671,20180327,1403,94600,348
672,20180327,1404,94400,106
673,20180327,1405,94500,36
674,20180327,1406,94500,58
675,20180327,1407,94400,423
676,20180327,1408,94400,106
677,20180327,1409,94300,92
678,20180327,1410,94400,334
679,20180327,1411,94500,68
680,20180327,1412,94500,61
681,20180327,1413,94500,328
682,20180327,1414,94500,57
683,20180327,1415,94500,117
684,20180327,1416,94600,278
685,20180327,1417,94600,1605
686,20180327,1418,94700,237
687,20180327,1419,94700,63
688,20180327,1420,94800,33
689,20180327,1421,94700,36
690,20180327,1422,94700,95
691,20180327,1423,94700,160
692,20180327,1424,94700,47
693,20180327,1425,94700,82
694,20180327,1426,94800,33
695,20180327,1427,94800,58
696,20180327,1428,94800,57
697,20180327,1429,94800,121
698,20180327,1430,94700,244
699,20180327,1431,94700,9
700,20180327,1432,94600,624
701,20180327,1433,94600,70
702,20180327,1434,94700,37
703,20180327,1435,94700,882
704,20180327,1436,94700,114
705,20180327,1438,94500,178
706,20180327,1439,94700,181
707,20180327,1440,94600,9
708,20180327,1441,94700,96
709,20180327,1442,94600,55
710,20180327,1443,94600,87
711,20180327,1444,94600,72
712,20180327,1445,94700,66
713,20180327,1446,94700,99
714,20180327,1447,94600,193
715,20180327,1448,94600,50
716,20180327,1449,94600,114
717,20180327,1450,94700,58
718,20180327,1451,94600,39
719,20180327,1452,94600,29
720,20180327,1453,94600,89
721,20180327,1454,94700,115
722,20180327,1455,94600,56
723,20180327,1456,94600,65
724,20180327,1457,94500,589
725,20180327,1458,94500,156
726,20180327,1459,94400,43
727,20180327,1500,94400,122
728,20180327,1501,94600,99
729,20180327,1502,94400,120
730,20180327,1503,94400,9
731,20180327,1504,94400,7
732,20180327,1505,94400,56
733,20180327,1506,94500,114
734,20180327,1507,94400,17
735,20180327,1508,94400,7
736,20180327,1509,94500,4
737,20180327,1510,94500,7
738,20180327,1511,94400,221
739,20180327,1512,94400,15
740,20180327,1513,94400,170
741,20180327,1514,94300,22
742,20180327,1515,94200,17
743,20180327,1516,94200,29
744,20180327,1517,94100,301
745,20180327,1518,94300,13
746,20180327,1519,94200,503
747,20180327,1520,94200,586
748,20180327,1530,94000,2926
749,20180328,901,92700,347
750,20180328,902,92800,1
751,20180328,903,92700,749
752,20180328,904,92400,1249
753,20180328,905,92500,273
754,20180328,906,92400,2031
755,20180328,907,92800,807
756,20180328,908,92700,161
757,20180328,909,92900,46
758,20180328,910,92800,714
759,20180328,911,92800,1959
760,20180328,912,92300,1033
761,20180328,913,92800,563
762,20180328,914,92600,388
763,20180328,915,92700,290
764,20180328,916,92600,1281
765,20180328,917,92600,287
766,20180328,918,92500,952
767,20180328,919,92600,89
768,20180328,920,92700,53
769,20180328,921,92800,32
770,20180328,922,92800,15
771,20180328,923,92800,185
772,20180328,924,92900,303
773,20180328,925,92800,136
774,20180328,926,92800,47
775,20180328,927,92800,90
776,20180328,928,92800,12
777,20180328,929,92700,2314
778,20180328,930,92400,308
779,20180328,931,92400,199
780,20180328,933,92600,63
781,20180328,934,92600,361
782,20180328,935,92500,129
783,20180328,936,92500,115
784,20180328,937,92600,186
785,20180328,938,92800,481
786,20180328,939,92800,746
787,20180328,940,92600,258
788,20180328,941,92500,164
789,20180328,942,92600,124
790,20180328,943,92600,425
791,20180328,944,92600,232
792,20180328,945,92600,519
793,20180328,946,92400,26
794,20180328,947,92400,251
795,20180328,948,92700,216
796,20180328,949,92600,988
797,20180328,950,92400,80
798,20180328,951,92500,427
799,20180328,952,92400,563
800,20180328,953,92400,103
801,20180328,954,92400,92
802,20180328,955,92300,328
803,20180328,956,92400,6
804,20180328,957,92500,90
805,20180328,958,92400,771
806,20180328,959,92400,242
807,20180328,1001,92500,85
808,20180328,1002,92400,43
809,20180328,1003,92400,272
810,20180328,1004,92400,620
811,20180328,1005,92400,165
812,20180328,1006,92400,13
813,20180328,1007,92400,993
814,20180328,1008,92200,522
815,20180328,1009,92200,96
816,20180328,1010,92300,452
817,20180328,1011,92500,15
818,20180328,1012,92400,286
819,20180328,1013,92400,1108
820,20180328,1014,92200,158
821,20180328,1015,92200,48
822,20180328,1016,92200,269
823,20180328,1017,92200,337
824,20180328,1018,92100,159
825,20180328,1019,92100,80
826,20180328,1020,92200,4
827,20180328,1021,92200,3338
828,20180328,1022,91700,632
829,20180328,1023,91800,65
830,20180328,1024,91800,140
831,20180328,1025,91800,678
832,20180328,1026,91900,277
833,20180328,1027,91900,501
834,20180328,1028,91900,565
835,20180328,1029,92000,86
836,20180328,1030,92000,934
837,20180328,1031,92200,39
838,20180328,1032,92100,52
839,20180328,1033,92100,37
840,20180328,1034,92100,104
841,20180328,1035,92100,2
842,20180328,1036,92000,53
843,20180328,1038,92000,665
844,20180328,1039,92300,96
845,20180328,1040,92200,28
846,20180328,1041,92300,2
847,20180328,1042,92200,84
848,20180328,1043,92200,5
849,20180328,1044,92300,10
850,20180328,1045,92200,8
851,20180328,1046,92200,57
852,20180328,1047,92200,2308
853,20180328,1048,92500,8
854,20180328,1049,92500,138
855,20180328,1050,92500,8
856,20180328,1051,92400,52
857,20180328,1052,92300,5
858,20180328,1053,92300,104
859,20180328,1054,92300,905
860,20180328,1055,92300,38
861,20180328,1056,92300,20
862,20180328,1057,92200,8
863,20180328,1058,92300,2
864,20180328,1059,92300,37
865,20180328,1100,92300,53
866,20180328,1101,92300,105
867,20180328,1102,92300,268
868,20180328,1103,92400,59
869,20180328,1104,92200,30
870,20180328,1105,92300,260
871,20180328,1106,92300,169
872,20180328,1108,92100,5
873,20180328,1109,92100,52
874,20180328,1110,92100,83
875,20180328,1111,92200,72
876,20180328,1112,92100,19
877,20180328,1113,92300,98
878,20180328,1114,92200,44
879,20180328,1115,92200,15
880,20180328,1116,92200,26
881,20180328,1117,92100,182
882,20180328,1118,92000,3
883,20180328,1119,92000,72
884,20180328,1120,92100,402
885,20180328,1121,91900,1838
886,20180328,1122,91700,278
887,20180328,1123,91800,73
888,20180328,1124,91800,4
889,20180328,1125,91700,5
890,20180328,1126,91800,70
891,20180328,1127,91800,54
892,20180328,1128,91700,15
893,20180328,1129,91800,448
894,20180328,1130,91600,402
895,20180328,1131,91500,5
896,20180328,1132,91500,1601
897,20180328,1133,91400,1031
898,20180328,1134,91400,103
899,20180328,1135,91500,230
900,20180328,1136,91400,8
901,20180328,1137,91400,50
902,20180328,1138,91500,1
903,20180328,1139,91400,24
904,20180328,1140,91500,37
905,20180328,1141,91400,200
906,20180328,1142,91500,13
907,20180328,1143,91400,644
908,20180328,1144,91500,74
909,20180328,1145,91400,264
910,20180328,1146,91500,25
911,20180328,1147,91400,53
912,20180328,1148,91400,58
913,20180328,1149,91400,16
914,20180328,1150,91500,120
915,20180328,1151,91600,52
916,20180328,1152,91500,5
917,20180328,1153,91500,100
918,20180328,1154,91500,192
919,20180328,1155,91400,873
920,20180328,1156,91300,421
921,20180328,1157,91400,68
922,20180328,1158,91400,54
923,20180328,1159,91500,11
924,20180328,1200,91500,3
925,20180328,1201,91500,157
926,20180328,1202,91600,487
927,20180328,1203,91800,8
928,20180328,1204,91900,12
929,20180328,1205,91800,52
930,20180328,1206,91800,8
931,20180328,1207,91800,27
932,20180328,1208,91800,65
933,20180328,1209,91800,9
934,20180328,1210,91800,688
935,20180328,1211,91600,447
936,20180328,1212,91500,16
937,20180328,1214,91500,52
938,20180328,1215,91500,67
939,20180328,1217,91500,23
940,20180328,1218,91500,50
941,20180328,1219,91600,26
942,20180328,1221,91500,14
943,20180328,1222,91500,48
944,20180328,1223,91500,6
945,20180328,1224,91500,356
946,20180328,1225,91400,51
947,20180328,1226,91500,18
948,20180328,1227,91400,1345
949,20180328,1228,91300,55
950,20180328,1229,91300,545
951,20180328,1230,91300,11
952,20180328,1231,91300,725
953,20180328,1232,91200,68
954,20180328,1233,91300,10
955,20180328,1234,91200,134
956,20180328,1235,91300,46
957,20180328,1236,91300,9
958,20180328,1237,91300,5
959,20180328,1238,91400,8
960,20180328,1239,91300,60
961,20180328,1241,91300,529
962,20180328,1242,91200,69
963,20180328,1243,91200,433
964,20180328,1244,91400,125
965,20180328,1245,91400,9
966,20180328,1246,91400,58
967,20180328,1247,91500,1
968,20180328,1248,91500,21
969,20180328,1249,91400,142
970,20180328,1250,91300,5
971,20180328,1251,91300,10
972,20180328,1252,91300,51
973,20180328,1253,91300,48
974,20180328,1254,91300,74
975,20180328,1255,91400,24
976,20180328,1256,91300,452
977,20180328,1257,91300,13
978,20180328,1258,91300,16
979,20180328,1259,91300,54
980,20180328,1300,91300,3
981,20180328,1301,91300,23
982,20180328,1302,91300,27
983,20180328,1303,91300,86
984,20180328,1304,91300,20
985,20180328,1305,91400,20
986,20180328,1306,91300,596
987,20180328,1307,91400,1
988,20180328,1308,91400,7
989,20180328,1309,91300,51
990,20180328,1310,91300,25
991,20180328,1311,91400,17
992,20180328,1312,91300,119
993,20180328,1313,91400,900
994,20180328,1314,91500,55
995,20180328,1315,91500,10
996,20180328,1316,91500,24
997,20180328,1317,91500,91
998,20180328,1318,91300,5
999,20180328,1319,91400,82
1000,20180328,1320,91300,355
1001,20180328,1321,91400,21
1002,20180328,1323,91300,104
1003,20180328,1324,91300,9
1004,20180328,1325,91300,1
1005,20180328,1326,91300,23
1006,20180328,1327,91300,52
1007,20180328,1328,91400,17
1008,20180328,1330,91300,111
1009,20180328,1331,91300,50
1010,20180328,1332,91400,8
1011,20180328,1333,91300,66
1012,20180328,1334,91300,28
1013,20180328,1335,91300,18
1014,20180328,1336,91400,31
1015,20180328,1337,91300,57
1016,20180328,1338,91300,254
1017,20180328,1339,91300,576
1018,20180328,1340,91300,99
1019,20180328,1341,91200,2953
1020,20180328,1342,91300,310
1021,20180328,1343,91200,8
1022,20180328,1344,91100,69
1023,20180328,1345,91100,54
1024,20180328,1346,91200,220
1025,20180328,1347,91200,181
1026,20180328,1348,91100,87
1027,20180328,1349,91100,2
1028,20180328,1350,91100,112
1029,20180328,1351,91100,89
1030,20180328,1352,91100,131
1031,20180328,1353,91200,106
1032,20180328,1354,91100,194
1033,20180328,1355,91200,598
1034,20180328,1356,91400,45
1035,20180328,1357,91200,57
1036,20180328,1358,91200,8
1037,20180328,1359,91300,28
1038,20180328,1400,91200,10
1039,20180328,1401,91200,210
1040,20180328,1402,91300,43
1041,20180328,1403,91200,9
1042,20180328,1404,91200,75
1043,20180328,1405,91200,1750
1044,20180328,1406,91100,113
1045,20180328,1407,91200,171
1046,20180328,1408,91100,59
1047,20180328,1409,91100,65
1048,20180328,1410,91100,217
1049,20180328,1411,91200,172
1050,20180328,1412,91300,181
1051,20180328,1413,91200,6
1052,20180328,1414,91300,55
1053,20180328,1415,91200,22
1054,20180328,1416,91300,100
1055,20180328,1417,91300,11
1056,20180328,1418,91200,920
1057,20180328,1419,91500,80
1058,20180328,1420,91600,157
1059,20180328,1421,91400,91
1060,20180328,1422,91400,27
1061,20180328,1423,91500,1
1062,20180328,1424,91400,419
1063,20180328,1425,91500,78
1064,20180328,1426,91400,66
1065,20180328,1427,91400,145
1066,20180328,1428,91300,147
1067,20180328,1429,91300,1
1068,20180328,1430,91300,61
1069,20180328,1431,91200,6
1070,20180328,1432,91200,638
1071,20180328,1433,91200,372
1072,20180328,1434,91200,60
1073,20180328,1435,91200,254
1074,20180328,1436,91200,337
1075,20180328,1437,91200,7
1076,20180328,1438,91200,49
1077,20180328,1439,91200,11
1078,20180328,1440,91300,10
1079,20180328,1441,91200,18
1080,20180328,1442,91200,1905
1081,20180328,1443,91500,1
1082,20180328,1444,91500,6
1083,20180328,1445,91500,57
1084,20180328,1446,91500,10
1085,20180328,1447,91500,141
1086,20180328,1448,91400,72
1087,20180328,1449,91400,54
1088,20180328,1450,91400,9
1089,20180328,1451,91400,7
1090,20180328,1452,91400,598
1091,20180328,1453,91300,107
1092,20180328,1454,91300,305
1093,20180328,1455,91300,10
1094,20180328,1456,91300,370
1095,20180328,1457,91300,68
1096,20180328,1458,91400,752
1097,20180328,1459,91500,20
1098,20180328,1500,91500,181
1099,20180328,1501,91600,72
1100,20180328,1502,91600,1243
1101,20180328,1503,92000,2
1102,20180328,1504,91900,26
1103,20180328,1505,92000,31
1104,20180328,1506,91900,448
1105,20180328,1507,91800,251
1106,20180328,1509,91700,6
1107,20180328,1510,91700,866
1108,20180328,1511,91900,68
1109,20180328,1512,91900,100
1110,20180328,1514,91900,13
1111,20180328,1515,92000,19
1112,20180328,1516,92000,179
1113,20180328,1518,92000,159
1114,20180328,1519,92000,694
1115,20180328,1520,91900,850
1116,20180328,1530,92100,4308
0,20180329,901,92100,477
1,20180329,902,91900,95
2,20180329,903,92500,951
3,20180329,904,94500,195
4,20180329,905,93900,146
5,20180329,906,93000,63
6,20180329,907,93400,134
7,20180329,908,93100,960
8,20180329,909,93800,523
9,20180329,910,93200,416
10,20180329,911,93100,399
11,20180329,912,93500,155
12,20180329,913,93300,1139
13,20180329,914,93700,210
14,20180329,915,93700,85
15,20180329,916,93600,1653
16,20180329,917,93900,802
17,20180329,918,94100,432
18,20180329,919,94100,1190
19,20180329,920,94300,2003
20,20180329,921,94700,506
21,20180329,922,94500,326
22,20180329,923,94700,2296
23,20180329,924,94900,532
24,20180329,925,94900,349
25,20180329,926,94900,706
26,20180329,927,94700,484
27,20180329,928,94500,96
28,20180329,929,94300,151
29,20180329,930,94400,72
30,20180329,931,94300,150
31,20180329,932,94300,64
32,20180329,933,94300,247
33,20180329,934,94400,364
34,20180329,935,94200,1060
35,20180329,936,93800,360
36,20180329,937,94000,18
37,20180329,938,94000,511
38,20180329,939,94000,224
39,20180329,940,93900,5
40,20180329,941,93900,1278
41,20180329,942,93600,20
42,20180329,943,93700,20
43,20180329,944,93800,114
44,20180329,945,93700,55
45,20180329,946,93700,127
46,20180329,947,93500,86
47,20180329,948,93400,6
48,20180329,949,93400,54
49,20180329,950,93400,124
50,20180329,951,93400,114
51,20180329,952,93400,3
52,20180329,953,93400,11
53,20180329,954,93400,14
54,20180329,955,93400,114
55,20180329,956,93400,381
56,20180329,957,93500,13
57,20180329,958,93500,11
58,20180329,959,93400,359
59,20180329,1000,93800,717
60,20180329,1001,93900,257
61,20180329,1002,93900,75
62,20180329,1003,93800,97
63,20180329,1004,93500,100
64,20180329,1005,93600,274
65,20180329,1006,93500,6
66,20180329,1007,93600,121
67,20180329,1008,93700,106
68,20180329,1009,93600,29
69,20180329,1010,93700,20
70,20180329,1011,93600,20
71,20180329,1012,93600,30
72,20180329,1013,93700,348
73,20180329,1014,93600,63
74,20180329,1015,93500,718
75,20180329,1016,93300,65
76,20180329,1017,93400,30
77,20180329,1018,93300,66
78,20180329,1019,93400,10
79,20180329,1020,93300,6
80,20180329,1021,93300,562
81,20180329,1022,93100,321
82,20180329,1023,93200,201
83,20180329,1024,93200,33
84,20180329,1025,93400,93
85,20180329,1026,93300,514
86,20180329,1027,93400,38
87,20180329,1028,93400,40
88,20180329,1029,93500,33
89,20180329,1030,93400,19
90,20180329,1031,93500,10
91,20180329,1032,93400,19
92,20180329,1033,93400,289
93,20180329,1034,93400,231
94,20180329,1035,93400,628
95,20180329,1036,93600,618
96,20180329,1037,93500,119
97,20180329,1038,93600,154
98,20180329,1039,93600,52
99,20180329,1040,93600,22
100,20180329,1041,93600,23
101,20180329,1042,93600,596
102,20180329,1043,93700,14
103,20180329,1044,93700,34
104,20180329,1045,93700,23
105,20180329,1046,93700,10
106,20180329,1047,93700,12
107,20180329,1048,93600,19
108,20180329,1049,93700,11
109,20180329,1050,93700,31
110,20180329,1051,93600,20
111,20180329,1052,93700,62
112,20180329,1053,93600,8
113,20180329,1054,93600,112
114,20180329,1055,93700,14
115,20180329,1056,93700,404
116,20180329,1057,93800,217
117,20180329,1058,94000,85
118,20180329,1059,93900,1
119,20180329,1100,94000,555
120,20180329,1101,93900,47
121,20180329,1102,93900,439
122,20180329,1103,94000,14
123,20180329,1104,94000,24
124,20180329,1105,93900,5
125,20180329,1106,94000,17
126,20180329,1107,94000,15
127,20180329,1108,94000,154
128,20180329,1109,93900,90
129,20180329,1110,94000,13
130,20180329,1111,93900,36
131,20180329,1112,93800,61
132,20180329,1113,93900,39
133,20180329,1114,93900,13
134,20180329,1115,93800,27
135,20180329,1116,93800,174
136,20180329,1117,93800,186
137,20180329,1118,93700,106
138,20180329,1119,93800,35
139,20180329,1120,93800,7
140,20180329,1121,93700,12
141,20180329,1122,93800,25
142,20180329,1123,93800,111
143,20180329,1124,93800,12
144,20180329,1125,93800,38
145,20180329,1126,93700,311
146,20180329,1127,93600,224
147,20180329,1128,93700,15
148,20180329,1130,93600,78
149,20180329,1131,93700,476
150,20180329,1132,93800,704
151,20180329,1133,93800,48
152,20180329,1134,93800,9
153,20180329,1135,93800,22
154,20180329,1136,93900,26
155,20180329,1137,93800,23
156,20180329,1138,93900,7
157,20180329,1139,93900,134
158,20180329,1140,93800,8
159,20180329,1141,93900,27
160,20180329,1142,93900,78
161,20180329,1143,93800,13
162,20180329,1144,93800,403
163,20180329,1145,93800,100
164,20180329,1146,93700,106
165,20180329,1147,93800,7
166,20180329,1148,93800,26
167,20180329,1149,93700,13
168,20180329,1150,93700,20
169,20180329,1151,93700,18
170,20180329,1152,93700,26
171,20180329,1153,93700,33
172,20180329,1154,93800,18
173,20180329,1155,93700,32
174,20180329,1156,93800,10
175,20180329,1157,93800,64
176,20180329,1158,93700,133
177,20180329,1159,93700,43
178,20180329,1200,93700,11
179,20180329,1201,93700,31
180,20180329,1202,93700,18
181,20180329,1203,93600,62
182,20180329,1204,93700,10
183,20180329,1205,93700,8
184,20180329,1206,93600,133
185,20180329,1207,93700,702
186,20180329,1208,93700,27
187,20180329,1209,93800,112
188,20180329,1210,93700,49
189,20180329,1211,93800,183
190,20180329,1212,93700,55
191,20180329,1213,93800,14
192,20180329,1214,93800,13
193,20180329,1215,93700,36
194,20180329,1216,93800,25
195,20180329,1217,93800,15
196,20180329,1218,93800,58
197,20180329,1219,93700,21
198,20180329,1220,93800,55
199,20180329,1221,93700,24
200,20180329,1222,93700,86
201,20180329,1223,93700,17
202,20180329,1224,93700,11
203,20180329,1225,93700,144
204,20180329,1226,93800,8
205,20180329,1227,93800,113
206,20180329,1228,93800,65
207,20180329,1229,93800,19
208,20180329,1230,93800,116
209,20180329,1231,93800,30
210,20180329,1232,93800,7
211,20180329,1233,93800,135
212,20180329,1234,93800,152
213,20180329,1235,93700,32
214,20180329,1236,93700,37
215,20180329,1237,93800,26
216,20180329,1238,93700,2
217,20180329,1239,93800,21
218,20180329,1240,93800,67
219,20180329,1241,93800,18
220,20180329,1242,93800,25
221,20180329,1243,93800,10
222,20180329,1244,93800,12
223,20180329,1245,93800,581
224,20180329,1246,93900,67
225,20180329,1247,93800,19
226,20180329,1248,93900,19
227,20180329,1249,93900,30
228,20180329,1250,93900,292
229,20180329,1251,94000,18
230,20180329,1252,94000,54
231,20180329,1253,94000,20
232,20180329,1254,94000,26
233,20180329,1255,94000,247
234,20180329,1256,94000,6
235,20180329,1257,94000,11
236,20180329,1258,94000,31
237,20180329,1259,93900,23
238,20180329,1300,93900,39
239,20180329,1301,94000,15
240,20180329,1302,93900,627
241,20180329,1303,94000,27
242,20180329,1304,94000,45
243,20180329,1305,94000,335
244,20180329,1306,93800,23
245,20180329,1307,93800,20
246,20180329,1308,93800,52
247,20180329,1309,93900,82
248,20180329,1310,93900,8
249,20180329,1311,93900,14
250,20180329,1312,93900,25
251,20180329,1313,93900,21
252,20180329,1314,93800,69
253,20180329,1315,93800,24
254,20180329,1316,93900,45
255,20180329,1317,93800,37
256,20180329,1318,93900,115
257,20180329,1319,93900,21
258,20180329,1320,93800,109
259,20180329,1321,93900,31
260,20180329,1322,93800,254
261,20180329,1323,93700,11
262,20180329,1324,93800,115
263,20180329,1325,93800,14
264,20180329,1326,93700,106
265,20180329,1327,93900,35
266,20180329,1328,93800,78
267,20180329,1329,93900,69
268,20180329,1330,93900,19
269,20180329,1331,93900,55
270,20180329,1332,93800,28
271,20180329,1333,93800,79
272,20180329,1334,93800,78
273,20180329,1335,93700,15
274,20180329,1336,93700,15
275,20180329,1337,93700,22
276,20180329,1338,93800,46
277,20180329,1339,93800,72
278,20180329,1340,93700,1
279,20180329,1341,93700,62
280,20180329,1342,93700,26
281,20180329,1343,93700,66
282,20180329,1344,93800,273
283,20180329,1345,93700,44
284,20180329,1346,93600,26
285,20180329,1347,93600,16
286,20180329,1348,93600,73
287,20180329,1349,93700,17
288,20180329,1350,93700,26
289,20180329,1351,93600,116
290,20180329,1352,93700,47
291,20180329,1353,93600,36
292,20180329,1354,93700,292
293,20180329,1355,93600,150
294,20180329,1356,93600,492
295,20180329,1357,93400,130
296,20180329,1358,93400,214
297,20180329,1359,93600,48
298,20180329,1400,93500,171
299,20180329,1401,93400,76
300,20180329,1402,93500,302
301,20180329,1403,93400,25
302,20180329,1404,93500,18
303,20180329,1405,93500,103
304,20180329,1406,93500,322
305,20180329,1407,93400,29
306,20180329,1408,93400,14
307,20180329,1409,93400,181
308,20180329,1410,93500,20
309,20180329,1411,93500,37
310,20180329,1412,93500,284
311,20180329,1413,93800,370
312,20180329,1414,93800,403
313,20180329,1415,93600,94
314,20180329,1416,93600,53
315,20180329,1417,93700,34
316,20180329,1418,93700,84
317,20180329,1419,93800,47
318,20180329,1420,93800,152
319,20180329,1421,93700,25
320,20180329,1422,93800,46
321,20180329,1423,93800,123
322,20180329,1424,93600,87
323,20180329,1425,93700,62
324,20180329,1426,93600,27
325,20180329,1427,93600,81
326,20180329,1428,93600,94
327,20180329,1429,93500,88
328,20180329,1430,93500,95
329,20180329,1431,93500,755
330,20180329,1432,93800,162
331,20180329,1433,93900,183
332,20180329,1434,93800,184
333,20180329,1435,94000,1128
334,20180329,1436,94200,28
335,20180329,1437,94200,59
336,20180329,1438,94200,45
337,20180329,1439,94200,71
338,20180329,1440,94200,44
339,20180329,1441,94200,21
340,20180329,1442,94200,174
341,20180329,1443,94200,593
342,20180329,1444,94000,49
343,20180329,1445,94100,144
344,20180329,1446,93900,27
345,20180329,1447,94000,76
346,20180329,1448,93900,114
347,20180329,1449,94000,109
348,20180329,1450,94100,83
349,20180329,1451,94000,180
350,20180329,1452,94000,62
351,20180329,1453,94000,30
352,20180329,1454,94000,72
353,20180329,1455,94000,65
354,20180329,1456,94000,22
355,20180329,1457,94000,160
356,20180329,1458,93900,26
357,20180329,1459,94000,53
358,20180329,1500,93900,319
359,20180329,1501,94000,120
360,20180329,1502,94100,32
361,20180329,1503,94100,58
362,20180329,1504,94000,50
363,20180329,1505,94100,70
364,20180329,1506,94100,53
365,20180329,1507,94100,16
366,20180329,1508,94100,233
367,20180329,1509,94100,1024
368,20180329,1510,94300,1089
369,20180329,1511,94400,322
370,20180329,1512,94300,153
371,20180329,1513,94400,11
372,20180329,1514,94400,352
373,20180329,1515,94400,76
374,20180329,1516,94400,374
375,20180329,1517,94500,105
376,20180329,1518,94400,94
377,20180329,1519,94500,20
378,20180329,1520,94500,876
379,20180329,1530,94400,4540
380,20180330,901,94200,1069
381,20180330,902,94200,553
382,20180330,903,94200,357
383,20180330,904,93500,772
384,20180330,905,93200,87
385,20180330,906,93200,326
386,20180330,907,93100,854
387,20180330,908,93500,111
388,20180330,909,93500,67
389,20180330,910,93500,61
390,20180330,911,93500,360
391,20180330,912,93300,185
392,20180330,913,93200,105
393,20180330,914,93300,82
394,20180330,915,93300,1018
395,20180330,916,93100,648
396,20180330,917,93200,416
397,20180330,918,93300,151
398,20180330,919,93400,357
399,20180330,920,93100,326
400,20180330,921,93300,1066
401,20180330,922,93500,81
402,20180330,923,93400,1334
403,20180330,924,93100,776
404,20180330,925,93100,2263
405,20180330,926,92700,537
406,20180330,927,92800,1503
407,20180330,928,92700,783
408,20180330,929,93100,1847
409,20180330,930,92800,1852
410,20180330,931,93100,27
411,20180330,932,93000,11
412,20180330,933,93000,307
413,20180330,934,93000,237
414,20180330,935,92900,42
415,20180330,936,92900,164
416,20180330,937,92900,241
417,20180330,938,92800,218
418,20180330,939,92700,794
419,20180330,940,92700,1142
420,20180330,941,92800,251
421,20180330,942,92700,95
422,20180330,943,92700,77
423,20180330,944,92700,175
424,20180330,945,92700,16
425,20180330,946,92700,433
426,20180330,947,92600,3466
427,20180330,948,92300,322
428,20180330,949,92300,179
429,20180330,950,92300,104
430,20180330,951,92300,504
431,20180330,952,92400,173
432,20180330,953,92400,914
433,20180330,954,92400,416
434,20180330,955,92400,718
435,20180330,956,92300,596
436,20180330,957,92300,228
437,20180330,958,92300,195
438,20180330,959,92400,2185
439,20180330,1000,92700,72
440,20180330,1001,92700,55
441,20180330,1002,92600,100
442,20180330,1003,92700,125
443,20180330,1004,92700,426
444,20180330,1005,92800,1036
445,20180330,1006,93000,153
446,20180330,1007,93000,217
447,20180330,1008,92900,242
448,20180330,1009,92900,434
449,20180330,1010,92700,185
450,20180330,1011,92700,61
451,20180330,1012,92700,5
452,20180330,1013,92700,162
453,20180330,1014,92600,742
454,20180330,1015,92500,956
455,20180330,1016,92500,6
456,20180330,1017,92400,1383
457,20180330,1018,92700,261
458,20180330,1019,92700,172
459,20180330,1020,92700,1126
460,20180330,1021,92600,123
461,20180330,1022,92500,104
462,20180330,1023,92500,163
463,20180330,1024,92500,130
464,20180330,1025,92600,51
465,20180330,1026,92500,406
466,20180330,1027,92500,1247
467,20180330,1028,92900,119
468,20180330,1029,92800,382
469,20180330,1030,93200,543
470,20180330,1031,93000,153
471,20180330,1032,92900,50
472,20180330,1033,93000,143
473,20180330,1034,93000,53
474,20180330,1035,92900,921
475,20180330,1036,93100,75
476,20180330,1037,93000,124
477,20180330,1038,93100,310
478,20180330,1039,93000,360
479,20180330,1040,93000,289
480,20180330,1041,93000,48
481,20180330,1042,93100,184
482,20180330,1043,93100,115
483,20180330,1044,93100,49
484,20180330,1045,93200,286
485,20180330,1046,93300,322
486,20180330,1047,93300,71
487,20180330,1048,93400,20
488,20180330,1049,93300,151
489,20180330,1050,93400,136
490,20180330,1051,93400,124
491,20180330,1052,93400,64
492,20180330,1053,93300,198
493,20180330,1054,93400,58
494,20180330,1055,93500,37
495,20180330,1056,93300,115
496,20180330,1057,93400,175
497,20180330,1058,93500,153
498,20180330,1059,93400,130
499,20180330,1100,93400,132
500,20180330,1101,93400,114
501,20180330,1102,93500,354
502,20180330,1103,93500,195
503,20180330,1104,93400,218
504,20180330,1105,93500,64
505,20180330,1106,93400,65
506,20180330,1107,93300,48
507,20180330,1108,93200,126
508,20180330,1109,93500,143
509,20180330,1110,93400,70
510,20180330,1111,93500,233
511,20180330,1112,93500,166
512,20180330,1113,93400,11
513,20180330,1114,93500,50
514,20180330,1115,93400,210
515,20180330,1116,93500,55
516,20180330,1117,93500,73
517,20180330,1118,93600,43
518,20180330,1119,93500,121
519,20180330,1120,93400,134
520,20180330,1121,93500,56
521,20180330,1122,93500,310
522,20180330,1123,93600,167
523,20180330,1124,93700,67
524,20180330,1125,93700,160
525,20180330,1126,93700,135
526,20180330,1127,93800,50
527,20180330,1128,93800,125
528,20180330,1129,93700,26
529,20180330,1130,93600,99
530,20180330,1131,93700,53
531,20180330,1132,93700,131
532,20180330,1133,93600,68
533,20180330,1134,93800,679
534,20180330,1135,94000,121
535,20180330,1136,93800,33
536,20180330,1137,93800,137
537,20180330,1138,93900,149
538,20180330,1139,93800,256
539,20180330,1140,94000,174
540,20180330,1141,94000,129
541,20180330,1142,94000,228
542,20180330,1143,93900,20
543,20180330,1144,93900,189
544,20180330,1145,93900,173
545,20180330,1146,93900,14
546,20180330,1147,94000,59
547,20180330,1148,94000,392
548,20180330,1149,93900,54
549,20180330,1150,94000,18
550,20180330,1151,93900,142
551,20180330,1152,93800,81
552,20180330,1153,94000,191
553,20180330,1154,94000,48
554,20180330,1155,93900,278
555,20180330,1156,93900,84
556,20180330,1157,94000,82
557,20180330,1158,94000,120
558,20180330,1159,94000,156
559,20180330,1200,94100,5
560,20180330,1201,94000,150
561,20180330,1202,94000,111
562,20180330,1203,94000,54
563,20180330,1204,93900,156
564,20180330,1205,93800,43
565,20180330,1206,93900,145
566,20180330,1207,93900,45
567,20180330,1208,93900,151
568,20180330,1209,93900,15
569,20180330,1210,93800,46
570,20180330,1211,93800,188
571,20180330,1212,93800,127
572,20180330,1213,93800,288
573,20180330,1214,94000,109
574,20180330,1215,93800,44
575,20180330,1216,93800,4
576,20180330,1217,93800,206
577,20180330,1218,93800,87
578,20180330,1219,93900,50
579,20180330,1220,93900,3
580,20180330,1221,94000,248
581,20180330,1222,93900,113
582,20180330,1223,94000,152
583,20180330,1224,94100,165
584,20180330,1225,94000,59
585,20180330,1226,94100,1
586,20180330,1227,94000,229
587,20180330,1228,93900,111
588,20180330,1229,93900,48
589,20180330,1230,93900,149
590,20180330,1231,93900,115
591,20180330,1232,93900,42
592,20180330,1233,93900,7
593,20180330,1234,93900,122
594,20180330,1235,93900,268
595,20180330,1236,93900,8
596,20180330,1237,93900,480
597,20180330,1239,93900,261
598,20180330,1240,93900,113
599,20180330,1241,93900,45
600,20180330,1242,93900,117
601,20180330,1244,93900,228
602,20180330,1245,94000,48
603,20180330,1246,93800,112
604,20180330,1247,93800,149
605,20180330,1248,93800,63
606,20180330,1249,93700,164
607,20180330,1250,93700,162
608,20180330,1251,93600,254
609,20180330,1252,93600,571
610,20180330,1253,93600,366
611,20180330,1254,93500,121
612,20180330,1255,93700,77
613,20180330,1256,93500,9
614,20180330,1257,93500,152
615,20180330,1258,93600,244
616,20180330,1259,93600,67
617,20180330,1300,93500,119
618,20180330,1301,93600,45
619,20180330,1302,93700,147
620,20180330,1303,93600,84
621,20180330,1304,93500,153
622,20180330,1305,93700,116
623,20180330,1306,93600,152
624,20180330,1307,93500,10
625,20180330,1308,93600,112
626,20180330,1309,93500,50
627,20180330,1310,93500,165
628,20180330,1311,93500,121
629,20180330,1312,93500,108
630,20180330,1313,93500,105
631,20180330,1314,93500,44
632,20180330,1315,93500,114
633,20180330,1316,93600,195
634,20180330,1318,93500,44
635,20180330,1319,93600,197
636,20180330,1320,93600,6
637,20180330,1321,93600,40
638,20180330,1322,93500,114
639,20180330,1323,93500,102
640,20180330,1324,93500,81
641,20180330,1325,93500,42
642,20180330,1326,93500,211
643,20180330,1327,93600,45
644,20180330,1328,93600,48
645,20180330,1329,93500,129
646,20180330,1330,93500,62
647,20180330,1331,93500,11
648,20180330,1332,93500,164
649,20180330,1333,93400,108
650,20180330,1334,93400,45
651,20180330,1335,93500,65
652,20180330,1336,93400,152
653,20180330,1337,93500,42
654,20180330,1338,93600,43
655,20180330,1339,93600,166
656,20180330,1340,93400,153
657,20180330,1341,93500,141
658,20180330,1342,93300,158
659,20180330,1344,93300,109
660,20180330,1345,93400,164
661,20180330,1346,93300,41
662,20180330,1347,93300,11
663,20180330,1348,93400,76
664,20180330,1349,93300,345
665,20180330,1350,93200,1
666,20180330,1351,93200,170
667,20180330,1352,93200,219
668,20180330,1354,93200,45
669,20180330,1355,93300,189
670,20180330,1356,93300,43
671,20180330,1357,93200,3
672,20180330,1358,93200,118
673,20180330,1359,93200,131
674,20180330,1400,93200,3
675,20180330,1401,93200,64
676,20180330,1402,93200,784
677,20180330,1403,93200,76
678,20180330,1405,93200,164
679,20180330,1406,93200,96
680,20180330,1407,93200,41
681,20180330,1408,93200,252
682,20180330,1409,93100,50
683,20180330,1410,93200,13
684,20180330,1411,93100,94
685,20180330,1412,93100,96
686,20180330,1413,93100,52
687,20180330,1414,93200,25
688,20180330,1415,93200,185
689,20180330,1416,93200,53
690,20180330,1417,93100,34
691,20180330,1418,93200,180
692,20180330,1419,93300,60
693,20180330,1420,93300,29
694,20180330,1421,93200,149
695,20180330,1422,93300,480
696,20180330,1423,93300,280
697,20180330,1424,93300,156
698,20180330,1425,93300,122
699,20180330,1426,93300,156
700,20180330,1427,93200,18
701,20180330,1428,93200,151
702,20180330,1429,93300,169
703,20180330,1430,93200,14
704,20180330,1431,93300,206
705,20180330,1432,93300,947
706,20180330,1433,93100,78
707,20180330,1434,93100,289
708,20180330,1435,93100,133
709,20180330,1436,93200,110
710,20180330,1437,93200,709
711,20180330,1438,93200,137
712,20180330,1439,93300,91
713,20180330,1440,93200,27
714,20180330,1441,93200,244
715,20180330,1442,93200,120
716,20180330,1443,93300,250
717,20180330,1444,93300,144
718,20180330,1445,93300,70
719,20180330,1446,93300,169
720,20180330,1447,93300,134
721,20180330,1448,93300,77
722,20180330,1449,93400,80
723,20180330,1450,93400,28
724,20180330,1451,93300,619
725,20180330,1452,93300,85
726,20180330,1453,93300,136
727,20180330,1454,93300,114
728,20180330,1455,93300,42
729,20180330,1456,93400,177
730,20180330,1457,93300,108
731,20180330,1458,93200,72
732,20180330,1459,93300,65
733,20180330,1500,93200,156
734,20180330,1501,93200,143
735,20180330,1502,93300,22
736,20180330,1503,93300,293
737,20180330,1504,93400,31
738,20180330,1505,93300,789
739,20180330,1506,93400,267
740,20180330,1507,93300,150
741,20180330,1508,93300,33
742,20180330,1509,93300,55
743,20180330,1510,93300,36
744,20180330,1511,93200,31
745,20180330,1512,93300,128
746,20180330,1513,93300,64
747,20180330,1514,93300,116
748,20180330,1515,93400,127
749,20180330,1516,93300,65
750,20180330,1517,93400,128
751,20180330,1518,93400,185
752,20180330,1519,93400,86
753,20180330,1520,93400,54
754,20180330,1530,93000,4196
0,20180402,901,92500,1632
1,20180402,902,93100,281
2,20180402,903,93000,926
3,20180402,904,93200,380
4,20180402,905,93300,69
5,20180402,906,93300,4
6,20180402,907,93000,161
7,20180402,908,92900,1310
8,20180402,909,93600,160
9,20180402,910,93500,63
10,20180402,911,93500,185
11,20180402,912,93500,387
12,20180402,913,93700,553
13,20180402,914,93800,90
14,20180402,915,93900,246
15,20180402,916,93900,791
16,20180402,917,94100,69
17,20180402,918,94000,523
18,20180402,919,94000,224
19,20180402,920,94000,86
20,20180402,921,93900,926
21,20180402,922,94100,64
22,20180402,923,94100,47
23,20180402,924,94100,494
24,20180402,925,94100,91
25,20180402,926,94100,86
26,20180402,927,93900,186
27,20180402,928,94000,553
28,20180402,929,94100,210
29,20180402,930,94000,98
30,20180402,931,94000,160
31,20180402,932,94000,59
32,20180402,933,93800,63
33,20180402,934,93800,153
34,20180402,935,93900,66
35,20180402,936,93900,3012
36,20180402,937,94400,724
37,20180402,938,94400,122
38,20180402,939,94500,431
39,20180402,940,94400,535
40,20180402,941,94500,119
41,20180402,942,94500,143
42,20180402,943,94600,497
43,20180402,944,94600,99
44,20180402,945,94600,122
45,20180402,946,94700,1118
46,20180402,947,94800,85
47,20180402,948,94800,52
48,20180402,949,94800,517
49,20180402,950,94400,324
50,20180402,951,94600,551
51,20180402,952,94700,42
52,20180402,953,94700,115
53,20180402,954,94600,83
54,20180402,955,94600,75
55,20180402,956,94500,328
56,20180402,957,94400,79
57,20180402,958,94500,90
58,20180402,959,94500,92
59,20180402,1000,94500,83
60,20180402,1001,94500,273
61,20180402,1002,94400,90
62,20180402,1003,94300,169
63,20180402,1004,94300,98
64,20180402,1005,94400,92
65,20180402,1006,94400,136
66,20180402,1007,94400,74
67,20180402,1008,94200,326
68,20180402,1009,94100,363
69,20180402,1010,94100,425
70,20180402,1011,94300,478
71,20180402,1012,94100,43
72,20180402,1013,94200,172
73,20180402,1014,94100,101
74,20180402,1015,94200,101
75,20180402,1016,94400,478
76,20180402,1017,94300,230
77,20180402,1018,94300,24
78,20180402,1019,94300,78
79,20180402,1020,94300,87
80,20180402,1021,94400,124
81,20180402,1022,94300,101
82,20180402,1023,94200,51
83,20180402,1024,94400,356
84,20180402,1025,94300,125
85,20180402,1026,94400,88
86,20180402,1027,94400,67
87,20180402,1028,94300,110
88,20180402,1029,94200,338
89,20180402,1030,94400,148
90,20180402,1031,94500,293
91,20180402,1032,94500,10
92,20180402,1033,94400,127
93,20180402,1034,94400,71
94,20180402,1035,94500,24
95,20180402,1036,94400,104
96,20180402,1037,94400,94
97,20180402,1038,94400,174
98,20180402,1039,94400,185
99,20180402,1040,94400,10
100,20180402,1041,94400,3
101,20180402,1042,94400,582
102,20180402,1043,94400,71
103,20180402,1044,94400,41
104,20180402,1046,94300,54
105,20180402,1047,94300,270
106,20180402,1048,94400,398
107,20180402,1049,94400,48
108,20180402,1050,94400,42
109,20180402,1051,94300,187
110,20180402,1052,94200,593
111,20180402,1053,94400,79
112,20180402,1054,94500,348
113,20180402,1055,94500,311
114,20180402,1056,94400,101
115,20180402,1057,94400,131
116,20180402,1058,94400,144
117,20180402,1059,94400,157
118,20180402,1100,94300,7
119,20180402,1101,94400,41
120,20180402,1102,94300,4
121,20180402,1103,94300,516
122,20180402,1104,94300,96
123,20180402,1105,94300,21
124,20180402,1106,94200,3
125,20180402,1107,94300,196
126,20180402,1108,94200,202
127,20180402,1109,94300,8
128,20180402,1110,94300,1
129,20180402,1111,94300,235
130,20180402,1113,94300,25
131,20180402,1114,94400,1
132,20180402,1115,94400,927
133,20180402,1116,94300,22
134,20180402,1117,94300,349
135,20180402,1118,94100,4
136,20180402,1119,94200,776
137,20180402,1120,94100,256
138,20180402,1121,94200,36
139,20180402,1122,94200,47
140,20180402,1123,94300,209
141,20180402,1124,94300,49
142,20180402,1125,94200,596
143,20180402,1126,94200,47
144,20180402,1127,94100,50
145,20180402,1128,94200,17
146,20180402,1129,94100,138
147,20180402,1130,94200,20
148,20180402,1131,94100,4
149,20180402,1132,94100,171
150,20180402,1133,94100,880
151,20180402,1134,94100,157
152,20180402,1135,94100,167
153,20180402,1136,94000,24
154,20180402,1137,94100,23
155,20180402,1138,94000,312
156,20180402,1139,94000,173
157,20180402,1140,93900,156
158,20180402,1141,94000,63
159,20180402,1142,93900,31
160,20180402,1143,93900,20
161,20180402,1144,93900,49
162,20180402,1145,94000,269
163,20180402,1146,93900,46
164,20180402,1147,94000,5
165,20180402,1148,94000,19
166,20180402,1149,93900,39
167,20180402,1150,93900,1285
168,20180402,1151,93600,338
169,20180402,1152,93700,556
170,20180402,1153,93500,370
171,20180402,1154,93500,4
172,20180402,1155,93500,578
173,20180402,1156,93600,270
174,20180402,1157,93600,226
175,20180402,1158,93600,27
176,20180402,1159,93700,51
177,20180402,1200,93700,7
178,20180402,1201,93700,41
179,20180402,1202,93600,42
180,20180402,1203,93700,41
181,20180402,1204,93600,9
182,20180402,1205,93700,50
183,20180402,1206,93600,56
184,20180402,1207,93700,83
185,20180402,1208,93700,230
186,20180402,1209,93600,131
187,20180402,1210,93800,140
188,20180402,1211,93800,101
189,20180402,1212,93800,60
190,20180402,1213,93900,105
191,20180402,1214,93900,426
192,20180402,1215,93800,20
193,20180402,1216,93800,11
194,20180402,1217,93800,32
195,20180402,1218,93700,34
196,20180402,1219,93800,2
197,20180402,1220,93700,38
198,20180402,1221,93800,26
199,20180402,1222,93700,837
200,20180402,1223,93600,27
201,20180402,1224,93600,26
202,20180402,1225,93700,29
203,20180402,1226,93600,166
204,20180402,1227,93600,35
205,20180402,1228,93600,33
206,20180402,1229,93600,27
207,20180402,1230,93500,37
208,20180402,1231,93500,56
209,20180402,1232,93600,34
210,20180402,1233,93500,108
211,20180402,1234,93500,222
212,20180402,1235,93400,50
213,20180402,1236,93400,32
214,20180402,1237,93500,57
215,20180402,1238,93400,340
216,20180402,1239,93200,172
217,20180402,1240,93100,436
218,20180402,1241,93400,8
219,20180402,1242,93400,103
220,20180402,1243,93500,47
221,20180402,1244,93400,33
222,20180402,1245,93500,5
223,20180402,1246,93500,23
224,20180402,1247,93500,55
225,20180402,1248,93400,19
226,20180402,1249,93400,119
227,20180402,1250,93500,54
228,20180402,1251,93500,11
229,20180402,1252,93500,54
230,20180402,1253,93500,63
231,20180402,1254,93500,515
232,20180402,1255,93300,26
233,20180402,1256,93300,244
234,20180402,1257,93100,115
235,20180402,1259,93200,25
236,20180402,1300,93100,215
237,20180402,1301,93300,50
238,20180402,1302,93200,58
239,20180402,1303,93300,109
240,20180402,1304,93400,53
241,20180402,1305,93400,158
242,20180402,1306,93300,44
243,20180402,1307,93300,2
244,20180402,1308,93300,186
245,20180402,1309,93300,26
246,20180402,1310,93400,40
247,20180402,1311,93300,132
248,20180402,1312,93400,152
249,20180402,1313,93300,156
250,20180402,1314,93400,116
251,20180402,1315,93400,108
252,20180402,1316,93300,77
253,20180402,1317,93200,43
254,20180402,1318,93200,91
255,20180402,1319,93300,31
256,20180402,1320,93300,34
257,20180402,1321,93200,127
258,20180402,1322,93300,25
259,20180402,1323,93200,110
260,20180402,1324,93200,265
261,20180402,1325,93200,56
262,20180402,1326,93200,148
263,20180402,1327,93100,2
264,20180402,1328,93100,33
265,20180402,1329,93100,6
266,20180402,1330,93100,36
267,20180402,1331,93100,1443
268,20180402,1332,92800,254
269,20180402,1333,92700,46
270,20180402,1334,92800,395
271,20180402,1335,92900,59
272,20180402,1336,92900,16
273,20180402,1337,92900,21
274,20180402,1338,92900,155
275,20180402,1339,92800,97
276,20180402,1340,92800,51
277,20180402,1341,92900,297
278,20180402,1342,92800,175
279,20180402,1343,92800,157
280,20180402,1344,92800,41
281,20180402,1345,92800,29
282,20180402,1346,92700,10
283,20180402,1347,92800,51
284,20180402,1348,92700,73
285,20180402,1349,92800,3
286,20180402,1350,92700,401
287,20180402,1351,92700,688
288,20180402,1352,92800,1371
289,20180402,1353,92800,548
290,20180402,1354,92800,61
291,20180402,1355,92800,94
292,20180402,1356,92900,513
293,20180402,1357,92800,34
294,20180402,1358,92800,76
295,20180402,1359,92900,28
296,20180402,1400,92800,129
297,20180402,1401,92800,241
298,20180402,1402,92800,172
299,20180402,1403,92600,3
300,20180402,1404,92600,58
301,20180402,1405,92600,653
302,20180402,1406,92900,171
303,20180402,1407,92900,37
304,20180402,1408,93000,92
305,20180402,1409,92800,363
306,20180402,1410,93000,332
307,20180402,1411,93100,29
308,20180402,1412,93100,232
309,20180402,1413,93000,31
310,20180402,1414,92900,31
311,20180402,1415,93000,53
312,20180402,1416,93000,214
313,20180402,1417,92900,94
314,20180402,1418,92800,109
315,20180402,1419,92800,101
316,20180402,1420,92800,11
317,20180402,1421,92900,524
318,20180402,1422,92600,404
319,20180402,1423,92900,60
320,20180402,1424,92900,88
321,20180402,1425,92900,3
322,20180402,1426,92900,16
323,20180402,1427,92900,104
324,20180402,1428,92900,51
325,20180402,1429,92900,213
326,20180402,1430,92900,27
327,20180402,1431,92900,86
328,20180402,1432,92900,13
329,20180402,1433,92900,107
330,20180402,1434,93000,37
331,20180402,1435,92900,77
332,20180402,1436,92900,457
333,20180402,1437,93000,403
334,20180402,1438,93100,108
335,20180402,1439,93100,1413
336,20180402,1440,93200,18
337,20180402,1441,93300,800
338,20180402,1442,93400,56
339,20180402,1443,93200,22
340,20180402,1444,93200,42
341,20180402,1445,93300,20
342,20180402,1446,93300,333
343,20180402,1447,93500,27
344,20180402,1448,93600,133
345,20180402,1449,93400,25
346,20180402,1450,93400,378
347,20180402,1451,93500,396
348,20180402,1452,93300,50
349,20180402,1453,93500,1398
350,20180402,1454,93400,422
351,20180402,1455,93200,53
352,20180402,1456,93400,29
353,20180402,1457,93400,171
354,20180402,1458,93200,153
355,20180402,1459,93200,39
356,20180402,1500,93300,122
357,20180402,1501,93300,107
358,20180402,1502,93100,6
359,20180402,1503,93100,2057
360,20180402,1504,93100,61
361,20180402,1505,93100,385
362,20180402,1506,93200,5
363,20180402,1507,93200,8
364,20180402,1508,93200,119
365,20180402,1509,93100,38
366,20180402,1510,93100,327
367,20180402,1511,93000,208
368,20180402,1512,93000,4
369,20180402,1513,92900,62
370,20180402,1514,92900,411
371,20180402,1515,92900,73
372,20180402,1516,92900,288
373,20180402,1517,92900,129
374,20180402,1518,93000,76
375,20180402,1519,93000,357
376,20180402,1520,93000,53
377,20180402,1530,93200,926
378,20180403,901,92700,351
379,20180403,902,92400,148
380,20180403,903,92200,120
381,20180403,904,92300,85
382,20180403,905,92300,166
383,20180403,906,92300,60
384,20180403,907,92300,234
385,20180403,908,92200,1242
386,20180403,909,91900,1102
387,20180403,910,92000,104
388,20180403,911,92200,217
389,20180403,912,92300,144
390,20180403,913,92400,253
391,20180403,914,92200,344
392,20180403,916,92100,246
393,20180403,917,92100,65
394,20180403,918,92100,123
395,20180403,919,92100,1286
396,20180403,920,91600,554
397,20180403,921,91600,376
398,20180403,923,91600,243
399,20180403,924,91700,72
400,20180403,925,91500,1080
401,20180403,926,91400,20
402,20180403,927,91400,444
403,20180403,928,91500,137
404,20180403,929,91500,32
405,20180403,930,91500,211
406,20180403,931,91600,20
407,20180403,932,91600,390
408,20180403,933,91700,267
409,20180403,934,91900,7
410,20180403,935,91900,223
411,20180403,936,91700,25
412,20180403,937,91600,71
413,20180403,938,91500,108
414,20180403,939,91600,31
415,20180403,940,91600,322
416,20180403,941,91900,82
417,20180403,942,91700,19
418,20180403,943,91800,32
419,20180403,944,91800,114
420,20180403,945,91800,64
421,20180403,946,91900,56
422,20180403,947,91900,69
423,20180403,948,91800,220
424,20180403,949,91900,105
425,20180403,950,91900,20
426,20180403,951,91800,49
427,20180403,952,91800,267
428,20180403,953,91700,84
429,20180403,954,91700,90
430,20180403,955,91800,20
431,20180403,956,91800,59
432,20180403,957,91800,126
433,20180403,958,91700,33
434,20180403,959,91700,131
435,20180403,1000,91800,84
436,20180403,1001,91900,47
437,20180403,1002,91800,23
438,20180403,1003,91700,189
439,20180403,1004,91900,219
440,20180403,1005,92000,54
441,20180403,1006,92000,240
442,20180403,1007,91800,133
443,20180403,1008,91800,278
444,20180403,1009,91900,231
445,20180403,1010,91700,79
446,20180403,1011,91800,172
447,20180403,1012,91800,24
448,20180403,1013,91800,51
449,20180403,1014,91900,62
450,20180403,1015,92000,56
451,20180403,1016,91800,200
452,20180403,1017,91800,568
453,20180403,1018,91700,42
454,20180403,1019,91600,1395
455,20180403,1020,91400,74
456,20180403,1021,91500,104
457,20180403,1022,91400,84
458,20180403,1023,91600,34
459,20180403,1024,91600,134
460,20180403,1025,91500,456
461,20180403,1026,91600,145
462,20180403,1027,91900,50
463,20180403,1028,91800,137
464,20180403,1029,91900,36
465,20180403,1030,91900,34
466,20180403,1031,91900,42
467,20180403,1032,91900,228
468,20180403,1033,91700,334
469,20180403,1034,91600,293
470,20180403,1035,91600,115
471,20180403,1036,91600,34
472,20180403,1037,91600,548
473,20180403,1038,91600,65
474,20180403,1039,91700,109
475,20180403,1040,91700,98
476,20180403,1041,91700,83
477,20180403,1042,91600,104
478,20180403,1043,91600,22
479,20180403,1044,91700,132
480,20180403,1045,91600,95
481,20180403,1046,91700,54
482,20180403,1047,91600,105
483,20180403,1048,91500,34
484,20180403,1049,91600,493
485,20180403,1050,91700,38
486,20180403,1051,91600,129
487,20180403,1052,91700,86
488,20180403,1053,91700,174
489,20180403,1054,91600,78
490,20180403,1055,91600,105
491,20180403,1056,91700,128
492,20180403,1057,91600,134
493,20180403,1058,91600,168
494,20180403,1059,91700,347
495,20180403,1100,91500,34
496,20180403,1101,91500,118
497,20180403,1102,91500,142
498,20180403,1103,91500,1024
499,20180403,1104,91500,163
500,20180403,1105,91600,43
501,20180403,1106,91500,243
502,20180403,1107,91600,36
503,20180403,1108,91500,121
504,20180403,1109,91600,45
505,20180403,1110,91500,342
506,20180403,1111,91500,45
507,20180403,1112,91600,117
508,20180403,1113,91500,79
509,20180403,1114,91600,713
510,20180403,1115,91600,299
511,20180403,1116,91600,107
512,20180403,1117,91500,49
513,20180403,1118,91500,138
514,20180403,1119,91700,185
515,20180403,1120,91700,62
516,20180403,1121,91600,64
517,20180403,1122,91600,47
518,20180403,1123,91500,235
519,20180403,1124,91600,27
520,20180403,1125,91600,168
521,20180403,1126,91500,122
522,20180403,1127,91500,1049
523,20180403,1128,91500,57
524,20180403,1129,91500,106
525,20180403,1130,91600,103
526,20180403,1131,91600,128
527,20180403,1132,91600,33
528,20180403,1133,91600,167
529,20180403,1134,91500,286
530,20180403,1135,91600,356
531,20180403,1136,91600,157
532,20180403,1137,91500,121
533,20180403,1138,91500,104
534,20180403,1139,91600,693
535,20180403,1140,91700,81
536,20180403,1141,91600,115
537,20180403,1142,91500,159
538,20180403,1143,91600,88
539,20180403,1144,91600,156
540,20180403,1145,91500,47
541,20180403,1146,91600,350
542,20180403,1147,91600,100
543,20180403,1148,91700,118
544,20180403,1149,91600,47
545,20180403,1150,91500,127
546,20180403,1151,91600,34
547,20180403,1152,91600,130
548,20180403,1153,91600,138
549,20180403,1154,91600,82
550,20180403,1155,91500,131
551,20180403,1156,91600,62
552,20180403,1157,91600,104
553,20180403,1158,91500,233
554,20180403,1159,91600,99
555,20180403,1200,91500,78
556,20180403,1201,91600,229
557,20180403,1202,91500,76
558,20180403,1203,91500,703
559,20180403,1204,91600,935
560,20180403,1205,91700,172
561,20180403,1206,91700,43
562,20180403,1207,91700,342
563,20180403,1208,91600,61
564,20180403,1209,91600,171
565,20180403,1210,91600,125
566,20180403,1211,91600,85
567,20180403,1212,91600,140
568,20180403,1213,91700,60
569,20180403,1214,91600,127
570,20180403,1215,91600,18
571,20180403,1216,91600,140
572,20180403,1217,91700,105
573,20180403,1218,91600,119
574,20180403,1219,91600,69
575,20180403,1220,91600,173
576,20180403,1221,91600,71
577,20180403,1222,91600,169
578,20180403,1223,91600,131
579,20180403,1224,91600,331
580,20180403,1225,91600,45
581,20180403,1226,91600,102
582,20180403,1227,91600,172
583,20180403,1228,91600,30
584,20180403,1229,91600,137
585,20180403,1230,91600,91
586,20180403,1231,91600,111
587,20180403,1232,91600,55
588,20180403,1233,91700,157
589,20180403,1234,91600,624
590,20180403,1235,91500,117
591,20180403,1236,91500,64
592,20180403,1237,91500,111
593,20180403,1238,91500,152
594,20180403,1239,91500,125
595,20180403,1240,91500,179
596,20180403,1241,91500,2130
597,20180403,1242,91500,2050
598,20180403,1243,91500,106
599,20180403,1244,91600,98
600,20180403,1245,91500,86
601,20180403,1246,91500,103
602,20180403,1247,91500,99
603,20180403,1248,91600,146
604,20180403,1249,91500,381
605,20180403,1250,91500,131
606,20180403,1251,91500,53
607,20180403,1252,91500,186
608,20180403,1253,91500,51
609,20180403,1254,91500,142
610,20180403,1255,91600,23
611,20180403,1256,91500,1674
612,20180403,1257,91500,912
613,20180403,1258,91500,204
614,20180403,1259,91500,99
615,20180403,1300,91400,105
616,20180403,1301,91500,130
617,20180403,1302,91500,113
618,20180403,1303,91500,175
619,20180403,1304,91500,48
620,20180403,1305,91500,89
621,20180403,1306,91500,268
622,20180403,1307,91500,110
623,20180403,1308,91600,66
624,20180403,1309,91500,134
625,20180403,1310,91500,139
626,20180403,1311,91500,102
627,20180403,1312,91500,153
628,20180403,1313,91500,88
629,20180403,1314,91500,69
630,20180403,1315,91500,190
631,20180403,1316,91500,360
632,20180403,1317,91500,177
633,20180403,1318,91500,689
634,20180403,1319,91500,113
635,20180403,1320,91500,138
636,20180403,1321,91500,64
637,20180403,1322,91500,150
638,20180403,1323,91500,67
639,20180403,1324,91400,136
640,20180403,1325,91400,61
641,20180403,1326,91400,96
642,20180403,1327,91400,64
643,20180403,1328,91400,351
644,20180403,1329,91400,5
645,20180403,1330,91400,205
646,20180403,1331,91400,247
647,20180403,1332,91400,219
648,20180403,1333,91300,164
649,20180403,1334,91300,126
650,20180403,1335,91300,1683
651,20180403,1336,91200,558
652,20180403,1337,91100,819
653,20180403,1338,91000,281
654,20180403,1339,91200,180
655,20180403,1340,91300,113
656,20180403,1341,91400,96
657,20180403,1342,91100,102
658,20180403,1343,91200,40
659,20180403,1344,91200,180
660,20180403,1345,91200,136
661,20180403,1346,91100,177
662,20180403,1347,91100,147
663,20180403,1348,91100,139
664,20180403,1349,91100,523
665,20180403,1350,91100,138
666,20180403,1351,91100,203
667,20180403,1352,91300,201
668,20180403,1353,91300,75
669,20180403,1354,91200,86
670,20180403,1355,91200,123
671,20180403,1356,91300,88
672,20180403,1357,91300,113
673,20180403,1358,91300,140
674,20180403,1359,91400,87
675,20180403,1400,91400,154
676,20180403,1401,91300,85
677,20180403,1402,91400,122
678,20180403,1403,91500,64
679,20180403,1404,91400,134
680,20180403,1405,91400,400
681,20180403,1406,91400,114
682,20180403,1407,91300,70
683,20180403,1408,91200,168
684,20180403,1409,91200,288
685,20180403,1410,91300,27
686,20180403,1411,91200,219
687,20180403,1412,91300,65
688,20180403,1413,91300,308
689,20180403,1414,91300,74
690,20180403,1415,91400,145
691,20180403,1416,91300,352
692,20180403,1417,91200,86
693,20180403,1418,91200,316
694,20180403,1419,91200,532
695,20180403,1420,91100,8
696,20180403,1421,91200,278
697,20180403,1422,91100,86
698,20180403,1423,91200,91
699,20180403,1424,91100,82
700,20180403,1425,91100,816
701,20180403,1426,91100,260
702,20180403,1427,91100,162
703,20180403,1428,91100,97
704,20180403,1429,91100,135
705,20180403,1430,91100,164
706,20180403,1431,91100,33
707,20180403,1432,91100,168
708,20180403,1433,91200,117
709,20180403,1434,91100,102
710,20180403,1435,91100,65
711,20180403,1436,91100,128
712,20180403,1437,91100,98
713,20180403,1438,91100,196
714,20180403,1439,91100,80
715,20180403,1440,91100,180
716,20180403,1441,91100,1927
717,20180403,1442,91200,159
718,20180403,1443,91200,111
719,20180403,1444,91200,75
720,20180403,1445,91200,127
721,20180403,1446,91300,48
722,20180403,1447,91200,144
723,20180403,1448,91200,1394
724,20180403,1449,91600,250
725,20180403,1450,91500,48
726,20180403,1451,91500,279
727,20180403,1452,91600,44
728,20180403,1453,91700,157
729,20180403,1454,91600,264
730,20180403,1455,91700,127
731,20180403,1456,91500,105
732,20180403,1457,91500,95
733,20180403,1458,91500,26
734,20180403,1459,91400,1302
735,20180403,1500,91300,139
736,20180403,1501,91300,257
737,20180403,1502,91200,68
738,20180403,1503,91300,97
739,20180403,1504,91300,73
740,20180403,1505,91200,17
741,20180403,1506,91400,71
742,20180403,1507,91300,60
743,20180403,1508,91300,19
744,20180403,1509,91200,352
745,20180403,1510,91200,158
746,20180403,1511,91200,23
747,20180403,1512,91300,444
748,20180403,1513,91200,386
749,20180403,1514,91300,187
750,20180403,1515,91300,50
751,20180403,1516,91200,100
752,20180403,1517,91300,282
753,20180403,1518,91200,144
754,20180403,1519,91300,83
755,20180403,1520,91400,35
756,20180403,1530,91500,3813
0,20180404,901,91500,1808
1,20180404,902,91100,528
2,20180404,903,91400,640
3,20180404,904,91900,1305
4,20180404,905,91900,112
5,20180404,906,91800,11
6,20180404,907,91500,552
7,20180404,908,91600,154
8,20180404,909,91700,252
9,20180404,910,91300,766
10,20180404,911,91200,202
11,20180404,912,91200,27
12,20180404,913,91200,359
13,20180404,914,91200,84
14,20180404,915,91200,108
15,20180404,916,91400,490
16,20180404,917,91300,16
17,20180404,918,91300,94
18,20180404,919,91200,166
19,20180404,920,91200,10
20,20180404,921,91200,106
21,20180404,922,91200,94
22,20180404,923,91100,186
23,20180404,924,91300,50
24,20180404,925,91400,261
25,20180404,926,91300,104
26,20180404,927,91300,173
27,20180404,928,91300,2847
28,20180404,929,92100,605
29,20180404,930,92000,283
30,20180404,931,92200,377
31,20180404,932,91900,74
32,20180404,933,91700,228
33,20180404,934,91800,67
34,20180404,935,91800,164
35,20180404,936,91800,76
36,20180404,937,91700,436
37,20180404,938,92000,84
38,20180404,939,91900,171
39,20180404,940,92000,415
40,20180404,941,92200,208
41,20180404,942,92300,343
42,20180404,943,92100,505
43,20180404,944,92200,160
44,20180404,945,92200,561
45,20180404,946,92100,117
46,20180404,947,92200,148
47,20180404,948,92200,227
48,20180404,949,92200,271
49,20180404,950,92200,82
50,20180404,951,92200,250
51,20180404,952,92200,228
52,20180404,953,92400,1024
53,20180404,954,92500,136
54,20180404,955,92700,282
55,20180404,956,92700,517
56,20180404,957,92900,310
57,20180404,958,92700,411
58,20180404,959,92800,495
59,20180404,1000,92900,378
60,20180404,1001,93000,127
61,20180404,1002,92900,619
62,20180404,1003,93100,458
63,20180404,1004,93200,61
64,20180404,1005,93100,659
65,20180404,1006,93100,76
66,20180404,1007,93000,41
67,20180404,1008,93000,295
68,20180404,1009,92900,69
69,20180404,1010,92800,1396
70,20180404,1011,93400,419
71,20180404,1012,93300,3305
72,20180404,1013,93800,1638
73,20180404,1014,94100,651
74,20180404,1015,93800,375
75,20180404,1016,93900,73
76,20180404,1017,93800,718
77,20180404,1018,93900,1033
78,20180404,1019,94000,1056
79,20180404,1020,93900,456
80,20180404,1021,93900,158
81,20180404,1022,94000,1520
82,20180404,1023,94100,1676
83,20180404,1024,94500,712
84,20180404,1025,94500,939
85,20180404,1026,94300,910
86,20180404,1027,94100,606
87,20180404,1028,94500,325
88,20180404,1029,94500,371
89,20180404,1030,94100,81
90,20180404,1031,94200,963
91,20180404,1032,94100,534
92,20180404,1033,94300,430
93,20180404,1034,94400,354
94,20180404,1035,94300,193
95,20180404,1036,94300,467
96,20180404,1037,94300,627
97,20180404,1038,94200,96
98,20180404,1039,94300,931
99,20180404,1040,93900,181
100,20180404,1041,94000,127
101,20180404,1042,94000,852
102,20180404,1043,93900,893
103,20180404,1044,94300,83
104,20180404,1045,94300,922
105,20180404,1046,94300,539
106,20180404,1047,94400,278
107,20180404,1048,94200,135
108,20180404,1049,94200,1049
109,20180404,1050,94400,1991
110,20180404,1051,94500,3713
111,20180404,1052,94700,43
112,20180404,1053,94700,2905
113,20180404,1054,94800,284
114,20180404,1055,94700,61
115,20180404,1056,94700,88
116,20180404,1057,94700,325
117,20180404,1058,94700,117
118,20180404,1059,94700,1913
119,20180404,1100,94900,1285
120,20180404,1101,95000,5034
121,20180404,1102,95500,1348
122,20180404,1103,95400,562
123,20180404,1104,95400,423
124,20180404,1105,95400,498
125,20180404,1106,95400,537
126,20180404,1107,95400,271
127,20180404,1108,95500,485
128,20180404,1109,95400,284
129,20180404,1110,95500,1225
130,20180404,1111,95600,1281
131,20180404,1112,95700,830
132,20180404,1113,95500,38
133,20180404,1114,95500,1017
134,20180404,1115,95700,1087
135,20180404,1116,95700,363
136,20180404,1117,95900,537
137,20180404,1118,95700,90
138,20180404,1119,95700,1046
139,20180404,1120,95800,496
140,20180404,1121,95600,1093
141,20180404,1122,95400,228
142,20180404,1123,95200,488
143,20180404,1124,95400,991
144,20180404,1125,95500,127
145,20180404,1126,95600,674
146,20180404,1127,95600,209
147,20180404,1128,95600,316
148,20180404,1129,95400,68
149,20180404,1130,95400,693
150,20180404,1131,95600,228
151,20180404,1132,95400,375
152,20180404,1133,95500,597
153,20180404,1134,95600,158
154,20180404,1135,95500,645
155,20180404,1136,95500,120
156,20180404,1137,95600,560
157,20180404,1138,95600,281
158,20180404,1139,95600,486
159,20180404,1140,95600,132
160,20180404,1141,95600,412
161,20180404,1142,95400,451
162,20180404,1143,95300,775
163,20180404,1144,95600,145
164,20180404,1145,95400,2746
165,20180404,1146,94900,887
166,20180404,1147,95200,464
167,20180404,1148,95300,369
168,20180404,1149,95300,423
169,20180404,1150,95500,67
170,20180404,1151,95400,1520
171,20180404,1152,95600,1363
172,20180404,1153,95700,8412
173,20180404,1154,95900,431
174,20180404,1155,96000,206
175,20180404,1156,96000,374
176,20180404,1157,95800,142
177,20180404,1158,95800,125
178,20180404,1159,95700,200
179,20180404,1200,95900,319
180,20180404,1201,95800,189
181,20180404,1202,95800,166
182,20180404,1203,95800,24
183,20180404,1204,95800,102
184,20180404,1205,95700,369
185,20180404,1206,95500,556
186,20180404,1207,95800,45
187,20180404,1208,95800,75
188,20180404,1209,95800,186
189,20180404,1210,95700,149
190,20180404,1211,95600,137
191,20180404,1212,95500,285
192,20180404,1213,95600,345
193,20180404,1214,95500,57
194,20180404,1215,95500,66
195,20180404,1216,95500,35
196,20180404,1217,95500,206
197,20180404,1218,95600,107
198,20180404,1219,95500,36
199,20180404,1220,95500,227
200,20180404,1221,95500,120
201,20180404,1222,95500,39
202,20180404,1223,95500,75
203,20180404,1224,95600,261
204,20180404,1225,95600,115
205,20180404,1226,95500,221
206,20180404,1227,95500,86
207,20180404,1228,95500,136
208,20180404,1229,95400,411
209,20180404,1230,95400,28
210,20180404,1231,95400,142
211,20180404,1232,95500,725
212,20180404,1233,95400,52
213,20180404,1234,95300,78
214,20180404,1235,95300,147
215,20180404,1236,95500,287
216,20180404,1237,95500,473
217,20180404,1238,95200,49
218,20180404,1239,95300,185
219,20180404,1240,95300,94
220,20180404,1241,95400,123
221,20180404,1242,95300,371
222,20180404,1243,95400,118
223,20180404,1244,95400,55
224,20180404,1245,95400,215
225,20180404,1246,95400,219
226,20180404,1247,95400,149
227,20180404,1248,95300,583
228,20180404,1249,95000,1640
229,20180404,1250,94300,1246
230,20180404,1251,94900,231
231,20180404,1252,94900,569
232,20180404,1253,95200,816
233,20180404,1254,95000,139
234,20180404,1255,94800,1138
235,20180404,1256,94900,118
236,20180404,1257,94700,161
237,20180404,1258,94900,55
238,20180404,1259,94900,123
239,20180404,1300,94800,376
240,20180404,1301,95100,197
241,20180404,1302,95000,211
242,20180404,1303,95100,117
243,20180404,1304,95100,141
244,20180404,1305,95000,206
245,20180404,1306,95100,67
246,20180404,1307,95100,98
247,20180404,1308,95100,318
248,20180404,1309,95200,83
249,20180404,1310,95200,72
250,20180404,1311,95100,125
251,20180404,1312,95200,43
252,20180404,1313,95300,153
253,20180404,1314,95300,254
254,20180404,1315,95100,212
255,20180404,1316,95100,111
256,20180404,1317,95000,113
257,20180404,1318,95000,194
258,20180404,1319,95200,255
259,20180404,1320,94800,248
260,20180404,1321,94900,65
261,20180404,1322,95000,245
262,20180404,1323,94900,149
263,20180404,1324,94900,240
264,20180404,1325,94900,200
265,20180404,1326,95100,135
266,20180404,1327,95000,115
267,20180404,1328,94900,122
268,20180404,1329,94900,142
269,20180404,1330,95000,166
270,20180404,1331,94800,69
271,20180404,1332,95000,117
272,20180404,1333,94800,131
273,20180404,1334,94900,159
274,20180404,1335,94900,350
275,20180404,1336,94900,56
276,20180404,1337,94800,216
277,20180404,1338,94900,787
278,20180404,1339,95000,76
279,20180404,1340,94900,155
280,20180404,1341,94900,120
281,20180404,1342,94800,93
282,20180404,1343,94800,182
283,20180404,1344,94800,149
284,20180404,1345,94800,109
285,20180404,1346,94700,36
286,20180404,1347,94700,239
287,20180404,1348,94700,280
288,20180404,1349,94700,67
289,20180404,1350,94700,1415
290,20180404,1351,94300,593
291,20180404,1352,94200,424
292,20180404,1353,94100,566
293,20180404,1354,94200,601
294,20180404,1355,94200,529
295,20180404,1356,94000,315
296,20180404,1357,94200,237
297,20180404,1358,94000,334
298,20180404,1359,94100,963
299,20180404,1400,94400,40
300,20180404,1401,94400,1418
301,20180404,1402,94100,179
302,20180404,1403,94300,607
303,20180404,1404,94200,42
304,20180404,1405,94200,275
305,20180404,1406,94100,111
306,20180404,1407,94200,47
307,20180404,1408,94200,65
308,20180404,1409,94200,80
309,20180404,1410,94200,176
310,20180404,1411,94300,544
311,20180404,1412,94000,1370
312,20180404,1413,94300,245
313,20180404,1414,94200,65
314,20180404,1415,94300,405
315,20180404,1416,94000,63
316,20180404,1417,94000,140
317,20180404,1418,94100,49
318,20180404,1419,94000,409
319,20180404,1420,93800,110
320,20180404,1421,94000,110
321,20180404,1422,94000,791
322,20180404,1423,94200,37
323,20180404,1424,94200,243
324,20180404,1425,94200,975
325,20180404,1426,94500,154
326,20180404,1427,94500,139
327,20180404,1428,94500,182
328,20180404,1429,94500,137
329,20180404,1430,94400,203
330,20180404,1431,94300,88
331,20180404,1432,94300,220
332,20180404,1433,94200,287
333,20180404,1434,94100,102
334,20180404,1435,94200,949
335,20180404,1436,94000,1281
336,20180404,1437,93800,892
337,20180404,1438,94100,26
338,20180404,1439,94100,250
339,20180404,1440,94100,165
340,20180404,1441,94000,901
341,20180404,1442,93800,183
342,20180404,1443,93800,12
343,20180404,1444,93900,58
344,20180404,1445,93900,50
345,20180404,1446,93900,136
346,20180404,1447,93900,55
347,20180404,1448,93900,96
348,20180404,1449,93900,992
349,20180404,1450,93800,562
350,20180404,1451,93700,94
351,20180404,1452,93800,1968
352,20180404,1453,94000,131
353,20180404,1454,94000,268
354,20180404,1455,94100,13
355,20180404,1456,94100,58
356,20180404,1457,94100,404
357,20180404,1458,94100,34
358,20180404,1459,94100,3
359,20180404,1500,94100,556
360,20180404,1501,94000,699
361,20180404,1502,94000,18
362,20180404,1503,94100,516
363,20180404,1504,94200,571
364,20180404,1505,94400,102
365,20180404,1506,94400,17
366,20180404,1507,94400,25
367,20180404,1508,94400,532
368,20180404,1509,94400,115
369,20180404,1510,94500,208
370,20180404,1511,94600,36
371,20180404,1512,94600,28
372,20180404,1513,94700,66
373,20180404,1514,94700,828
374,20180404,1515,94500,137
375,20180404,1516,94600,3
376,20180404,1517,94500,812
377,20180404,1518,94200,232
378,20180404,1519,94600,48
379,20180404,1520,94600,61
380,20180404,1530,94500,3805
381,20180405,901,95100,1961
382,20180405,902,95600,1451
383,20180405,903,96000,656
384,20180405,904,95500,879
385,20180405,905,95100,385
386,20180405,906,95300,535
387,20180405,907,95400,381
388,20180405,908,95400,312
389,20180405,909,95300,573
390,20180405,910,95400,37
391,20180405,911,95300,186
392,20180405,912,95300,1008
393,20180405,913,95700,464
394,20180405,914,95900,1115
395,20180405,915,95400,360
396,20180405,916,95300,315
397,20180405,917,95500,828
398,20180405,918,95700,1113
399,20180405,919,95200,302
400,20180405,920,95300,103
401,20180405,921,95300,2238
402,20180405,922,94900,138
403,20180405,923,94800,182
404,20180405,924,94900,30
405,20180405,925,94800,419
406,20180405,926,94400,85
407,20180405,927,94500,22
408,20180405,928,94600,43
409,20180405,929,94600,641
410,20180405,930,94400,472
411,20180405,931,94200,129
412,20180405,932,94100,98
413,20180405,933,94600,252
414,20180405,934,94800,123
415,20180405,935,94600,231
416,20180405,936,94600,297
417,20180405,937,94900,134
418,20180405,938,95100,531
419,20180405,939,94900,56
420,20180405,940,94800,31
421,20180405,941,94900,600
422,20180405,942,94600,76
423,20180405,943,94500,209
424,20180405,944,94400,574
425,20180405,945,94600,303
426,20180405,946,94400,32
427,20180405,947,94400,261
428,20180405,948,94400,262
429,20180405,949,94300,72
430,20180405,950,94300,59
431,20180405,951,94300,180
432,20180405,952,94200,117
433,20180405,953,94400,92
434,20180405,954,94400,381
435,20180405,955,94400,400
436,20180405,956,94300,350
437,20180405,957,94200,241
438,20180405,958,94300,84
439,20180405,959,94200,169
440,20180405,1000,94100,647
441,20180405,1001,94100,60
442,20180405,1002,94400,65
443,20180405,1003,94100,10
444,20180405,1004,94300,230
445,20180405,1005,94400,4
446,20180405,1006,94200,438
447,20180405,1007,94200,262
448,20180405,1008,94000,784
449,20180405,1009,93900,87
450,20180405,1010,93800,251
451,20180405,1011,93700,63
452,20180405,1012,93700,777
453,20180405,1013,93800,134
454,20180405,1014,94000,1337
455,20180405,1015,93900,62
456,20180405,1016,93900,36
457,20180405,1017,94000,40
458,20180405,1018,93900,330
459,20180405,1019,93900,321
460,20180405,1020,94000,58
461,20180405,1021,94100,296
462,20180405,1022,93900,590
463,20180405,1023,93800,206
464,20180405,1024,93900,139
465,20180405,1025,93900,68
466,20180405,1026,94000,138
467,20180405,1027,94000,50
468,20180405,1028,94000,186
469,20180405,1029,94000,166
470,20180405,1030,93900,12
471,20180405,1031,93900,200
472,20180405,1032,94000,39
473,20180405,1033,93900,110
474,20180405,1034,94000,42
475,20180405,1035,94000,317
476,20180405,1036,94100,150
477,20180405,1037,94100,175
478,20180405,1038,93800,374
479,20180405,1039,94000,63
480,20180405,1040,93800,341
481,20180405,1041,94000,56
482,20180405,1042,93900,254
483,20180405,1043,94000,22
484,20180405,1044,94000,94
485,20180405,1045,93900,178
486,20180405,1046,93900,23
487,20180405,1047,94000,229
488,20180405,1048,94000,182
489,20180405,1049,93900,98
490,20180405,1050,93800,135
491,20180405,1051,93900,229
492,20180405,1052,93900,52
493,20180405,1053,93900,300
494,20180405,1054,94000,958
495,20180405,1055,93600,609
496,20180405,1056,93700,50
497,20180405,1057,93600,598
498,20180405,1058,93800,54
499,20180405,1059,93900,75
500,20180405,1100,93800,43
501,20180405,1101,93900,151
502,20180405,1102,93800,66
503,20180405,1103,93600,190
504,20180405,1104,93800,931
505,20180405,1105,94100,29
506,20180405,1106,94000,1351
507,20180405,1107,93900,223
508,20180405,1108,93800,496
509,20180405,1109,93900,81
510,20180405,1110,93900,32
511,20180405,1111,93900,76
512,20180405,1112,94000,543
513,20180405,1113,94000,456
514,20180405,1114,94100,1003
515,20180405,1115,94200,408
516,20180405,1116,94100,87
517,20180405,1117,94300,97
518,20180405,1118,94200,57
519,20180405,1119,94300,86
520,20180405,1120,94200,344
521,20180405,1121,94200,25
522,20180405,1122,94200,247
523,20180405,1123,94200,86
524,20180405,1124,94100,498
525,20180405,1125,94100,769
526,20180405,1126,94200,217
527,20180405,1127,94100,33
528,20180405,1128,94100,33
529,20180405,1129,94200,246
530,20180405,1130,94000,97
531,20180405,1131,94200,50
532,20180405,1132,94200,61
533,20180405,1133,94100,48
534,20180405,1134,94100,50
535,20180405,1135,94100,69
536,20180405,1136,94000,99
537,20180405,1137,94000,146
538,20180405,1138,94100,369
539,20180405,1139,93800,571
540,20180405,1140,94000,45
541,20180405,1141,93800,20
542,20180405,1142,93800,708
543,20180405,1143,93900,42
544,20180405,1144,93800,392
545,20180405,1145,94000,199
546,20180405,1146,94200,64
547,20180405,1147,94100,575
548,20180405,1148,93900,275
549,20180405,1149,94000,538
550,20180405,1150,94000,106
551,20180405,1151,94000,40
552,20180405,1152,94000,38
553,20180405,1153,94000,1320
554,20180405,1154,93600,717
555,20180405,1155,93600,61
556,20180405,1156,93600,57
557,20180405,1157,93600,43
558,20180405,1158,93600,43
559,20180405,1159,93600,35
560,20180405,1200,93600,1075
561,20180405,1201,93800,108
562,20180405,1202,93600,25
563,20180405,1203,93600,30
564,20180405,1204,93600,142
565,20180405,1205,93600,570
566,20180405,1206,93500,57
567,20180405,1207,93400,462
568,20180405,1208,93500,484
569,20180405,1209,93600,35
570,20180405,1210,93500,42
571,20180405,1211,93600,175
572,20180405,1212,93600,23
573,20180405,1213,93500,8
574,20180405,1214,93600,38
575,20180405,1215,93500,18
576,20180405,1216,93600,30
577,20180405,1217,93500,59
578,20180405,1218,93500,22
579,20180405,1219,93600,6
580,20180405,1220,93500,534
581,20180405,1221,93500,1634
582,20180405,1222,93500,114
583,20180405,1223,93400,59
584,20180405,1224,93400,440
585,20180405,1225,93400,247
586,20180405,1226,93400,82
587,20180405,1227,93400,391
588,20180405,1228,93700,177
589,20180405,1229,93500,39
590,20180405,1230,93500,53
591,20180405,1231,93600,81
592,20180405,1232,93700,69
593,20180405,1233,93800,38
594,20180405,1234,93700,32
595,20180405,1235,93700,65
596,20180405,1236,93600,67
597,20180405,1237,93600,172
598,20180405,1238,93900,52
599,20180405,1239,93800,300
600,20180405,1240,93600,32
601,20180405,1241,93600,517
602,20180405,1242,93800,13
603,20180405,1243,93800,45
604,20180405,1244,93700,43
605,20180405,1245,93600,19
606,20180405,1246,93600,153
607,20180405,1247,93700,78
608,20180405,1248,93700,6
609,20180405,1249,93600,116
610,20180405,1250,93700,11
611,20180405,1251,93600,51
612,20180405,1252,93700,114
613,20180405,1253,93600,36
614,20180405,1254,93600,521
615,20180405,1255,93400,704
616,20180405,1256,93500,241
617,20180405,1257,93500,37
618,20180405,1258,93400,68
619,20180405,1259,93400,20
620,20180405,1300,93500,303
621,20180405,1301,93500,23
622,20180405,1302,93500,670
623,20180405,1303,93500,79
624,20180405,1304,93500,88
625,20180405,1305,93500,8
626,20180405,1306,93400,39
627,20180405,1307,93400,600
628,20180405,1308,93400,54
629,20180405,1309,93400,108
630,20180405,1310,93300,81
631,20180405,1311,93400,75
632,20180405,1312,93300,426
633,20180405,1313,93300,138
634,20180405,1314,93400,32
635,20180405,1315,93400,41
636,20180405,1317,93300,45
637,20180405,1318,93400,108
638,20180405,1319,93500,17
639,20180405,1320,93500,24
640,20180405,1321,93400,120
641,20180405,1322,93400,11
642,20180405,1323,93500,27
643,20180405,1324,93500,9
644,20180405,1325,93400,12
645,20180405,1326,93400,52
646,20180405,1327,93500,25
647,20180405,1328,93500,364
648,20180405,1329,93600,47
649,20180405,1330,93600,123
650,20180405,1331,93500,382
651,20180405,1332,93300,48
652,20180405,1333,93400,8
653,20180405,1334,93400,114
654,20180405,1335,93400,307
655,20180405,1336,93400,156
656,20180405,1337,93300,237
657,20180405,1338,93300,63
658,20180405,1339,93300,16
659,20180405,1340,93300,29
660,20180405,1341,93200,23
661,20180405,1342,93200,6
662,20180405,1343,93300,44
663,20180405,1344,93200,125
664,20180405,1345,93300,18
665,20180405,1346,93200,16
666,20180405,1347,93300,30
667,20180405,1348,93300,467
668,20180405,1349,93200,981
669,20180405,1350,93200,145
670,20180405,1351,93100,263
671,20180405,1352,93200,262
672,20180405,1353,93200,10
673,20180405,1354,93100,4509
674,20180405,1355,92900,541
675,20180405,1356,92800,59
676,20180405,1357,92800,88
677,20180405,1358,92800,246
678,20180405,1359,92800,81
679,20180405,1400,92700,19
680,20180405,1401,92700,51
681,20180405,1402,92800,35
682,20180405,1403,92800,1304
683,20180405,1404,92600,375
684,20180405,1405,92700,652
685,20180405,1406,92700,282
686,20180405,1407,92700,24
687,20180405,1408,92800,22
688,20180405,1409,92800,282
689,20180405,1410,92900,255
690,20180405,1411,92800,192
691,20180405,1412,92900,60
692,20180405,1413,93000,79
693,20180405,1414,92900,28
694,20180405,1415,92900,253
695,20180405,1416,93000,42
696,20180405,1418,92900,439
697,20180405,1419,93200,24
698,20180405,1420,93200,206
699,20180405,1421,93200,110
700,20180405,1422,93100,165
701,20180405,1423,93100,8
702,20180405,1424,93200,121
703,20180405,1426,93000,203
704,20180405,1427,92900,10
705,20180405,1428,92900,56
706,20180405,1429,93000,29
707,20180405,1430,92900,128
708,20180405,1431,93000,86
709,20180405,1432,92900,58
710,20180405,1433,93000,328
711,20180405,1434,92900,62
712,20180405,1435,93000,70
713,20180405,1436,92900,54
714,20180405,1437,92900,196
715,20180405,1438,93000,988
716,20180405,1439,93000,423
717,20180405,1440,93100,627
718,20180405,1441,93000,193
719,20180405,1442,93000,846
720,20180405,1443,92900,1885
721,20180405,1444,92800,227
722,20180405,1445,92900,217
723,20180405,1446,92800,162
724,20180405,1447,92700,355
725,20180405,1448,92800,34
726,20180405,1449,92800,555
727,20180405,1450,93000,210
728,20180405,1451,93200,394
729,20180405,1452,93300,287
730,20180405,1453,93300,107
731,20180405,1454,93300,40
732,20180405,1455,93400,547
733,20180405,1456,93300,46
734,20180405,1457,93200,433
735,20180405,1458,93100,117
736,20180405,1459,93100,44
737,20180405,1500,93100,116
738,20180405,1501,93200,415
739,20180405,1502,93200,262
740,20180405,1503,93100,162
741,20180405,1504,93100,330
742,20180405,1505,93000,192
743,20180405,1506,93000,1168
744,20180405,1508,92800,753
745,20180405,1509,93100,2
746,20180405,1510,93100,248
747,20180405,1511,93000,857
748,20180405,1512,92900,115
749,20180405,1513,92900,49
750,20180405,1514,92800,185
751,20180405,1515,93000,1
752,20180405,1516,93000,101
753,20180405,1517,93000,73
754,20180405,1518,93000,590
755,20180405,1519,92800,393
756,20180405,1520,92800,51
757,20180405,1530,92900,4836
758,20180406,901,92900,401
759,20180406,902,92800,397
760,20180406,903,92800,59
761,20180406,904,92600,399
762,20180406,905,92900,163
763,20180406,906,92900,139
764,20180406,907,92900,68
765,20180406,908,92900,52
766,20180406,909,93000,497
767,20180406,910,92900,492
768,20180406,911,93200,106
769,20180406,912,93500,159
770,20180406,913,93300,396
771,20180406,914,93500,938
772,20180406,915,93700,1238
773,20180406,916,94100,696
774,20180406,917,94000,966
775,20180406,918,94300,416
776,20180406,919,94300,473
777,20180406,920,94200,1576
778,20180406,921,93900,80
779,20180406,922,93900,5
780,20180406,923,93900,339
781,20180406,924,93900,214
782,20180406,925,93900,45
783,20180406,926,93900,118
784,20180406,927,93900,562
785,20180406,928,93800,23
786,20180406,929,93700,45
787,20180406,930,93600,194
788,20180406,931,93400,482
789,20180406,932,93500,650
790,20180406,933,93200,802
791,20180406,934,93500,6
792,20180406,935,93700,131
793,20180406,936,93500,155
794,20180406,937,93800,69
795,20180406,938,93600,310
796,20180406,939,93500,106
797,20180406,940,93500,337
798,20180406,941,93500,126
799,20180406,942,93400,32
800,20180406,943,93400,49
801,20180406,944,93400,65
802,20180406,945,93400,995
803,20180406,946,93700,1420
804,20180406,947,93900,70
805,20180406,948,93700,36
806,20180406,949,93700,79
807,20180406,950,93900,17
808,20180406,951,93800,1291
809,20180406,952,94300,130
810,20180406,953,94200,493
811,20180406,954,94100,141
812,20180406,955,94100,81
813,20180406,956,94200,129
814,20180406,957,94000,369
815,20180406,958,93900,12
816,20180406,959,93900,38
817,20180406,1000,93900,172
818,20180406,1001,94000,271
819,20180406,1002,94000,620
820,20180406,1003,93900,91
821,20180406,1004,93900,175
822,20180406,1005,93800,2807
823,20180406,1006,94100,271
824,20180406,1007,94100,580
825,20180406,1008,93900,64
826,20180406,1009,93800,387
827,20180406,1010,94100,382
828,20180406,1011,94000,294
829,20180406,1012,93900,277
830,20180406,1013,94000,130
831,20180406,1014,94000,894
832,20180406,1015,94000,861
833,20180406,1016,94100,198
834,20180406,1017,94100,180
835,20180406,1018,94000,386
836,20180406,1019,93900,31
837,20180406,1020,93900,167
838,20180406,1021,93900,535
839,20180406,1022,93700,323
840,20180406,1023,93800,945
841,20180406,1024,93700,37
842,20180406,1025,93700,15
843,20180406,1026,93700,19
844,20180406,1027,93700,9
845,20180406,1028,93700,24
846,20180406,1029,93700,14
847,20180406,1030,93700,32
848,20180406,1031,93800,116
849,20180406,1032,93700,342
850,20180406,1033,93800,33
851,20180406,1034,93800,28
852,20180406,1035,93800,1002
853,20180406,1036,93500,80
854,20180406,1037,93600,20
855,20180406,1038,93600,104
856,20180406,1039,93500,34
857,20180406,1040,93600,38
858,20180406,1041,93500,31
859,20180406,1042,93500,50
860,20180406,1043,93500,93
861,20180406,1044,93600,126
862,20180406,1045,93500,252
863,20180406,1046,93400,265
864,20180406,1047,93400,164
865,20180406,1048,93300,24
866,20180406,1049,93300,26
867,20180406,1050,93300,10
868,20180406,1051,93300,56
869,20180406,1052,93200,263
870,20180406,1053,93500,281
871,20180406,1054,93400,55
872,20180406,1055,93400,15
873,20180406,1056,93500,71
874,20180406,1057,93300,467
875,20180406,1058,93300,46
876,20180406,1059,93200,41
877,20180406,1100,93200,51
878,20180406,1101,93300,20
879,20180406,1102,93300,597
880,20180406,1103,93300,75
881,20180406,1104,93500,59
882,20180406,1105,93600,5
883,20180406,1106,93500,87
884,20180406,1107,93400,20
885,20180406,1108,93400,120
886,20180406,1109,93200,15
887,20180406,1110,93300,17
888,20180406,1111,93300,5
889,20180406,1112,93400,19
890,20180406,1113,93400,29
891,20180406,1114,93400,47
892,20180406,1115,93400,436
893,20180406,1116,93200,181
894,20180406,1117,93200,243
895,20180406,1118,93100,132
896,20180406,1119,93300,102
897,20180406,1120,93200,21
898,20180406,1121,93300,31
899,20180406,1122,93300,12
900,20180406,1123,93400,40
901,20180406,1124,93400,117
902,20180406,1125,93500,42
903,20180406,1126,93500,208
904,20180406,1127,93500,161
905,20180406,1128,93500,58
906,20180406,1129,93500,132
907,20180406,1130,93500,2304
908,20180406,1131,93900,349
909,20180406,1132,93900,13
910,20180406,1133,93800,234
911,20180406,1134,93900,671
912,20180406,1135,93900,23
913,20180406,1136,94000,299
914,20180406,1137,93900,132
915,20180406,1138,93800,21
916,20180406,1139,93900,9
917,20180406,1140,93900,28
918,20180406,1141,93900,128
919,20180406,1142,93800,33
920,20180406,1143,93900,16
921,20180406,1144,93900,12
922,20180406,1145,93900,119
923,20180406,1146,93900,26
924,20180406,1147,93900,16
925,20180406,1148,93900,26
926,20180406,1149,93900,15
927,20180406,1150,93900,9
928,20180406,1151,93900,16
929,20180406,1152,93800,484
930,20180406,1153,93800,13
931,20180406,1154,93800,1
932,20180406,1155,93700,13
933,20180406,1156,93800,24
934,20180406,1157,93700,110
935,20180406,1158,93800,6
936,20180406,1159,93700,23
937,20180406,1200,93800,15
938,20180406,1201,93800,29
939,20180406,1202,93700,4
940,20180406,1203,93700,18
941,20180406,1204,93700,43
942,20180406,1205,93800,117
943,20180406,1206,93700,25
944,20180406,1207,93800,11
945,20180406,1208,93700,12
946,20180406,1209,93700,119
947,20180406,1210,93600,13
948,20180406,1211,93700,14
949,20180406,1212,93600,227
950,20180406,1213,93700,13
951,20180406,1214,93600,66
952,20180406,1215,93600,84
953,20180406,1216,93600,129
954,20180406,1217,93600,25
955,20180406,1218,93700,9
956,20180406,1219,93700,15
957,20180406,1220,93600,56
958,20180406,1221,93700,22
959,20180406,1222,93600,2817
960,20180406,1223,93900,7
961,20180406,1224,94000,1272
962,20180406,1225,93800,36
963,20180406,1226,93800,7
964,20180406,1227,93800,209
965,20180406,1228,93700,15
966,20180406,1229,93800,5
967,20180406,1230,93800,512
968,20180406,1231,93900,18
969,20180406,1232,93800,137
970,20180406,1233,93700,7
971,20180406,1234,93700,6
972,20180406,1235,93700,39
973,20180406,1236,93700,13
974,20180406,1237,93800,17
975,20180406,1238,93800,14
976,20180406,1239,93800,8
977,20180406,1240,93700,230
978,20180406,1241,93600,5
979,20180406,1242,93600,23
980,20180406,1243,93600,11
981,20180406,1244,93600,7
982,20180406,1245,93600,19
983,20180406,1246,93700,5
984,20180406,1247,93600,5
985,20180406,1248,93600,18
986,20180406,1249,93600,11
987,20180406,1250,93700,37
988,20180406,1251,93600,6
989,20180406,1252,93600,88
990,20180406,1253,93600,164
991,20180406,1254,93600,629
992,20180406,1255,93500,136
993,20180406,1256,93200,173
994,20180406,1257,93200,4
995,20180406,1258,93200,935
996,20180406,1259,93200,576
997,20180406,1300,93100,148
998,20180406,1301,93300,337
999,20180406,1302,93300,57
1000,20180406,1303,93300,22
1001,20180406,1304,93300,6
1002,20180406,1305,93200,5
1003,20180406,1306,93300,965
1004,20180406,1307,93500,70
1005,20180406,1308,93200,18
1006,20180406,1309,93200,582
1007,20180406,1310,93400,142
1008,20180406,1311,93400,8
1009,20180406,1312,93500,8
1010,20180406,1313,93500,5
1011,20180406,1314,93400,109
1012,20180406,1315,93500,5
1013,20180406,1316,93400,606
1014,20180406,1317,93400,14
1015,20180406,1318,93400,123
1016,20180406,1319,93300,223
1017,20180406,1320,93600,110
1018,20180406,1321,93500,13
1019,20180406,1322,93500,102
1020,20180406,1323,93600,6
1021,20180406,1324,93500,115
1022,20180406,1325,93500,615
1023,20180406,1326,93500,9
1024,20180406,1327,93300,9
1025,20180406,1328,93400,18
1026,20180406,1329,93600,601
1027,20180406,1330,93700,6
1028,20180406,1331,93700,16
1029,20180406,1332,93600,111
1030,20180406,1333,93600,88
1031,20180406,1334,93600,66
1032,20180406,1335,93600,27
1033,20180406,1336,93500,43
1034,20180406,1337,93500,18
1035,20180406,1338,93600,498
1036,20180406,1339,93500,14
1037,20180406,1340,93400,11
1038,20180406,1341,93500,17
1039,20180406,1342,93500,45
1040,20180406,1343,93500,39
1041,20180406,1344,93500,6
1042,20180406,1345,93600,14
1043,20180406,1346,93500,65
1044,20180406,1347,93600,245
1045,20180406,1348,93400,19
1046,20180406,1349,93300,15
1047,20180406,1350,93400,205
1048,20180406,1351,93400,6
1049,20180406,1352,93400,58
1050,20180406,1353,93300,250
1051,20180406,1354,93300,109
1052,20180406,1355,93300,933
1053,20180406,1356,93200,72
1054,20180406,1357,93300,281
1055,20180406,1358,93500,254
1056,20180406,1359,93300,6
1057,20180406,1400,93300,23
1058,20180406,1401,93300,117
1059,20180406,1402,93300,920
1060,20180406,1403,93700,24
1061,20180406,1404,93700,63
1062,20180406,1405,93600,7
1063,20180406,1406,93700,50
1064,20180406,1407,93500,10
1065,20180406,1409,93500,61
1066,20180406,1410,93600,15
1067,20180406,1411,93500,118
1068,20180406,1412,93400,92
1069,20180406,1413,93500,508
1070,20180406,1414,93300,2
1071,20180406,1415,93300,183
1072,20180406,1416,93400,47
1073,20180406,1417,93500,9
1074,20180406,1418,93400,182
1075,20180406,1419,93500,2
1076,20180406,1420,93500,1
1077,20180406,1421,93500,353
1078,20180406,1422,93400,5
1079,20180406,1423,93300,103
1080,20180406,1424,93300,72
1081,20180406,1425,93300,366
1082,20180406,1426,93100,1
1083,20180406,1427,93100,81
1084,20180406,1428,93300,38
1085,20180406,1429,93100,69
1086,20180406,1430,93100,1
1087,20180406,1431,93100,821
1088,20180406,1432,92900,407
1089,20180406,1433,93100,888
1090,20180406,1434,93100,1
1091,20180406,1435,93000,346
1092,20180406,1436,92800,79
1093,20180406,1437,92800,285
1094,20180406,1438,92900,120
1095,20180406,1439,92800,106
1096,20180406,1440,92800,112
1097,20180406,1441,92900,816
1098,20180406,1442,93100,306
1099,20180406,1443,93100,76
1100,20180406,1444,93100,2
1101,20180406,1445,93100,83
1102,20180406,1446,93000,493
1103,20180406,1447,93300,14
1104,20180406,1448,93100,100
1105,20180406,1449,93100,10
1106,20180406,1450,93200,40
1107,20180406,1451,93200,2
1108,20180406,1452,93200,1
1109,20180406,1453,93200,94
1110,20180406,1454,93200,7
1111,20180406,1455,93100,12
1112,20180406,1456,93100,172
1113,20180406,1457,93200,2
1114,20180406,1459,93200,1
1115,20180406,1500,93200,361
1116,20180406,1501,93300,78
1117,20180406,1502,93300,182
1118,20180406,1503,93200,7
1119,20180406,1505,93200,96
1120,20180406,1506,93100,37
1121,20180406,1507,93200,28
1122,20180406,1508,93200,3
1123,20180406,1509,93300,1
1124,20180406,1510,93200,175
1125,20180406,1511,93100,146
1126,20180406,1512,93100,511
1127,20180406,1513,93200,166
1128,20180406,1514,93200,136
1129,20180406,1515,93200,152
1130,20180406,1516,93300,370
1131,20180406,1517,93200,44
1132,20180406,1518,93200,601
1133,20180406,1519,93000,686
1134,20180406,1520,93000,637
1135,20180406,1530,93100,2507
0,20180409,901,93100,593
1,20180409,902,92800,566
2,20180409,903,93200,264
3,20180409,904,92900,1
4,20180409,905,92700,11
5,20180409,906,92700,125
6,20180409,907,92600,219
7,20180409,908,92500,287
8,20180409,909,92900,23
9,20180409,910,92800,61
10,20180409,911,92900,26
11,20180409,912,92900,131
12,20180409,913,92800,235
13,20180409,914,92700,116
14,20180409,915,92700,1345
15,20180409,916,92600,41
16,20180409,917,92600,136
17,20180409,918,92500,447
18,20180409,919,92300,746
19,20180409,920,92700,214
20,20180409,921,92900,228
21,20180409,922,93000,1
22,20180409,923,93100,704
23,20180409,924,93100,197
24,20180409,925,93100,20
25,20180409,926,93100,134
26,20180409,927,93000,40
27,20180409,928,93100,26
28,20180409,929,93000,36
29,20180409,930,93000,5
30,20180409,931,92800,135
31,20180409,932,93000,2
32,20180409,933,92900,147
33,20180409,934,92800,23
34,20180409,935,93000,157
35,20180409,936,92900,62
36,20180409,937,92900,283
37,20180409,938,92900,4
38,20180409,939,92900,110
39,20180409,940,92700,111
40,20180409,941,92600,488
41,20180409,942,92900,113
42,20180409,943,92900,9
43,20180409,944,93000,136
44,20180409,945,92900,511
45,20180409,946,92800,115
46,20180409,947,92800,190
47,20180409,948,92800,410
48,20180409,949,92600,446
49,20180409,950,92900,70
50,20180409,951,92900,323
51,20180409,952,92800,84
52,20180409,953,92600,656
53,20180409,954,92600,295
54,20180409,955,92800,27
55,20180409,956,92900,719
56,20180409,957,92700,372
57,20180409,958,93000,31
58,20180409,959,93100,245
59,20180409,1000,92900,78
60,20180409,1001,93000,478
61,20180409,1002,92800,18
62,20180409,1003,92700,193
63,20180409,1004,92900,22
64,20180409,1005,92700,140
65,20180409,1006,92700,111
66,20180409,1007,92700,125
67,20180409,1008,92700,27
68,20180409,1009,92600,127
69,20180409,1010,92600,84
70,20180409,1011,92600,210
71,20180409,1012,92500,317
72,20180409,1013,92600,64
73,20180409,1014,92800,91
74,20180409,1015,92600,165
75,20180409,1016,92600,125
76,20180409,1017,92700,136
77,20180409,1018,92800,83
78,20180409,1019,92700,86
79,20180409,1020,92900,320
80,20180409,1021,92900,24
81,20180409,1022,92900,310
82,20180409,1023,92800,106
83,20180409,1024,92800,17
84,20180409,1025,92700,16
85,20180409,1026,92700,181
86,20180409,1027,92800,71
87,20180409,1028,92800,13
88,20180409,1029,92600,6
89,20180409,1030,92600,178
90,20180409,1031,92600,1412
91,20180409,1032,92400,244
92,20180409,1033,92500,13
93,20180409,1034,92400,301
94,20180409,1035,92400,201
95,20180409,1036,92400,28
96,20180409,1037,92400,301
97,20180409,1038,92800,299
98,20180409,1039,92400,387
99,20180409,1040,92700,97
100,20180409,1041,92600,37
101,20180409,1042,92700,317
102,20180409,1043,92700,101
103,20180409,1044,92700,132
104,20180409,1045,92500,113
105,20180409,1046,92500,77
106,20180409,1047,92500,260
107,20180409,1048,92700,225
108,20180409,1049,92600,139
109,20180409,1050,92400,259
110,20180409,1051,92400,211
111,20180409,1052,92400,145
112,20180409,1053,92300,119
113,20180409,1054,92300,213
114,20180409,1055,92200,1172
115,20180409,1056,92400,71
116,20180409,1057,92400,112
117,20180409,1058,92400,39
118,20180409,1059,92300,44
119,20180409,1100,92300,180
120,20180409,1101,92400,131
121,20180409,1102,92300,68
122,20180409,1103,92300,38
123,20180409,1104,92300,115
124,20180409,1105,92400,381
125,20180409,1106,92400,151
126,20180409,1107,92300,369
127,20180409,1108,92300,29
128,20180409,1109,92300,159
129,20180409,1110,92500,113
130,20180409,1111,92600,98
131,20180409,1112,92700,77
132,20180409,1113,92500,222
133,20180409,1114,92400,119
134,20180409,1115,92400,79
135,20180409,1116,92500,78
136,20180409,1117,92300,47
137,20180409,1118,92300,103
138,20180409,1119,92300,634
139,20180409,1120,92300,65
140,20180409,1121,92300,607
141,20180409,1122,92300,264
142,20180409,1123,92300,642
143,20180409,1124,92300,206
144,20180409,1125,92300,118
145,20180409,1126,92300,105
146,20180409,1127,92200,231
147,20180409,1128,92200,98
148,20180409,1129,92200,78
149,20180409,1130,92100,148
150,20180409,1131,92300,25
151,20180409,1132,92200,132
152,20180409,1133,92100,151
153,20180409,1134,92100,228
154,20180409,1135,92200,204
155,20180409,1136,92200,112
156,20180409,1137,92300,48
157,20180409,1138,92200,35
158,20180409,1139,92200,215
159,20180409,1140,92200,260
160,20180409,1141,92200,38
161,20180409,1142,92200,415
162,20180409,1143,92100,131
163,20180409,1144,92000,136
164,20180409,1145,92100,155
165,20180409,1146,92000,137
166,20180409,1147,92200,212
167,20180409,1148,92100,256
168,20180409,1149,92100,35
169,20180409,1150,92000,136
170,20180409,1151,92100,136
171,20180409,1152,92000,25
172,20180409,1153,92100,242
173,20180409,1154,92100,184
174,20180409,1155,92000,96
175,20180409,1156,92100,124
176,20180409,1157,92100,124
177,20180409,1158,92000,265
178,20180409,1159,92100,238
179,20180409,1200,92100,43
180,20180409,1201,92200,189
181,20180409,1202,92300,533
182,20180409,1203,92200,62
183,20180409,1204,92400,142
184,20180409,1205,92400,168
185,20180409,1206,92400,179
186,20180409,1207,92300,126
187,20180409,1208,92300,74
188,20180409,1209,92300,5
189,20180409,1210,92300,119
190,20180409,1211,92300,560
191,20180409,1212,92600,267
192,20180409,1213,92600,119
193,20180409,1214,92800,100
194,20180409,1215,92700,627
195,20180409,1216,92600,106
196,20180409,1217,92600,70
197,20180409,1218,92500,92
198,20180409,1219,92500,220
199,20180409,1220,92600,159
200,20180409,1221,92800,223
201,20180409,1222,92800,219
202,20180409,1223,92700,55
203,20180409,1224,92700,89
204,20180409,1225,92700,180
205,20180409,1226,92600,89
206,20180409,1227,92700,160
207,20180409,1228,92700,22
208,20180409,1229,92700,131
209,20180409,1230,92500,107
210,20180409,1231,92500,121
211,20180409,1232,92500,72
212,20180409,1233,92600,155
213,20180409,1234,92600,103
214,20180409,1235,92700,154
215,20180409,1236,92600,185
216,20180409,1237,92800,138
217,20180409,1238,92700,143
218,20180409,1239,92600,133
219,20180409,1240,92800,56
220,20180409,1241,92700,137
221,20180409,1242,92700,49
222,20180409,1243,92700,17
223,20180409,1244,92600,52
224,20180409,1245,92700,54
225,20180409,1246,92800,422
226,20180409,1247,92900,96
227,20180409,1248,92900,106
228,20180409,1249,92900,91
229,20180409,1250,92900,460
230,20180409,1251,93100,666
231,20180409,1252,93200,130
232,20180409,1253,93000,6
233,20180409,1254,93000,59
234,20180409,1255,93200,356
235,20180409,1256,93300,19
236,20180409,1257,93300,123
237,20180409,1258,93300,63
238,20180409,1259,93300,126
239,20180409,1300,93200,106
240,20180409,1301,93300,67
241,20180409,1302,93300,183
242,20180409,1303,93300,68
243,20180409,1304,93300,164
244,20180409,1305,93400,50
245,20180409,1306,93300,108
246,20180409,1307,93300,80
247,20180409,1308,93400,86
248,20180409,1309,93300,209
249,20180409,1310,93300,19
250,20180409,1311,93300,75
251,20180409,1312,93300,65
252,20180409,1313,93200,65
253,20180409,1314,93300,94
254,20180409,1315,93300,23
255,20180409,1316,93100,663
256,20180409,1317,93100,7
257,20180409,1318,93200,77
258,20180409,1319,93300,73
259,20180409,1320,93200,252
260,20180409,1321,93200,67
261,20180409,1322,93100,109
262,20180409,1323,93100,21
263,20180409,1324,93100,29
264,20180409,1325,93100,133
265,20180409,1326,93000,124
266,20180409,1327,93100,147
267,20180409,1328,93100,43
268,20180409,1329,93100,25
269,20180409,1330,93000,150
270,20180409,1331,93000,30
271,20180409,1332,93000,96
272,20180409,1333,93000,173
273,20180409,1334,93000,25
274,20180409,1335,92900,56
275,20180409,1336,93000,175
276,20180409,1337,92900,129
277,20180409,1338,93000,131
278,20180409,1339,92900,268
279,20180409,1340,93000,96
280,20180409,1341,93100,63
281,20180409,1342,93000,33
282,20180409,1343,93000,7
283,20180409,1344,93000,551
284,20180409,1345,93000,47
285,20180409,1346,93000,206
286,20180409,1347,92900,88
287,20180409,1348,92900,138
288,20180409,1349,92800,296
289,20180409,1350,92800,65
290,20180409,1351,92800,39
291,20180409,1352,92800,285
292,20180409,1353,92800,445
293,20180409,1354,92700,133
294,20180409,1355,92800,89
295,20180409,1356,92800,29
296,20180409,1357,92700,216
297,20180409,1358,92700,103
298,20180409,1359,92800,110
299,20180409,1400,92700,95
300,20180409,1401,92600,121
301,20180409,1402,92600,632
302,20180409,1403,92500,445
303,20180409,1404,92700,19
304,20180409,1405,92600,132
305,20180409,1406,92700,50
306,20180409,1407,92800,25
307,20180409,1408,92700,21
308,20180409,1409,92700,172
309,20180409,1410,92800,148
310,20180409,1411,92600,69
311,20180409,1412,92700,24
312,20180409,1413,92600,196
313,20180409,1414,92700,53
314,20180409,1415,92500,106
315,20180409,1416,92500,69
316,20180409,1417,92500,118
317,20180409,1418,92500,244
318,20180409,1419,92600,138
319,20180409,1420,92400,253
320,20180409,1421,92600,83
321,20180409,1422,92500,46
322,20180409,1423,92500,271
323,20180409,1424,92600,164
324,20180409,1425,92400,224
325,20180409,1426,92500,197
326,20180409,1427,92500,140
327,20180409,1428,92500,251
328,20180409,1429,92500,231
329,20180409,1430,92500,36
330,20180409,1431,92500,285
331,20180409,1432,92800,38
332,20180409,1433,92800,52
333,20180409,1434,92800,20
334,20180409,1435,92800,6
335,20180409,1436,92900,353
336,20180409,1437,92900,98
337,20180409,1438,92800,146
338,20180409,1439,92800,115
339,20180409,1440,92700,11
340,20180409,1441,92700,173
341,20180409,1442,92700,208
342,20180409,1443,92800,172
343,20180409,1444,92700,271
344,20180409,1445,92600,14
345,20180409,1446,92700,100
346,20180409,1447,92700,229
347,20180409,1448,92800,102
348,20180409,1449,92800,134
349,20180409,1450,92700,167
350,20180409,1451,92600,654
351,20180409,1452,92500,6
352,20180409,1453,92500,251
353,20180409,1454,92600,124
354,20180409,1455,92700,193
355,20180409,1456,92600,29
356,20180409,1457,92500,126
357,20180409,1458,92400,477
358,20180409,1459,92600,21
359,20180409,1500,92500,22
360,20180409,1501,92600,76
361,20180409,1502,92600,63
362,20180409,1503,92600,423
363,20180409,1504,92600,243
364,20180409,1505,92600,165
365,20180409,1506,92700,43
366,20180409,1507,92700,76
367,20180409,1508,92700,1
368,20180409,1509,92600,219
369,20180409,1510,92600,45
370,20180409,1511,92700,18
371,20180409,1512,92700,168
372,20180409,1513,92600,401
373,20180409,1514,92500,132
374,20180409,1515,92600,264
375,20180409,1516,92900,1
376,20180409,1517,92900,69
377,20180409,1518,92800,166
378,20180409,1519,93000,370
379,20180409,1520,93100,470
380,20180409,1530,92900,3182
0,20180410,901,93200,1179
1,20180410,902,93500,337
2,20180410,903,93400,700
3,20180410,904,93300,940
4,20180410,905,93200,476
5,20180410,906,92900,62
6,20180410,907,93000,424
7,20180410,908,93000,95
8,20180410,909,93200,6
9,20180410,910,93100,214
10,20180410,911,93000,214
11,20180410,912,93000,152
12,20180410,913,93000,213
13,20180410,914,93000,220
14,20180410,915,93100,230
15,20180410,916,93100,2932
16,20180410,917,94100,977
17,20180410,918,94000,1582
18,20180410,919,94300,501
19,20180410,920,94300,963
20,20180410,921,94200,383
21,20180410,922,94100,227
22,20180410,923,94000,807
23,20180410,924,93900,131
24,20180410,925,93900,90
25,20180410,926,94000,1503
26,20180410,927,94400,2823
27,20180410,928,94700,2447
28,20180410,929,95100,2098
29,20180410,930,95000,2495
30,20180410,931,95400,5604
31,20180410,932,95400,527
32,20180410,933,95100,362
33,20180410,934,95200,1408
34,20180410,935,95600,919
35,20180410,936,95600,887
36,20180410,937,95400,2111
37,20180410,938,95500,38
38,20180410,939,95400,1306
39,20180410,940,95600,652
40,20180410,941,95500,150
41,20180410,942,95500,703
42,20180410,943,95400,617
43,20180410,944,95500,489
44,20180410,945,95500,262
45,20180410,946,95500,563
46,20180410,947,95500,56
47,20180410,948,95600,213
48,20180410,949,95600,1659
49,20180410,950,95800,318
50,20180410,951,95900,1555
51,20180410,952,95800,325
52,20180410,953,95700,2510
53,20180410,954,96000,5944
54,20180410,955,96400,1494
55,20180410,956,96500,2082
56,20180410,957,96300,354
57,20180410,958,96400,915
58,20180410,959,96300,564
59,20180410,1000,96400,1190
60,20180410,1001,96300,619
61,20180410,1002,96300,15
62,20180410,1003,96200,350
63,20180410,1004,96100,446
64,20180410,1005,96100,280
65,20180410,1006,96000,331
66,20180410,1007,96000,362
67,20180410,1008,96000,370
68,20180410,1009,96000,109
69,20180410,1010,95900,281
70,20180410,1011,96000,200
71,20180410,1012,95900,105
72,20180410,1013,96100,2463
73,20180410,1014,96400,1009
74,20180410,1015,96500,1410
75,20180410,1016,96600,1072
76,20180410,1017,96500,632
77,20180410,1018,96500,2227
78,20180410,1019,96500,3418
79,20180410,1020,96900,14464
80,20180410,1021,97900,1999
81,20180410,1022,97300,606
82,20180410,1023,97400,2304
83,20180410,1024,97200,357
84,20180410,1025,96900,692
85,20180410,1026,96800,791
86,20180410,1027,96800,1089
87,20180410,1028,96800,1736
88,20180410,1029,96700,404
89,20180410,1030,96800,773
90,20180410,1031,96800,1206
91,20180410,1032,96900,343
92,20180410,1033,96700,96
93,20180410,1034,96600,75
94,20180410,1035,96500,280
95,20180410,1036,96700,229
96,20180410,1037,96800,299
97,20180410,1038,96700,182
98,20180410,1039,96600,5
99,20180410,1040,96600,101
100,20180410,1041,96500,577
101,20180410,1042,96400,155
102,20180410,1043,96500,395
103,20180410,1044,96500,221
104,20180410,1045,96500,160
105,20180410,1046,96500,20
106,20180410,1047,96400,515
107,20180410,1048,96600,156
108,20180410,1049,96500,1344
109,20180410,1050,96700,1067
110,20180410,1051,97000,998
111,20180410,1052,97000,2613
112,20180410,1053,97500,3012
113,20180410,1054,97600,1575
114,20180410,1055,97500,1155
115,20180410,1056,97500,1616
116,20180410,1057,97400,1064
117,20180410,1058,97400,1007
118,20180410,1059,97400,829
119,20180410,1100,97300,120
120,20180410,1101,97300,1358
121,20180410,1102,96800,615
122,20180410,1103,97000,220
123,20180410,1104,97000,207
124,20180410,1105,97000,382
125,20180410,1106,97200,561
126,20180410,1107,97000,101
127,20180410,1108,97100,955
128,20180410,1109,97200,59
129,20180410,1110,97000,8
130,20180410,1111,97000,70
131,20180410,1112,97100,111
132,20180410,1113,96800,124
133,20180410,1114,96800,556
134,20180410,1115,97000,244
135,20180410,1116,97000,100
136,20180410,1117,97000,57
137,20180410,1118,97000,12
138,20180410,1119,96900,151
139,20180410,1120,97000,304
140,20180410,1121,97100,688
141,20180410,1122,97200,350
142,20180410,1123,97100,433
143,20180410,1124,97100,48
144,20180410,1125,97200,467
145,20180410,1126,97100,1053
146,20180410,1127,97000,624
147,20180410,1128,97100,566
148,20180410,1129,97000,684
149,20180410,1130,97000,413
150,20180410,1131,97000,175
151,20180410,1132,97100,107
152,20180410,1133,97100,581
153,20180410,1134,97200,326
154,20180410,1135,97100,1366
155,20180410,1136,97200,648
156,20180410,1137,97400,368
157,20180410,1138,97300,403
158,20180410,1139,97300,224
159,20180410,1140,97300,131
160,20180410,1141,97200,3414
161,20180410,1142,97000,166
162,20180410,1143,96900,899
163,20180410,1144,97300,115
164,20180410,1145,97100,45
165,20180410,1146,97200,39
166,20180410,1147,97100,725
167,20180410,1148,97300,874
168,20180410,1149,97100,39
169,20180410,1150,97200,366
170,20180410,1151,97100,388
171,20180410,1152,96700,558
172,20180410,1153,96800,199
173,20180410,1154,96800,335
174,20180410,1155,97000,1753
175,20180410,1156,97400,359
176,20180410,1157,97300,543
177,20180410,1158,97300,360
178,20180410,1159,97200,137
179,20180410,1200,97200,12
180,20180410,1201,97200,456
181,20180410,1202,97200,12
182,20180410,1203,97300,383
183,20180410,1204,97200,60
184,20180410,1205,97000,1004
185,20180410,1206,97100,205
186,20180410,1207,97100,324
187,20180410,1208,97100,283
188,20180410,1209,97300,55
189,20180410,1210,97200,204
190,20180410,1211,97100,265
191,20180410,1212,97200,20
192,20180410,1213,97200,37
193,20180410,1214,97100,1075
194,20180410,1215,97300,7
195,20180410,1216,97200,414
196,20180410,1217,97200,62
197,20180410,1218,97300,67
198,20180410,1219,97200,34
199,20180410,1220,97300,340
200,20180410,1221,97200,916
201,20180410,1222,97200,456
202,20180410,1223,97200,173
203,20180410,1224,97200,897
204,20180410,1225,97200,117
205,20180410,1226,97200,37
206,20180410,1227,97200,34
207,20180410,1228,97100,770
208,20180410,1229,97100,897
209,20180410,1230,97200,69
210,20180410,1231,97300,81
211,20180410,1232,97300,394
212,20180410,1233,97200,114
213,20180410,1234,97200,1827
214,20180410,1235,97000,382
215,20180410,1236,96800,233
216,20180410,1237,96700,323
217,20180410,1238,96600,1172
218,20180410,1239,97000,1301
219,20180410,1240,97300,92
220,20180410,1241,97100,235
221,20180410,1242,97000,40
222,20180410,1243,97100,12
223,20180410,1244,97100,223
224,20180410,1245,97100,1503
225,20180410,1246,97000,82
226,20180410,1247,97100,301
227,20180410,1248,97200,31
228,20180410,1249,97100,8
229,20180410,1250,97100,140
230,20180410,1251,97100,787
231,20180410,1252,97100,1545
232,20180410,1253,97000,428
233,20180410,1254,97000,2119
234,20180410,1255,97100,8
235,20180410,1256,97200,264
236,20180410,1257,97200,78
237,20180410,1258,97100,50
238,20180410,1259,97000,247
239,20180410,1300,97100,193
240,20180410,1301,97200,317
241,20180410,1302,97200,114
242,20180410,1303,97100,59
243,20180410,1304,97200,291
244,20180410,1305,97200,292
245,20180410,1306,97100,32
246,20180410,1307,97200,185
247,20180410,1308,97200,43
248,20180410,1309,97200,77
249,20180410,1310,97100,435
250,20180410,1311,97200,25
251,20180410,1312,97100,92
252,20180410,1313,97200,276
253,20180410,1314,97100,305
254,20180410,1315,97200,175
255,20180410,1316,97100,246
256,20180410,1317,97200,362
257,20180410,1318,97200,459
258,20180410,1319,97300,382
259,20180410,1320,97300,594
260,20180410,1321,97200,229
261,20180410,1322,97300,614
262,20180410,1323,97300,206
263,20180410,1324,97200,977
264,20180410,1325,97400,141
265,20180410,1326,97300,115
266,20180410,1327,97300,165
267,20180410,1328,97200,186
268,20180410,1329,97300,236
269,20180410,1330,97200,341
270,20180410,1331,97200,170
271,20180410,1332,97200,97
272,20180410,1333,97300,57
273,20180410,1334,97300,1083
274,20180410,1335,97100,138
275,20180410,1336,97100,173
276,20180410,1337,97200,83
277,20180410,1338,97200,494
278,20180410,1339,97100,146
279,20180410,1340,97200,329
280,20180410,1341,97300,136
281,20180410,1342,97300,178
282,20180410,1343,97300,469
283,20180410,1344,97300,106
284,20180410,1345,97200,364
285,20180410,1346,97100,112
286,20180410,1347,97200,173
287,20180410,1348,97200,17
288,20180410,1349,97200,157
289,20180410,1350,97100,278
290,20180410,1351,97100,118
291,20180410,1352,97200,186
292,20180410,1353,97200,420
293,20180410,1354,97100,702
294,20180410,1355,97000,220
295,20180410,1356,97000,236
296,20180410,1357,97000,101
297,20180410,1358,97100,214
298,20180410,1359,97200,152
299,20180410,1400,97100,200
300,20180410,1401,97200,763
301,20180410,1402,97200,141
302,20180410,1403,97200,158
303,20180410,1404,97100,191
304,20180410,1405,97200,144
305,20180410,1406,97200,287
306,20180410,1407,97200,594
307,20180410,1408,97100,282
308,20180410,1409,97200,332
309,20180410,1410,97200,79
310,20180410,1411,97200,323
311,20180410,1412,97200,309
312,20180410,1413,97200,157
313,20180410,1414,97200,162
314,20180410,1415,97100,246
315,20180410,1416,97100,381
316,20180410,1417,97200,157
317,20180410,1418,97200,182
318,20180410,1419,97100,302
319,20180410,1420,97200,419
320,20180410,1421,97200,78
321,20180410,1422,97200,181
322,20180410,1423,97100,1283
323,20180410,1424,97100,477
324,20180410,1425,97200,166
325,20180410,1426,97200,440
326,20180410,1427,97200,341
327,20180410,1428,97200,79
328,20180410,1429,97200,154
329,20180410,1430,97200,435
330,20180410,1431,97200,52
331,20180410,1432,97200,899
332,20180410,1433,97200,727
333,20180410,1434,97200,79
334,20180410,1435,97200,675
335,20180410,1436,97100,187
336,20180410,1437,97200,1091
337,20180410,1438,97300,1281
338,20180410,1439,97300,280
339,20180410,1440,97300,324
340,20180410,1441,97300,145
341,20180410,1442,97200,1420
342,20180410,1443,97100,626
343,20180410,1444,97100,124
344,20180410,1445,97100,2084
345,20180410,1446,97300,227
346,20180410,1447,97300,336
347,20180410,1448,97200,416
348,20180410,1449,97300,1008
349,20180410,1450,97300,168
350,20180410,1451,97300,449
351,20180410,1452,97200,225
352,20180410,1453,97300,325
353,20180410,1454,97300,163
354,20180410,1455,97300,391
355,20180410,1456,97300,130
356,20180410,1457,97300,145
357,20180410,1458,97300,417
358,20180410,1459,97300,333
359,20180410,1500,97300,186
360,20180410,1501,97300,975
361,20180410,1502,97300,496
362,20180410,1503,97300,751
363,20180410,1504,97200,1149
364,20180410,1505,97300,184
365,20180410,1506,97200,280
366,20180410,1507,97200,90
367,20180410,1508,97300,210
368,20180410,1509,97300,106
369,20180410,1510,97200,1180
370,20180410,1511,97300,114
371,20180410,1512,97300,1323
372,20180410,1513,97300,179
373,20180410,1514,97300,233
374,20180410,1515,97300,1223
375,20180410,1516,97200,728
376,20180410,1517,97100,237
377,20180410,1518,97300,210
378,20180410,1519,97200,507
379,20180410,1520,97300,316
380,20180410,1530,97100,4339
381,20180411,901,96700,3154
382,20180411,902,96800,1141
383,20180411,903,97200,2109
384,20180411,904,96500,1442
385,20180411,905,96200,925
386,20180411,906,96700,575
387,20180411,907,96300,143
388,20180411,908,96500,1705
389,20180411,909,96800,1493
390,20180411,910,97400,1533
391,20180411,911,97900,3959
392,20180411,912,96800,2480
393,20180411,913,97800,1550
394,20180411,914,97700,606
395,20180411,915,97600,998
396,20180411,916,97900,3053
397,20180411,917,98300,2072
398,20180411,918,98700,1112
399,20180411,919,98800,3495
400,20180411,920,98700,2772
401,20180411,921,98500,2251
402,20180411,922,98400,890
403,20180411,923,98500,2416
404,20180411,924,99000,3221
405,20180411,925,99000,1637
406,20180411,926,99000,3431
407,20180411,927,98800,4246
408,20180411,928,99400,1740
409,20180411,929,99100,761
410,20180411,930,98900,445
411,20180411,931,98700,248
412,20180411,932,98600,1594
413,20180411,933,98300,1117
414,20180411,934,98400,585
415,20180411,935,98300,1579
416,20180411,936,97400,1042
417,20180411,937,97800,123
418,20180411,938,98000,1061
419,20180411,939,98500,575
420,20180411,940,98300,491
421,20180411,941,98500,654
422,20180411,942,98400,409
423,20180411,943,98300,1271
424,20180411,944,98000,718
425,20180411,945,97600,478
426,20180411,946,97600,524
427,20180411,947,97700,467
428,20180411,948,98100,964
429,20180411,949,97900,22
430,20180411,950,97800,166
431,20180411,951,97700,1029
432,20180411,952,97800,326
433,20180411,953,97800,87
434,20180411,954,97800,360
435,20180411,955,97900,322
436,20180411,956,97700,603
437,20180411,957,98000,720
438,20180411,958,98200,197
439,20180411,959,98000,356
440,20180411,1000,98300,845
441,20180411,1001,98400,551
442,20180411,1002,98500,241
443,20180411,1003,98500,162
444,20180411,1004,98400,85
445,20180411,1005,98300,370
446,20180411,1006,98000,130
447,20180411,1007,97900,186
448,20180411,1008,97700,337
449,20180411,1009,97700,525
450,20180411,1010,97700,753
451,20180411,1011,97700,247
452,20180411,1012,98000,36
453,20180411,1013,98100,65
454,20180411,1014,98000,72
455,20180411,1015,98100,3
456,20180411,1016,98100,398
457,20180411,1017,97900,215
458,20180411,1018,97900,36
459,20180411,1019,97900,34
460,20180411,1020,97800,121
461,20180411,1021,97800,209
462,20180411,1022,97900,1398
463,20180411,1023,97600,83
464,20180411,1024,97800,219
465,20180411,1025,97600,102
466,20180411,1026,97700,79
467,20180411,1027,97800,954
468,20180411,1028,97800,206
469,20180411,1029,97800,235
470,20180411,1030,97700,626
471,20180411,1031,97600,149
472,20180411,1032,97700,41
473,20180411,1033,97500,263
474,20180411,1034,97400,244
475,20180411,1035,97700,303
476,20180411,1036,97600,363
477,20180411,1037,97600,68
478,20180411,1038,97500,407
479,20180411,1039,97600,182
480,20180411,1040,97500,304
481,20180411,1041,97400,971
482,20180411,1042,97300,436
483,20180411,1043,97300,501
484,20180411,1044,97200,238
485,20180411,1045,97200,258
486,20180411,1046,97200,204
487,20180411,1047,97300,136
488,20180411,1048,97500,115
489,20180411,1049,97400,323
490,20180411,1050,97300,19
491,20180411,1051,97400,187
492,20180411,1052,97200,778
493,20180411,1053,97200,226
494,20180411,1054,97200,101
495,20180411,1055,97200,621
496,20180411,1056,97300,199
497,20180411,1057,97200,219
498,20180411,1058,97200,543
499,20180411,1059,97100,753
500,20180411,1100,97000,203
501,20180411,1101,96900,611
502,20180411,1102,96800,613
503,20180411,1103,97000,101
504,20180411,1104,97100,18
505,20180411,1105,97000,11
506,20180411,1106,97100,28
507,20180411,1107,97100,482
508,20180411,1108,97100,254
509,20180411,1109,97000,250
510,20180411,1110,97000,182
511,20180411,1111,97100,288
512,20180411,1112,97000,33
513,20180411,1113,97000,216
514,20180411,1114,96900,1612
515,20180411,1115,96800,99
516,20180411,1116,96700,128
517,20180411,1117,96900,60
518,20180411,1118,96900,131
519,20180411,1119,97000,1208
520,20180411,1120,96800,266
521,20180411,1121,96900,51
522,20180411,1122,96800,26
523,20180411,1123,96800,176
524,20180411,1124,96800,416
525,20180411,1125,96600,779
526,20180411,1126,96600,122
527,20180411,1127,96700,2
528,20180411,1128,96700,36
529,20180411,1129,96600,71
530,20180411,1130,96700,433
531,20180411,1131,96800,91
532,20180411,1132,96900,349
533,20180411,1133,96900,146
534,20180411,1134,97000,509
535,20180411,1135,96700,597
536,20180411,1136,96700,13
537,20180411,1137,96700,1226
538,20180411,1138,97100,32
539,20180411,1139,97100,89
540,20180411,1140,97100,200
541,20180411,1141,96900,28
542,20180411,1142,97000,268
543,20180411,1143,97100,31
544,20180411,1144,97100,31
545,20180411,1145,97100,12
546,20180411,1146,97100,55
547,20180411,1147,97100,370
548,20180411,1148,97200,35
549,20180411,1149,97200,21
550,20180411,1150,97100,301
551,20180411,1151,97100,20
552,20180411,1152,97100,14
553,20180411,1153,97100,63
554,20180411,1154,97000,32
555,20180411,1155,97100,53
556,20180411,1156,97100,38
557,20180411,1157,97100,64
558,20180411,1158,97100,57
559,20180411,1159,97100,50
560,20180411,1200,97100,51
561,20180411,1201,97100,67
562,20180411,1202,97100,69
563,20180411,1203,97100,13
564,20180411,1204,97100,93
565,20180411,1205,97000,11
566,20180411,1206,97100,152
567,20180411,1207,97100,34
568,20180411,1208,97100,38
569,20180411,1209,97000,39
570,20180411,1210,97000,915
571,20180411,1211,97100,11
572,20180411,1212,97100,96
573,20180411,1213,97000,338
574,20180411,1214,97200,88
575,20180411,1215,97100,80
576,20180411,1216,97100,38
577,20180411,1217,97100,16
578,20180411,1218,97100,63
579,20180411,1219,97100,204
580,20180411,1220,97000,194
581,20180411,1221,97000,72
582,20180411,1222,97000,49
583,20180411,1223,96900,9
584,20180411,1224,96900,170
585,20180411,1225,97000,27
586,20180411,1226,97000,337
587,20180411,1227,97100,12
588,20180411,1228,97100,151
589,20180411,1229,97200,14
590,20180411,1230,97200,132
591,20180411,1231,97200,43
592,20180411,1232,97100,595
593,20180411,1233,97100,37
594,20180411,1234,97100,31
595,20180411,1235,97100,12
596,20180411,1236,97000,35
597,20180411,1237,97100,35
598,20180411,1238,97100,495
599,20180411,1239,96900,49
600,20180411,1240,97000,62
601,20180411,1241,96900,7
602,20180411,1242,96900,139
603,20180411,1243,97000,67
604,20180411,1244,96900,107
605,20180411,1245,97000,42
606,20180411,1246,97000,5
607,20180411,1247,97000,29
608,20180411,1248,97000,182
609,20180411,1249,96900,44
610,20180411,1250,96900,117
611,20180411,1251,96800,171
612,20180411,1252,96800,494
613,20180411,1253,96800,43
614,20180411,1254,96800,157
615,20180411,1255,96900,112
616,20180411,1256,96900,74
617,20180411,1257,96900,180
618,20180411,1258,96900,38
619,20180411,1259,96900,164
620,20180411,1300,96900,36
621,20180411,1301,97000,61
622,20180411,1302,96900,61
623,20180411,1303,96900,38
624,20180411,1304,96900,12
625,20180411,1305,96800,25
626,20180411,1306,96900,97
627,20180411,1307,96900,18
628,20180411,1308,96900,32
629,20180411,1309,96900,43
630,20180411,1310,96800,41
631,20180411,1311,96800,49
632,20180411,1312,96900,396
633,20180411,1313,97000,338
634,20180411,1314,97000,106
635,20180411,1315,97000,27
636,20180411,1316,97000,1180
637,20180411,1317,97000,100
638,20180411,1318,97000,28
639,20180411,1319,97000,288
640,20180411,1320,97100,39
641,20180411,1321,97000,40
642,20180411,1322,97100,47
643,20180411,1323,97100,62
644,20180411,1324,97100,55
645,20180411,1325,97000,89
646,20180411,1326,97100,482
647,20180411,1327,97100,85
648,20180411,1328,97000,2
649,20180411,1329,97100,41
650,20180411,1330,97100,15
651,20180411,1331,97100,1854
652,20180411,1332,97300,151
653,20180411,1333,97300,260
654,20180411,1334,97500,38
655,20180411,1335,97400,204
656,20180411,1336,97300,22
657,20180411,1337,97300,192
658,20180411,1338,97300,1199
659,20180411,1339,97300,203
660,20180411,1340,97300,21
661,20180411,1341,97300,34
662,20180411,1342,97300,313
663,20180411,1343,97100,34
664,20180411,1344,96900,23
665,20180411,1345,97000,168
666,20180411,1346,97000,71
667,20180411,1347,97000,543
668,20180411,1348,97100,13
669,20180411,1349,97100,96
670,20180411,1350,97100,124
671,20180411,1351,97200,5
672,20180411,1352,97200,43
673,20180411,1353,97200,306
674,20180411,1354,97200,22
675,20180411,1355,97100,125
676,20180411,1356,97100,361
677,20180411,1357,97200,27
678,20180411,1358,97100,50
679,20180411,1359,97200,532
680,20180411,1400,97000,103
681,20180411,1401,97000,644
682,20180411,1402,96900,251
683,20180411,1403,97000,246
684,20180411,1404,97100,20
685,20180411,1405,97100,39
686,20180411,1406,97100,235
687,20180411,1407,97200,41
688,20180411,1408,97200,21
689,20180411,1409,97200,5
690,20180411,1410,97100,46
691,20180411,1411,97200,168
692,20180411,1412,97200,238
693,20180411,1413,97200,29
694,20180411,1414,97200,27
695,20180411,1415,97200,1220
696,20180411,1416,97000,88
697,20180411,1417,96900,209
698,20180411,1418,97000,30
699,20180411,1419,97000,687
700,20180411,1420,96900,437
701,20180411,1421,96900,54
702,20180411,1422,96900,224
703,20180411,1423,96900,29
704,20180411,1424,96900,88
705,20180411,1425,96900,37
706,20180411,1426,96900,156
707,20180411,1427,96900,2569
708,20180411,1428,96800,412
709,20180411,1429,96700,47
710,20180411,1430,96600,639
711,20180411,1431,96600,178
712,20180411,1432,96500,72
713,20180411,1433,96500,3533
714,20180411,1434,96300,4171
715,20180411,1435,96500,29
716,20180411,1436,96500,270
717,20180411,1437,96400,655
718,20180411,1438,96500,162
719,20180411,1439,96500,59
720,20180411,1440,96500,86
721,20180411,1441,96500,14
722,20180411,1442,96500,207
723,20180411,1443,96500,21
724,20180411,1444,96500,8
725,20180411,1445,96400,707
726,20180411,1446,96400,304
727,20180411,1447,96500,33
728,20180411,1448,96300,769
729,20180411,1449,96200,5
730,20180411,1450,96300,526
731,20180411,1451,96200,66
732,20180411,1452,96300,145
733,20180411,1453,96300,19
734,20180411,1454,96200,119
735,20180411,1455,96300,30
736,20180411,1456,96200,111
737,20180411,1457,96200,56
738,20180411,1458,96200,7
739,20180411,1459,96200,325
740,20180411,1500,96200,404
741,20180411,1501,96300,25
742,20180411,1502,96300,66
743,20180411,1503,96300,324
744,20180411,1504,96200,53
745,20180411,1505,96300,204
746,20180411,1506,96200,34
747,20180411,1507,96300,163
748,20180411,1508,96200,305
749,20180411,1509,96300,75
750,20180411,1510,96300,295
751,20180411,1511,96300,880
752,20180411,1512,96200,1141
753,20180411,1513,96200,258
754,20180411,1514,96200,199
755,20180411,1515,96200,110
756,20180411,1516,96200,880
757,20180411,1517,96200,147
758,20180411,1518,96200,2011
759,20180411,1519,96600,192
760,20180411,1520,96500,94
761,20180411,1530,96500,4331
762,20180412,901,96200,288
763,20180412,902,96200,326
764,20180412,903,96000,481
765,20180412,904,95700,205
766,20180412,905,95800,61
767,20180412,906,95700,25
768,20180412,907,95800,140
769,20180412,908,95700,171
770,20180412,909,95700,95
771,20180412,910,95800,123
772,20180412,911,95700,52
773,20180412,912,95700,227
774,20180412,913,95600,92
775,20180412,914,95500,420
776,20180412,915,95500,90
777,20180412,916,95400,187
778,20180412,917,95400,224
779,20180412,918,95300,299
780,20180412,919,95500,536
781,20180412,920,95300,120
782,20180412,921,95300,531
783,20180412,922,95200,15
784,20180412,923,95300,304
785,20180412,924,95400,171
786,20180412,925,95400,91
787,20180412,926,95500,12
788,20180412,927,95400,57
789,20180412,928,95400,10
790,20180412,929,95300,2187
791,20180412,930,95000,1422
792,20180412,931,95000,386
793,20180412,932,94900,630
794,20180412,933,95100,430
795,20180412,934,94900,117
796,20180412,935,94900,99
797,20180412,936,94900,65
798,20180412,937,94800,186
799,20180412,938,94800,695
800,20180412,939,94800,102
801,20180412,940,94800,29
802,20180412,941,94800,464
803,20180412,942,94900,734
804,20180412,943,94800,94
805,20180412,944,94900,49
806,20180412,945,94800,17
807,20180412,946,94900,203
808,20180412,947,94800,1024
809,20180412,948,94600,790
810,20180412,949,94600,609
811,20180412,950,94600,349
812,20180412,951,94600,356
813,20180412,952,94600,84
814,20180412,953,94600,129
815,20180412,954,94800,200
816,20180412,955,94700,244
817,20180412,956,94600,3884
818,20180412,957,94400,260
819,20180412,958,94300,154
820,20180412,959,94400,311
821,20180412,1000,94200,5211
822,20180412,1001,93900,865
823,20180412,1002,93800,486
824,20180412,1003,93800,378
825,20180412,1004,93900,325
826,20180412,1005,93800,390
827,20180412,1006,94000,160
828,20180412,1007,94100,170
829,20180412,1008,94200,559
830,20180412,1009,94300,301
831,20180412,1010,94200,144
832,20180412,1011,94300,25
833,20180412,1012,94200,80
834,20180412,1013,94300,41
835,20180412,1014,94200,133
836,20180412,1015,94300,251
837,20180412,1016,94200,438
838,20180412,1017,94000,700
839,20180412,1018,93800,326
840,20180412,1019,93800,111
841,20180412,1020,93900,834
842,20180412,1021,93700,300
843,20180412,1022,93600,4359
844,20180412,1023,93300,1249
845,20180412,1024,93200,1246
846,20180412,1025,93200,279
847,20180412,1026,93200,174
848,20180412,1027,93400,511
849,20180412,1028,93500,230
850,20180412,1029,93400,393
851,20180412,1030,93500,45
852,20180412,1031,93500,59
853,20180412,1032,93500,182
854,20180412,1033,93400,158
855,20180412,1034,93500,153
856,20180412,1035,93500,506
857,20180412,1036,93500,33
858,20180412,1037,93600,259
859,20180412,1038,93400,467
860,20180412,1039,93500,375
861,20180412,1040,93400,1408
862,20180412,1041,93100,214
863,20180412,1042,93100,671
864,20180412,1043,93100,55
865,20180412,1044,93200,230
866,20180412,1045,93100,3263
867,20180412,1046,93000,387
868,20180412,1047,92900,209
869,20180412,1048,92900,828
870,20180412,1049,93100,95
871,20180412,1050,93200,742
872,20180412,1051,93300,166
873,20180412,1052,93200,143
874,20180412,1053,93200,253
875,20180412,1054,93100,65
876,20180412,1055,93100,150
877,20180412,1056,93200,65
878,20180412,1057,93200,175
879,20180412,1058,93300,21
880,20180412,1059,93300,186
881,20180412,1100,93300,25
882,20180412,1101,93200,293
883,20180412,1102,93200,43
884,20180412,1103,93200,150
885,20180412,1104,93200,52
886,20180412,1105,93200,41
887,20180412,1106,93200,143
888,20180412,1107,93200,24
889,20180412,1108,93300,5
890,20180412,1109,93300,626
891,20180412,1110,93100,142
892,20180412,1111,93200,137
893,20180412,1112,93100,90
894,20180412,1113,93200,210
895,20180412,1114,93100,571
896,20180412,1115,93200,419
897,20180412,1116,93200,1731
898,20180412,1117,93000,121
899,20180412,1118,93000,20
900,20180412,1119,93000,315
901,20180412,1120,93000,73
902,20180412,1121,93000,510
903,20180412,1122,93100,5
904,20180412,1123,93100,46
905,20180412,1124,93100,412
906,20180412,1125,93100,9
907,20180412,1127,93200,19
908,20180412,1128,93100,103
909,20180412,1129,93100,20
910,20180412,1130,93100,1
911,20180412,1131,93000,154
912,20180412,1132,93100,137
913,20180412,1133,93000,487
914,20180412,1134,93000,338
915,20180412,1135,93000,189
916,20180412,1136,93000,9
917,20180412,1137,93000,595
918,20180412,1138,93000,31
919,20180412,1139,92900,169
920,20180412,1140,93000,61
921,20180412,1141,92900,55
922,20180412,1142,93000,428
923,20180412,1143,93100,216
924,20180412,1144,93200,36
925,20180412,1145,93000,68
926,20180412,1146,93000,371
927,20180412,1147,92900,4248
928,20180412,1148,92900,244
929,20180412,1149,92800,814
930,20180412,1150,92800,849
931,20180412,1151,92800,356
932,20180412,1152,92700,703
933,20180412,1153,92600,414
934,20180412,1154,92700,29
935,20180412,1155,92700,571
936,20180412,1156,92700,9
937,20180412,1157,92700,108
938,20180412,1158,92700,47
939,20180412,1159,92600,318
940,20180412,1200,92700,18
941,20180412,1201,92600,86
942,20180412,1202,92700,218
943,20180412,1203,92800,14
944,20180412,1204,92700,145
945,20180412,1205,92800,401
946,20180412,1206,92800,3
947,20180412,1207,92900,191
948,20180412,1208,92900,11
949,20180412,1209,92800,929
950,20180412,1210,92700,317
951,20180412,1211,92800,149
952,20180412,1212,92700,57
953,20180412,1213,92700,213
954,20180412,1214,92800,18
955,20180412,1215,92800,182
956,20180412,1216,92800,200
957,20180412,1217,92700,382
958,20180412,1218,92700,255
959,20180412,1219,92700,201
960,20180412,1220,92600,117
961,20180412,1221,92700,260
962,20180412,1222,92700,1197
963,20180412,1224,92600,3664
964,20180412,1225,92500,756
965,20180412,1226,92400,496
966,20180412,1227,92400,28
967,20180412,1228,92400,58
968,20180412,1229,92400,538
969,20180412,1230,92400,1
970,20180412,1231,92500,176
971,20180412,1232,92600,614
972,20180412,1233,92700,942
973,20180412,1234,92500,7
974,20180412,1235,92500,42
975,20180412,1236,92500,251
976,20180412,1237,92400,15
977,20180412,1238,92500,556
978,20180412,1239,92600,390
979,20180412,1240,92700,87
980,20180412,1241,92500,104
981,20180412,1242,92500,472
982,20180412,1243,92500,113
983,20180412,1244,92600,180
984,20180412,1245,92500,40
985,20180412,1246,92600,105
986,20180412,1247,92600,68
987,20180412,1248,92600,29
988,20180412,1249,92600,427
989,20180412,1250,92600,17
990,20180412,1251,92500,299
991,20180412,1252,92500,13
992,20180412,1253,92500,71
993,20180412,1254,92500,189
994,20180412,1255,92500,602
995,20180412,1256,92500,9
996,20180412,1257,92600,15
997,20180412,1258,92600,164
998,20180412,1259,92600,715
999,20180412,1300,92600,197
1000,20180412,1301,92700,87
1001,20180412,1302,92600,191
1002,20180412,1303,92700,333
1003,20180412,1304,92700,110
1004,20180412,1305,92700,183
1005,20180412,1306,92700,5
1006,20180412,1307,92700,33
1007,20180412,1308,92600,102
1008,20180412,1309,92600,155
1009,20180412,1310,92600,209
1010,20180412,1311,92700,161
1011,20180412,1312,92700,110
1012,20180412,1313,92700,48
1013,20180412,1314,92700,82
1014,20180412,1315,92800,20
1015,20180412,1316,92700,193
1016,20180412,1317,92800,97
1017,20180412,1318,92700,187
1018,20180412,1319,92800,166
1019,20180412,1320,92700,143
1020,20180412,1321,92800,529
1021,20180412,1322,92800,6
1022,20180412,1323,92800,152
1023,20180412,1324,92800,647
1024,20180412,1325,92900,111
1025,20180412,1326,92900,23
1026,20180412,1327,92800,147
1027,20180412,1328,92800,228
1028,20180412,1329,92800,288
1029,20180412,1330,92800,229
1030,20180412,1331,92700,11
1031,20180412,1332,92700,24
1032,20180412,1333,92700,484
1033,20180412,1334,92600,188
1034,20180412,1335,92600,11
1035,20180412,1336,92600,669
1036,20180412,1337,92600,45
1037,20180412,1338,92900,335
1038,20180412,1339,92800,16
1039,20180412,1340,92700,224
1040,20180412,1341,92600,347
1041,20180412,1342,92500,94
1042,20180412,1343,92600,62
1043,20180412,1344,92600,6
1044,20180412,1345,92600,248
1045,20180412,1346,92700,23
1046,20180412,1347,92600,307
1047,20180412,1348,92600,158
1048,20180412,1349,92600,197
1049,20180412,1350,92600,771
1050,20180412,1351,92500,11
1051,20180412,1352,92500,58
1052,20180412,1353,92500,558
1053,20180412,1354,92600,15
1054,20180412,1355,92600,26
1055,20180412,1356,92500,341
1056,20180412,1357,92500,129
1057,20180412,1358,92600,42
1058,20180412,1359,92600,351
1059,20180412,1400,92600,3
1060,20180412,1401,92600,109
1061,20180412,1402,92600,12
1062,20180412,1403,92600,348
1063,20180412,1404,92700,14
1064,20180412,1405,92700,77
1065,20180412,1406,92700,146
1066,20180412,1407,92600,272
1067,20180412,1408,92700,34
1068,20180412,1409,92600,486
1069,20180412,1410,92800,422
1070,20180412,1411,92800,265
1071,20180412,1412,92800,15
1072,20180412,1413,92900,20
1073,20180412,1414,92800,416
1074,20180412,1415,92800,16
1075,20180412,1416,92800,37
1076,20180412,1417,92800,223
1077,20180412,1418,92800,150
1078,20180412,1419,92700,209
1079,20180412,1420,92800,529
1080,20180412,1421,92800,236
1081,20180412,1422,92800,306
1082,20180412,1423,92900,67
1083,20180412,1424,92800,511
1084,20180412,1425,92700,282
1085,20180412,1426,92700,392
1086,20180412,1427,92900,88
1087,20180412,1428,92800,190
1088,20180412,1429,92800,87
1089,20180412,1430,92800,237
1090,20180412,1431,92900,304
1091,20180412,1432,92700,178
1092,20180412,1433,92700,96
1093,20180412,1434,92700,97
1094,20180412,1435,92700,209
1095,20180412,1436,92700,645
1096,20180412,1437,92700,1092
1097,20180412,1438,92600,269
1098,20180412,1439,92600,194
1099,20180412,1440,92700,33
1100,20180412,1441,92600,55
1101,20180412,1442,92700,278
1102,20180412,1443,92700,93
1103,20180412,1444,92600,170
1104,20180412,1445,92600,41
1105,20180412,1446,92700,823
1106,20180412,1447,92800,68
1107,20180412,1448,92700,1631
1108,20180412,1449,92600,94
1109,20180412,1450,92700,321
1110,20180412,1451,92700,35
1111,20180412,1452,92700,169
1112,20180412,1453,92700,180
1113,20180412,1454,92600,1430
1114,20180412,1455,92600,33
1115,20180412,1456,92600,116
1116,20180412,1457,92600,176
1117,20180412,1458,92600,94
1118,20180412,1459,92600,420
1119,20180412,1500,92600,166
1120,20180412,1501,92600,275
1121,20180412,1502,92600,586
1122,20180412,1503,92500,328
1123,20180412,1504,92500,1346
1124,20180412,1505,92500,117
1125,20180412,1506,92600,336
1126,20180412,1507,92500,466
1127,20180412,1508,92600,97
1128,20180412,1509,92600,37
1129,20180412,1510,92600,104
1130,20180412,1511,92600,459
1131,20180412,1512,92500,498
1132,20180412,1513,92600,1991
1133,20180412,1514,92600,242
1134,20180412,1515,92700,292
1135,20180412,1516,92600,356
1136,20180412,1517,92600,274
1137,20180412,1518,92700,495
1138,20180412,1519,92600,322
1139,20180412,1520,92600,163
1140,20180412,1530,92500,16772
0,20180413,901,87300,23910
1,20180413,902,87800,10883
2,20180413,903,86900,3494
3,20180413,904,86800,7433
4,20180413,905,87500,3274
5,20180413,906,88400,2380
6,20180413,907,88100,1815
7,20180413,908,88200,4825
8,20180413,909,88600,4654
9,20180413,910,89400,2584
10,20180413,911,89400,2338
11,20180413,912,88900,617
12,20180413,913,89400,2201
13,20180413,914,89600,3574
14,20180413,915,89200,919
15,20180413,916,89100,900
16,20180413,917,89200,3441
17,20180413,918,89100,1672
18,20180413,919,89100,5919
19,20180413,920,89500,4888
20,20180413,921,89100,3713
21,20180413,922,88900,2522
22,20180413,923,88600,3046
23,20180413,924,88400,942
24,20180413,925,88500,1880
25,20180413,926,88900,586
26,20180413,927,88800,553
27,20180413,928,88500,302
28,20180413,929,88600,543
29,20180413,930,88500,1297
30,20180413,931,88400,521
31,20180413,932,88400,416
32,20180413,933,88400,401
33,20180413,934,88400,150
34,20180413,935,88500,305
35,20180413,936,88500,895
36,20180413,937,88600,919
37,20180413,938,88900,608
38,20180413,939,88900,483
39,20180413,940,89000,992
40,20180413,941,89100,326
41,20180413,942,89100,693
42,20180413,943,89100,226
43,20180413,944,89200,990
44,20180413,945,89000,1334
45,20180413,946,89200,134
46,20180413,947,89200,1449
47,20180413,948,89500,901
48,20180413,949,89200,194
49,20180413,950,89200,117
50,20180413,951,89300,334
51,20180413,952,89200,308
52,20180413,953,89300,37
53,20180413,954,89300,264
54,20180413,955,89300,498
55,20180413,956,89600,1282
56,20180413,957,89700,427
57,20180413,958,89700,832
58,20180413,959,89700,302
59,20180413,1000,89800,399
60,20180413,1001,89800,583
61,20180413,1002,90000,2172
62,20180413,1003,90200,549
63,20180413,1004,90400,1192
64,20180413,1005,90500,526
65,20180413,1006,90700,697
66,20180413,1007,91100,1612
67,20180413,1008,91000,674
68,20180413,1009,90900,205
69,20180413,1010,90800,418
70,20180413,1011,90600,196
71,20180413,1012,90900,583
72,20180413,1013,90900,523
73,20180413,1014,91200,283
74,20180413,1015,91100,2109
75,20180413,1016,91300,275
76,20180413,1017,91400,495
77,20180413,1018,91300,250
78,20180413,1019,91300,1250
79,20180413,1020,91100,395
80,20180413,1021,91100,692
81,20180413,1022,90900,103
82,20180413,1023,90900,154
83,20180413,1024,90900,1050
84,20180413,1025,90700,336
85,20180413,1026,90500,204
86,20180413,1027,90500,193
87,20180413,1028,90700,75
88,20180413,1029,90600,418
89,20180413,1030,90400,294
90,20180413,1031,90400,545
91,20180413,1032,90500,499
92,20180413,1033,90400,1304
93,20180413,1034,90600,378
94,20180413,1035,90400,362
95,20180413,1036,90500,548
96,20180413,1037,90500,2404
97,20180413,1038,90100,512
98,20180413,1039,90300,154
99,20180413,1040,90300,125
100,20180413,1041,90300,344
101,20180413,1042,90100,37
102,20180413,1043,90100,78
103,20180413,1044,90200,1535
104,20180413,1045,90100,348
105,20180413,1046,90100,1098
106,20180413,1047,90000,70
107,20180413,1048,90000,208
108,20180413,1049,89900,362
109,20180413,1050,89800,216
110,20180413,1051,89800,155
111,20180413,1052,89800,182
112,20180413,1053,90000,179
113,20180413,1054,89900,211
114,20180413,1055,90000,337
115,20180413,1056,90000,185
116,20180413,1057,90100,272
117,20180413,1058,90100,183
118,20180413,1059,90200,193
119,20180413,1100,90200,119
120,20180413,1101,90300,68
121,20180413,1102,90200,166
122,20180413,1103,90300,92
123,20180413,1104,90200,236
124,20180413,1105,90400,1253
125,20180413,1106,90300,310
126,20180413,1107,90300,1646
127,20180413,1108,89800,1737
128,20180413,1109,89800,319
129,20180413,1110,89600,5605
130,20180413,1111,90400,269
131,20180413,1112,90400,198
132,20180413,1113,90300,160
133,20180413,1114,90200,164
134,20180413,1115,90000,1268
135,20180413,1116,89700,60
136,20180413,1117,89600,75
137,20180413,1118,89700,1051
138,20180413,1119,90100,109
139,20180413,1120,90200,268
140,20180413,1121,90100,34
141,20180413,1122,90100,38
142,20180413,1123,90200,31
143,20180413,1124,90200,189
144,20180413,1125,90100,49
145,20180413,1126,90100,264
146,20180413,1127,90100,188
147,20180413,1128,90000,145
148,20180413,1129,89900,254
149,20180413,1130,89800,1035
150,20180413,1131,90100,62
151,20180413,1132,90100,89
152,20180413,1133,90100,350
153,20180413,1134,90100,570
154,20180413,1135,90300,133
155,20180413,1136,90300,37
156,20180413,1137,90200,119
157,20180413,1138,90300,285
158,20180413,1139,90200,130
159,20180413,1140,90100,100
160,20180413,1141,90200,1801
161,20180413,1142,90500,57
162,20180413,1143,90500,761
163,20180413,1144,90800,981
164,20180413,1145,91200,177
165,20180413,1146,91100,57
166,20180413,1147,91100,435
167,20180413,1148,90700,110
168,20180413,1149,90800,36
169,20180413,1150,90800,72
170,20180413,1151,90700,144
171,20180413,1152,90800,1
172,20180413,1153,90800,42
173,20180413,1154,90800,85
174,20180413,1155,90800,111
175,20180413,1156,90800,9
176,20180413,1157,90800,204
177,20180413,1158,90800,410
178,20180413,1159,90800,28
179,20180413,1200,90900,335
180,20180413,1201,91000,105
181,20180413,1202,91100,35
182,20180413,1203,91100,24
183,20180413,1204,91100,128
184,20180413,1205,91200,102
185,20180413,1206,91100,237
186,20180413,1207,91200,128
187,20180413,1208,91200,260
188,20180413,1209,91200,90
189,20180413,1210,91200,142
190,20180413,1211,91300,108
191,20180413,1212,91300,429
192,20180413,1213,91300,779
193,20180413,1214,91000,394
194,20180413,1215,90800,490
195,20180413,1216,90800,38
196,20180413,1217,90700,33
197,20180413,1218,90700,151
198,20180413,1219,90600,168
199,20180413,1220,90700,437
200,20180413,1221,90900,423
201,20180413,1222,91100,144
202,20180413,1223,91100,83
203,20180413,1224,91100,109
204,20180413,1225,91000,73
205,20180413,1226,91000,59
206,20180413,1227,91300,57
207,20180413,1228,91200,60
208,20180413,1229,91100,53
209,20180413,1230,91200,59
210,20180413,1231,91200,20
211,20180413,1232,91300,265
212,20180413,1233,91400,100
213,20180413,1234,91400,17
214,20180413,1235,91400,121
215,20180413,1236,91400,26
216,20180413,1237,91400,63
217,20180413,1238,91400,332
218,20180413,1239,91500,673
219,20180413,1240,91500,34
220,20180413,1241,91600,640
221,20180413,1242,91600,242
222,20180413,1243,91700,172
223,20180413,1245,91600,423
224,20180413,1246,91600,81
225,20180413,1247,91700,260
226,20180413,1248,91700,65
227,20180413,1249,91600,460
228,20180413,1250,91500,975
229,20180413,1251,91400,100
230,20180413,1252,91500,185
231,20180413,1253,91400,7
232,20180413,1254,91400,155
233,20180413,1255,91600,98
234,20180413,1256,91600,485
235,20180413,1257,91600,79
236,20180413,1258,91400,44
237,20180413,1259,91500,154
238,20180413,1300,91400,176
239,20180413,1301,91500,718
240,20180413,1302,91300,140
241,20180413,1303,91500,93
242,20180413,1304,91400,77
243,20180413,1305,91300,40
244,20180413,1306,91200,93
245,20180413,1307,91400,152
246,20180413,1308,91400,207
247,20180413,1309,91400,89
248,20180413,1310,91400,21
249,20180413,1311,91500,165
250,20180413,1312,91300,164
251,20180413,1313,91300,179
252,20180413,1314,91300,746
253,20180413,1315,91200,170
254,20180413,1316,91100,262
255,20180413,1317,91100,342
256,20180413,1318,91200,206
257,20180413,1319,91200,425
258,20180413,1320,91300,155
259,20180413,1321,91400,129
260,20180413,1322,91400,364
261,20180413,1323,91200,239
262,20180413,1324,91200,27
263,20180413,1325,91300,102
264,20180413,1326,91400,448
265,20180413,1327,91500,252
266,20180413,1328,91500,104
267,20180413,1329,91500,63
268,20180413,1330,91600,169
269,20180413,1331,91600,282
270,20180413,1332,91500,88
271,20180413,1333,91600,140
272,20180413,1334,91600,68
273,20180413,1335,91500,630
274,20180413,1336,91500,211
275,20180413,1337,91600,254
276,20180413,1338,91500,97
277,20180413,1339,91500,44
278,20180413,1340,91600,884
279,20180413,1341,91600,164
280,20180413,1342,91600,116
281,20180413,1343,91700,132
282,20180413,1344,91700,71
283,20180413,1345,91700,57
284,20180413,1346,91600,140
285,20180413,1347,91700,1651
286,20180413,1348,91900,245
287,20180413,1349,91800,47
288,20180413,1350,91900,434
289,20180413,1351,91900,88
290,20180413,1352,91700,20
291,20180413,1353,91700,245
292,20180413,1354,91900,118
293,20180413,1355,91900,108
294,20180413,1356,91800,153
295,20180413,1357,91900,121
296,20180413,1358,91800,374
297,20180413,1359,92000,156
298,20180413,1400,91900,710
299,20180413,1401,92000,77
300,20180413,1402,92100,2026
301,20180413,1403,92600,1037
302,20180413,1404,92600,254
303,20180413,1405,92800,47
304,20180413,1406,92700,63
305,20180413,1407,92800,177
306,20180413,1408,92700,318
307,20180413,1409,92700,1392
308,20180413,1410,92300,56
309,20180413,1411,92300,146
310,20180413,1412,92400,182
311,20180413,1413,92300,52
312,20180413,1414,92400,99
313,20180413,1415,92300,80
314,20180413,1416,92400,23
315,20180413,1417,92400,162
316,20180413,1418,92200,92
317,20180413,1419,92200,100
318,20180413,1420,92100,137
319,20180413,1421,92300,130
320,20180413,1422,92300,220
321,20180413,1423,92200,370
322,20180413,1424,91900,67
323,20180413,1425,92200,119
324,20180413,1426,92100,169
325,20180413,1427,92100,20
326,20180413,1428,92200,111
327,20180413,1429,92000,183
328,20180413,1430,92000,122
329,20180413,1431,92200,130
330,20180413,1432,92200,361
331,20180413,1433,92400,61
332,20180413,1434,92200,63
333,20180413,1435,92400,99
334,20180413,1436,92300,65
335,20180413,1437,92200,382
336,20180413,1438,92500,526
337,20180413,1439,92700,982
338,20180413,1440,92400,47
339,20180413,1441,92400,26
340,20180413,1442,92500,134
341,20180413,1443,92500,214
342,20180413,1444,92500,79
343,20180413,1445,92500,132
344,20180413,1446,92200,89
345,20180413,1447,92200,59
346,20180413,1448,92100,43
347,20180413,1449,92100,215
348,20180413,1450,92100,86
349,20180413,1451,92100,74
350,20180413,1452,92100,27
351,20180413,1453,92100,367
352,20180413,1454,92000,180
353,20180413,1455,92100,268
354,20180413,1456,92100,106
355,20180413,1457,92100,71
356,20180413,1458,92100,39
357,20180413,1459,92100,143
358,20180413,1500,92100,70
359,20180413,1501,92100,147
360,20180413,1502,92200,328
361,20180413,1503,92300,127
362,20180413,1504,92400,1270
363,20180413,1505,92600,552
364,20180413,1506,92600,127
365,20180413,1507,92400,25
366,20180413,1508,92400,169
367,20180413,1509,92300,90
368,20180413,1510,92100,100
369,20180413,1511,92300,46
370,20180413,1512,92400,484
371,20180413,1513,92300,67
372,20180413,1514,92400,300
373,20180413,1515,92200,34
374,20180413,1516,92300,461
375,20180413,1517,92100,598
376,20180413,1518,92000,317
377,20180413,1519,92100,970
378,20180413,1520,92100,175
379,20180413,1530,92100,6680
0,20180416,901,91400,908
1,20180416,902,91600,496
2,20180416,903,91700,1080
3,20180416,904,91200,402
4,20180416,905,91300,595
5,20180416,906,91400,740
6,20180416,907,91100,106
7,20180416,908,91200,325
8,20180416,909,91100,396
9,20180416,910,90900,362
10,20180416,911,90600,558
11,20180416,912,90600,1478
12,20180416,913,90300,1279
13,20180416,914,90700,601
14,20180416,915,90900,338
15,20180416,916,91000,63
16,20180416,917,91000,696
17,20180416,918,91300,16
18,20180416,919,91400,976
19,20180416,920,91900,107
20,20180416,921,91900,302
21,20180416,922,91900,64
22,20180416,923,91800,210
23,20180416,924,92000,115
24,20180416,925,92000,609
25,20180416,926,92200,126
26,20180416,927,92200,107
27,20180416,928,92100,220
28,20180416,929,92300,409
29,20180416,930,92500,718
30,20180416,931,92600,794
31,20180416,932,92300,848
32,20180416,933,92100,61
33,20180416,934,92100,155
34,20180416,935,92200,213
35,20180416,936,92300,12
36,20180416,937,92200,126
37,20180416,938,92100,1526
38,20180416,939,91800,142
39,20180416,940,91800,71
40,20180416,941,91800,187
41,20180416,942,91900,90
42,20180416,943,92000,412
43,20180416,944,92000,15
44,20180416,945,91900,212
45,20180416,946,91800,144
46,20180416,947,91800,236
47,20180416,948,91600,57
48,20180416,949,91600,129
49,20180416,950,91700,112
50,20180416,951,91800,421
51,20180416,952,91900,126
52,20180416,953,91900,36
53,20180416,955,91900,375
54,20180416,956,91800,87
55,20180416,957,91900,6
56,20180416,958,91900,34
57,20180416,959,91900,4
58,20180416,1000,91800,804
59,20180416,1001,91600,314
60,20180416,1002,91500,233
61,20180416,1003,91500,431
62,20180416,1004,91300,411
63,20180416,1005,91300,50
64,20180416,1006,91300,9
65,20180416,1007,91200,26
66,20180416,1008,91300,206
67,20180416,1009,91200,634
68,20180416,1010,91300,1705
69,20180416,1011,91300,349
70,20180416,1012,91300,8
71,20180416,1013,91300,68
72,20180416,1014,91300,341
73,20180416,1015,91100,100
74,20180416,1016,91100,21
75,20180416,1017,91100,1
76,20180416,1020,91100,1762
77,20180416,1021,91000,367
78,20180416,1022,91000,356
79,20180416,1023,90900,420
80,20180416,1024,90900,1
81,20180416,1025,91000,6
82,20180416,1026,90900,485
83,20180416,1027,91100,396
84,20180416,1028,91100,2
85,20180416,1030,91100,7
86,20180416,1031,91200,834
87,20180416,1032,91300,16
88,20180416,1033,91200,1
89,20180416,1034,91300,32
90,20180416,1035,91200,15
91,20180416,1036,91200,2
92,20180416,1037,91300,2308
93,20180416,1038,91000,184
94,20180416,1039,91000,197
95,20180416,1040,91000,1193
96,20180416,1041,91000,137
97,20180416,1042,91000,201
98,20180416,1043,91000,12
99,20180416,1044,91000,285
100,20180416,1045,91100,158
101,20180416,1046,91000,14
102,20180416,1047,91000,140
103,20180416,1048,91000,124
104,20180416,1049,91000,2016
105,20180416,1050,90900,37
106,20180416,1051,90900,721
107,20180416,1052,90900,1
108,20180416,1053,90900,575
109,20180416,1054,90800,64
110,20180416,1055,90800,17
111,20180416,1056,90800,264
112,20180416,1057,90700,2
113,20180416,1058,90700,27
114,20180416,1059,90700,855
115,20180416,1100,90600,1
116,20180416,1101,90600,17
117,20180416,1102,90600,13
118,20180416,1103,90600,76
119,20180416,1104,90700,117
120,20180416,1105,90600,5
121,20180416,1106,90600,428
122,20180416,1107,90700,4
123,20180416,1108,90600,83
124,20180416,1109,90600,210
125,20180416,1110,90700,202
126,20180416,1111,90700,57
127,20180416,1112,90700,191
128,20180416,1113,90600,970
129,20180416,1114,91000,371
130,20180416,1115,90900,115
131,20180416,1116,90800,23
132,20180416,1117,90900,23
133,20180416,1118,90800,1
134,20180416,1119,90800,3
135,20180416,1120,90800,5
136,20180416,1121,90800,35
137,20180416,1122,90800,1
138,20180416,1123,90800,319
139,20180416,1124,91000,11
140,20180416,1125,91000,326
141,20180416,1126,91000,289
142,20180416,1127,90900,95
143,20180416,1128,91000,36
144,20180416,1129,90900,4
145,20180416,1130,90900,2
146,20180416,1131,91000,31
147,20180416,1132,91000,21
148,20180416,1133,90900,3
149,20180416,1134,90900,1
150,20180416,1135,90900,27
151,20180416,1136,90900,1
152,20180416,1137,90900,2
153,20180416,1138,91000,2
154,20180416,1139,90900,1
155,20180416,1140,90900,2
156,20180416,1141,90900,5
157,20180416,1142,91000,19
158,20180416,1143,91000,2
159,20180416,1144,91000,5
160,20180416,1145,90900,5
161,20180416,1146,90900,167
162,20180416,1147,90900,7
163,20180416,1148,90900,2
164,20180416,1149,90900,28
165,20180416,1150,90900,41
166,20180416,1151,90900,1010
167,20180416,1152,91000,35
168,20180416,1153,91000,8
169,20180416,1154,91000,101
170,20180416,1155,91000,14
171,20180416,1156,91000,225
172,20180416,1157,90900,1
173,20180416,1158,91000,3
174,20180416,1159,90900,21
175,20180416,1200,90900,47
176,20180416,1201,90900,517
177,20180416,1202,90900,442
178,20180416,1203,90900,150
179,20180416,1204,90800,1
180,20180416,1205,90800,107
181,20180416,1206,90800,3
182,20180416,1207,90800,1
183,20180416,1208,90900,2
184,20180416,1209,90900,100
185,20180416,1210,90800,12
186,20180416,1211,90800,11
187,20180416,1212,90800,1
188,20180416,1213,90800,2
189,20180416,1214,90800,23
190,20180416,1215,90800,1
191,20180416,1216,90800,260
192,20180416,1217,90700,2
193,20180416,1218,90700,69
194,20180416,1219,90700,4
195,20180416,1220,90700,86
196,20180416,1221,90700,1
197,20180416,1222,90700,574
198,20180416,1223,90800,1
199,20180416,1224,90800,449
200,20180416,1225,90800,14
201,20180416,1227,90700,1060
202,20180416,1228,90800,2
203,20180416,1229,90900,78
204,20180416,1230,90900,144
205,20180416,1231,90900,174
206,20180416,1232,90900,31
207,20180416,1233,90900,1
208,20180416,1234,91000,18
209,20180416,1235,90900,2
210,20180416,1236,90900,56
211,20180416,1237,90900,1
212,20180416,1238,91000,11
213,20180416,1239,90900,8
214,20180416,1240,91000,2
215,20180416,1241,90900,479
216,20180416,1242,90800,295
217,20180416,1243,90700,661
218,20180416,1244,90600,113
219,20180416,1245,90600,205
220,20180416,1246,90700,2
221,20180416,1247,90700,251
222,20180416,1248,90800,2
223,20180416,1249,90700,2
224,20180416,1250,90700,3
225,20180416,1251,90700,1
226,20180416,1252,90700,74
227,20180416,1253,90700,331
228,20180416,1254,90600,1
229,20180416,1255,90700,38
230,20180416,1256,90600,33
231,20180416,1257,90600,4660
232,20180416,1258,90500,33
233,20180416,1259,90500,41
234,20180416,1300,90500,171
235,20180416,1301,90400,404
236,20180416,1302,90500,84
237,20180416,1303,90500,7
238,20180416,1304,90500,28
239,20180416,1305,90500,28
240,20180416,1306,90500,8
241,20180416,1307,90600,554
242,20180416,1308,90500,50
243,20180416,1309,90400,16
244,20180416,1310,90400,111
245,20180416,1311,90500,26
246,20180416,1312,90500,63
247,20180416,1313,90400,8
248,20180416,1314,90500,25
249,20180416,1315,90500,62
250,20180416,1316,90400,47
251,20180416,1317,90400,36
252,20180416,1318,90400,362
253,20180416,1319,90500,51
254,20180416,1320,90500,48
255,20180416,1321,90500,77
256,20180416,1322,90600,27
257,20180416,1323,90500,57
258,20180416,1324,90500,40
259,20180416,1325,90500,92
260,20180416,1326,90500,41
261,20180416,1327,90500,151
262,20180416,1328,90500,28
263,20180416,1329,90500,313
264,20180416,1330,90500,32
265,20180416,1331,90400,605
266,20180416,1332,90500,15
267,20180416,1333,90500,12
268,20180416,1334,90600,16
269,20180416,1335,90500,9
270,20180416,1336,90500,100
271,20180416,1337,90500,111
272,20180416,1338,90500,69
273,20180416,1339,90500,18
274,20180416,1340,90500,33
275,20180416,1341,90500,715
276,20180416,1342,90400,51
277,20180416,1343,90400,344
278,20180416,1344,90400,18
279,20180416,1345,90400,285
280,20180416,1346,90400,257
281,20180416,1347,90500,112
282,20180416,1348,90500,130
283,20180416,1349,90400,56
284,20180416,1350,90500,211
285,20180416,1351,90500,33
286,20180416,1352,90500,71
287,20180416,1353,90500,215
288,20180416,1354,90500,12
289,20180416,1355,90500,2070
290,20180416,1356,90400,25
291,20180416,1357,90500,28
292,20180416,1358,90500,64
293,20180416,1359,90400,93
294,20180416,1400,90400,127
295,20180416,1401,90500,65
296,20180416,1402,90400,298
297,20180416,1403,90600,69
298,20180416,1404,90500,16
299,20180416,1405,90600,22
300,20180416,1406,90500,717
301,20180416,1407,90400,31
302,20180416,1408,90400,51
303,20180416,1409,90400,214
304,20180416,1410,90500,10
305,20180416,1411,90400,18
306,20180416,1412,90400,259
307,20180416,1413,90400,42
308,20180416,1414,90400,14
309,20180416,1415,90400,43
310,20180416,1416,90400,178
311,20180416,1417,90500,7
312,20180416,1418,90400,85
313,20180416,1419,90500,152
314,20180416,1420,90500,30
315,20180416,1421,90500,67
316,20180416,1422,90400,18
317,20180416,1423,90400,89
318,20180416,1424,90400,9
319,20180416,1425,90400,18
320,20180416,1426,90400,1119
321,20180416,1427,90500,18
322,20180416,1428,90600,489
323,20180416,1429,90400,19
324,20180416,1430,90400,28
325,20180416,1431,90400,111
326,20180416,1432,90500,62
327,20180416,1433,90500,2
328,20180416,1434,90400,42
329,20180416,1435,90500,74
330,20180416,1436,90500,100
331,20180416,1437,90400,2
332,20180416,1438,90500,30
333,20180416,1439,90500,62
334,20180416,1440,90500,55
335,20180416,1441,90500,87
336,20180416,1442,90400,3
337,20180416,1443,90400,1
338,20180416,1444,90500,67
339,20180416,1445,90500,81
340,20180416,1446,90400,102
341,20180416,1447,90400,35
342,20180416,1448,90400,162
343,20180416,1449,90500,134
344,20180416,1450,90500,4
345,20180416,1451,90500,1606
346,20180416,1452,90600,540
347,20180416,1453,90600,31
348,20180416,1454,90600,64
349,20180416,1455,90700,111
350,20180416,1456,90700,295
351,20180416,1457,90600,63
352,20180416,1458,90600,151
353,20180416,1459,90700,113
354,20180416,1500,90600,2
355,20180416,1501,90600,475
356,20180416,1502,90700,20
357,20180416,1503,90800,16
358,20180416,1504,90800,541
359,20180416,1505,90800,83
360,20180416,1506,90800,172
361,20180416,1507,90900,136
362,20180416,1508,90900,395
363,20180416,1509,90900,92
364,20180416,1510,90900,272
365,20180416,1511,90900,3
366,20180416,1512,90800,14
367,20180416,1513,90800,850
368,20180416,1515,90900,282
369,20180416,1516,90900,299
370,20180416,1517,90800,64
371,20180416,1518,90800,136
372,20180416,1519,90800,185
373,20180416,1520,90800,1265
374,20180416,1530,90600,2489
375,20180417,901,90100,1329
376,20180417,902,90500,236
377,20180417,903,90500,290
378,20180417,904,90600,43
379,20180417,905,90600,213
380,20180417,906,90600,380
381,20180417,907,90700,280
382,20180417,908,91000,910
383,20180417,909,91100,165
384,20180417,910,90800,58
385,20180417,911,90800,2124
386,20180417,912,90500,366
387,20180417,913,90400,88
388,20180417,914,90400,72
389,20180417,915,90400,141
390,20180417,916,90400,204
391,20180417,917,90400,97
392,20180417,918,90300,183
393,20180417,919,90400,210
394,20180417,920,90400,252
395,20180417,921,90500,289
396,20180417,922,90300,2383
397,20180417,923,90000,1061
398,20180417,924,89800,248
399,20180417,925,89900,933
400,20180417,926,89800,187
401,20180417,927,89900,527
402,20180417,928,89700,350
403,20180417,929,89900,106
404,20180417,930,89900,131
405,20180417,931,89900,93
406,20180417,932,89900,64
407,20180417,933,89800,1305
408,20180417,934,89900,110
409,20180417,935,89900,335
410,20180417,936,90000,1653
411,20180417,937,90000,392
412,20180417,938,90000,125
413,20180417,939,90000,752
414,20180417,940,89900,1340
415,20180417,941,89800,747
416,20180417,942,89700,684
417,20180417,943,89600,215
418,20180417,944,89700,240
419,20180417,945,89600,370
420,20180417,946,89700,57
421,20180417,947,89700,81
422,20180417,948,89800,96
423,20180417,949,89700,875
424,20180417,950,89600,3848
425,20180417,951,89300,553
426,20180417,952,89100,1064
427,20180417,953,89200,1517
428,20180417,954,89200,167
429,20180417,955,89100,551
430,20180417,956,89200,235
431,20180417,957,89100,338
432,20180417,958,89200,118
433,20180417,959,89200,82
434,20180417,1000,89100,225
435,20180417,1001,89200,209
436,20180417,1002,89400,1463
437,20180417,1003,89500,128
438,20180417,1004,89400,8
439,20180417,1005,89500,98
440,20180417,1006,89600,121
441,20180417,1007,89400,28
442,20180417,1008,89400,17
443,20180417,1009,89400,90
444,20180417,1010,89400,155
445,20180417,1011,89400,35
446,20180417,1012,89400,20
447,20180417,1013,89400,19
448,20180417,1014,89400,236
449,20180417,1015,89500,544
450,20180417,1016,89500,286
451,20180417,1017,89500,38
452,20180417,1018,89500,29
453,20180417,1019,89500,15
454,20180417,1020,89500,117
455,20180417,1021,89500,72
456,20180417,1022,89500,25
457,20180417,1023,89600,3
458,20180417,1024,89500,20
459,20180417,1025,89500,51
460,20180417,1026,89500,41
461,20180417,1027,89500,378
462,20180417,1028,89500,678
463,20180417,1029,89700,47
464,20180417,1030,89600,1634
465,20180417,1031,89800,82
466,20180417,1032,89900,46
467,20180417,1033,89800,10
468,20180417,1034,89800,38
469,20180417,1035,89800,259
470,20180417,1036,89700,544
471,20180417,1037,89600,98
472,20180417,1038,89600,3
473,20180417,1039,89600,295
474,20180417,1040,89500,59
475,20180417,1041,89500,232
476,20180417,1042,89400,822
477,20180417,1043,89300,80
478,20180417,1044,89300,818
479,20180417,1045,89200,112
480,20180417,1046,89200,1973
481,20180417,1047,89200,10210
482,20180417,1048,89100,353
483,20180417,1049,89000,332
484,20180417,1050,89000,208
485,20180417,1051,88900,3925
486,20180417,1052,88800,868
487,20180417,1053,89000,142
488,20180417,1054,89000,129
489,20180417,1055,89100,40
490,20180417,1056,89100,30
491,20180417,1057,89100,259
492,20180417,1058,89200,20
493,20180417,1059,89200,114
494,20180417,1100,89100,1
495,20180417,1101,89200,28
496,20180417,1102,89200,16
497,20180417,1103,89100,1
498,20180417,1104,89200,23
499,20180417,1105,89100,79
500,20180417,1106,89100,30
501,20180417,1107,89100,17
502,20180417,1109,89100,242
503,20180417,1110,89100,161
504,20180417,1111,89200,5
505,20180417,1112,89100,10
506,20180417,1113,89100,83
507,20180417,1114,89100,161
508,20180417,1115,89100,110
509,20180417,1116,89100,158
510,20180417,1118,89100,1
511,20180417,1119,89200,783
512,20180417,1120,89400,130
513,20180417,1121,89300,1
514,20180417,1122,89300,46
515,20180417,1123,89300,297
516,20180417,1124,89300,14
517,20180417,1125,89200,18
518,20180417,1127,89300,100
519,20180417,1128,89300,18
520,20180417,1129,89200,118
521,20180417,1130,89200,2
522,20180417,1131,89200,19
523,20180417,1133,89200,8
524,20180417,1134,89200,208
525,20180417,1135,89100,30
526,20180417,1136,89200,301
527,20180417,1137,89200,18
528,20180417,1138,89200,31
529,20180417,1139,89200,43
530,20180417,1140,89200,32
531,20180417,1141,89200,30
532,20180417,1142,89300,10
533,20180417,1144,89200,66
534,20180417,1145,89200,7
535,20180417,1147,89200,25
536,20180417,1148,89200,11
537,20180417,1149,89300,44
538,20180417,1150,89200,33
539,20180417,1151,89200,191
540,20180417,1152,89300,120
541,20180417,1153,89300,187
542,20180417,1154,89200,1
543,20180417,1155,89300,5
544,20180417,1156,89300,274
545,20180417,1157,89300,23
546,20180417,1158,89300,12
547,20180417,1159,89300,53
548,20180417,1200,89300,405
549,20180417,1202,89300,17
550,20180417,1203,89300,196
551,20180417,1204,89300,51
552,20180417,1205,89200,18
553,20180417,1206,89200,1
554,20180417,1208,89200,18
555,20180417,1209,89200,6
556,20180417,1210,89300,219
557,20180417,1211,89300,37
558,20180417,1212,89200,73
559,20180417,1213,89300,4
560,20180417,1214,89200,24
561,20180417,1215,89200,111
562,20180417,1216,89300,73
563,20180417,1217,89300,892
564,20180417,1218,89100,92
565,20180417,1219,89100,51
566,20180417,1220,89200,345
567,20180417,1221,89100,404
568,20180417,1222,89000,185
569,20180417,1223,89000,169
570,20180417,1224,89000,16
571,20180417,1225,89000,779
572,20180417,1226,88900,25
573,20180417,1227,89000,806
574,20180417,1228,88900,72
575,20180417,1229,88900,171
576,20180417,1230,88900,207
577,20180417,1231,89000,15
578,20180417,1232,89000,28
579,20180417,1233,89000,60
580,20180417,1235,89000,75
581,20180417,1236,88900,2
582,20180417,1237,88900,5
583,20180417,1238,88900,229
584,20180417,1239,88900,6
585,20180417,1240,88900,6
586,20180417,1241,88900,526
587,20180417,1242,88800,310
588,20180417,1243,88900,50
589,20180417,1244,88900,20
590,20180417,1245,88900,2
591,20180417,1246,88900,19
592,20180417,1247,88900,18
593,20180417,1248,88900,41
594,20180417,1249,88900,23
595,20180417,1250,88900,17
596,20180417,1251,88900,620
597,20180417,1252,88900,382
598,20180417,1253,88800,109
599,20180417,1254,88900,42
600,20180417,1255,88900,668
601,20180417,1256,88900,209
602,20180417,1257,88800,21
603,20180417,1258,88900,98
604,20180417,1259,88900,45
605,20180417,1300,88900,37
606,20180417,1301,88900,199
607,20180417,1302,88900,4
608,20180417,1303,88800,20
609,20180417,1304,88900,5
610,20180417,1305,88900,12
611,20180417,1306,88800,56
612,20180417,1308,88800,20
613,20180417,1309,88800,374
614,20180417,1310,88900,6
615,20180417,1311,88800,16
616,20180417,1312,88800,20
617,20180417,1313,88800,301
618,20180417,1314,88800,359
619,20180417,1315,88900,76
620,20180417,1316,88800,142
621,20180417,1317,88800,67
622,20180417,1318,88900,45
623,20180417,1319,88900,46
624,20180417,1320,88900,18
625,20180417,1321,88800,60
626,20180417,1322,88900,54
627,20180417,1323,88800,383
628,20180417,1324,88900,56
629,20180417,1325,88900,46
630,20180417,1326,88800,74
631,20180417,1327,88800,172
632,20180417,1328,88800,1532
633,20180417,1329,88800,438
634,20180417,1330,88900,43
635,20180417,1331,88800,42
636,20180417,1332,88800,37
637,20180417,1333,88800,41
638,20180417,1334,88800,145
639,20180417,1335,88800,42
640,20180417,1336,88800,47
641,20180417,1337,88800,28
642,20180417,1338,88900,37
643,20180417,1339,88800,45
644,20180417,1340,88800,25
645,20180417,1341,88800,29
646,20180417,1342,88800,40
647,20180417,1343,88800,103
648,20180417,1344,88800,41
649,20180417,1345,88800,57
650,20180417,1346,88800,376
651,20180417,1347,88800,261
652,20180417,1348,88900,260
653,20180417,1349,88900,74
654,20180417,1350,88900,474
655,20180417,1351,88700,70
656,20180417,1352,88700,85
657,20180417,1353,88800,262
658,20180417,1354,88800,159
659,20180417,1355,88800,90
660,20180417,1356,88900,30
661,20180417,1357,88900,53
662,20180417,1358,88800,33
663,20180417,1359,88800,126
664,20180417,1400,88800,170
665,20180417,1401,88800,25
666,20180417,1402,88800,49
667,20180417,1403,88800,197
668,20180417,1404,88800,23
669,20180417,1405,88900,43
670,20180417,1406,88900,532
671,20180417,1407,88800,43
672,20180417,1408,88700,75
673,20180417,1409,88800,90
674,20180417,1410,88800,9
675,20180417,1411,88700,123
676,20180417,1412,88800,48
677,20180417,1413,88800,217
678,20180417,1414,88800,214
679,20180417,1415,88900,12
680,20180417,1416,88800,200
681,20180417,1417,88800,678
682,20180417,1418,88800,86
683,20180417,1419,88700,27
684,20180417,1420,88800,62
685,20180417,1421,88800,65
686,20180417,1422,88800,9
687,20180417,1423,88700,53
688,20180417,1424,88700,158
689,20180417,1425,88700,656
690,20180417,1426,88800,84
691,20180417,1427,88700,106
692,20180417,1428,88700,64
693,20180417,1429,88700,444
694,20180417,1430,88800,79
695,20180417,1431,88800,34
696,20180417,1432,88800,86
697,20180417,1433,88800,24
698,20180417,1434,88800,140
699,20180417,1435,88800,51
700,20180417,1436,88800,248
701,20180417,1437,88800,24
702,20180417,1438,88800,37
703,20180417,1439,88800,36
704,20180417,1440,88700,22
705,20180417,1441,88700,22
706,20180417,1442,88800,91
707,20180417,1443,88700,51
708,20180417,1444,88700,152
709,20180417,1445,88700,50
710,20180417,1446,88800,30
711,20180417,1447,88700,28
712,20180417,1448,88800,32
713,20180417,1449,88800,49
714,20180417,1450,88700,60
715,20180417,1451,88800,3684
716,20180417,1452,89400,210
717,20180417,1453,89300,129
718,20180417,1454,89200,60
719,20180417,1455,89200,37
720,20180417,1456,89100,67
721,20180417,1457,89100,100
722,20180417,1458,89100,41
723,20180417,1459,89000,46
724,20180417,1500,89000,65
725,20180417,1501,89100,199
726,20180417,1502,89000,33
727,20180417,1503,89100,41
728,20180417,1504,89100,61
729,20180417,1505,89100,1440
730,20180417,1506,89200,54
731,20180417,1507,89100,37
732,20180417,1508,89000,286
733,20180417,1509,89100,57
734,20180417,1510,89000,212
735,20180417,1511,89100,414
736,20180417,1512,89200,148
737,20180417,1513,89200,95
738,20180417,1514,89100,61
739,20180417,1515,89100,263
740,20180417,1516,89100,286
741,20180417,1517,89000,199
742,20180417,1518,89100,1086
743,20180417,1519,89100,643
744,20180417,1520,88900,92
745,20180417,1530,89000,4691
746,20180418,901,89100,927
747,20180418,902,89400,665
748,20180418,903,89700,213
749,20180418,904,89600,215
750,20180418,905,89500,140
751,20180418,906,89600,919
752,20180418,907,90000,453
753,20180418,908,90000,109
754,20180418,909,90000,475
755,20180418,910,89800,264
756,20180418,911,89800,31
757,20180418,912,89800,342
758,20180418,913,89900,519
759,20180418,914,89900,249
760,20180418,915,89900,48
761,20180418,916,89900,848
762,20180418,917,90200,220
763,20180418,918,90200,708
764,20180418,919,90300,517
765,20180418,920,90400,491
766,20180418,921,90400,323
767,20180418,922,90300,1783
768,20180418,923,90100,175
769,20180418,924,90000,96
770,20180418,925,90000,154
771,20180418,926,90100,151
772,20180418,927,90000,182
773,20180418,928,90000,47
774,20180418,929,90000,1439
775,20180418,930,89900,72
776,20180418,931,89900,389
777,20180418,932,90000,563
778,20180418,933,90100,985
779,20180418,934,90400,376
780,20180418,935,90200,54
781,20180418,936,90200,44
782,20180418,937,90300,205
783,20180418,938,90300,33
784,20180418,939,90200,117
785,20180418,940,90200,80
786,20180418,941,90200,4
787,20180418,942,90300,17
788,20180418,943,90200,1
789,20180418,944,90300,108
790,20180418,945,90200,52
791,20180418,946,90300,23
792,20180418,947,90300,14
793,20180418,948,90300,596
794,20180418,949,90100,18
795,20180418,950,90100,5
796,20180418,951,90100,18
797,20180418,952,90000,128
798,20180418,953,90100,89
799,20180418,954,90100,115
800,20180418,955,90000,12
801,20180418,956,90000,88
802,20180418,957,90100,387
803,20180418,958,90000,1
804,20180418,959,89900,53
805,20180418,1000,89900,29
806,20180418,1001,89900,496
807,20180418,1002,89800,29
808,20180418,1003,89800,79
809,20180418,1004,89800,5
810,20180418,1005,89900,3
811,20180418,1006,89900,14
812,20180418,1007,89800,150
813,20180418,1008,89900,21
814,20180418,1009,89900,1151
815,20180418,1010,90100,2
816,20180418,1011,90000,13
817,20180418,1012,90100,1
818,20180418,1013,90100,55
819,20180418,1014,90000,54
820,20180418,1015,90100,14
821,20180418,1016,90100,476
822,20180418,1017,89900,164
823,20180418,1018,89900,351
824,20180418,1019,89900,53
825,20180418,1020,89900,15
826,20180418,1021,89800,59
827,20180418,1022,89900,8
828,20180418,1023,89900,11
829,20180418,1024,89800,85
830,20180418,1025,89900,39
831,20180418,1026,89800,33
832,20180418,1027,89900,74
833,20180418,1028,89900,266
834,20180418,1029,90000,141
835,20180418,1030,90000,217
836,20180418,1031,89900,117
837,20180418,1032,89900,1827
838,20180418,1033,89600,101
839,20180418,1034,89600,2
840,20180418,1035,89700,114
841,20180418,1036,89700,382
842,20180418,1037,89600,22
843,20180418,1038,89700,294
844,20180418,1039,89700,428
845,20180418,1040,89600,1
846,20180418,1041,89600,24
847,20180418,1042,89700,11
848,20180418,1043,89700,26
849,20180418,1044,89700,474
850,20180418,1045,89900,100
851,20180418,1046,90000,3
852,20180418,1047,90000,544
853,20180418,1048,89800,38
854,20180418,1049,89900,43
855,20180418,1050,89900,9
856,20180418,1051,89800,46
857,20180418,1052,89900,7
858,20180418,1053,89900,11
859,20180418,1054,89900,2
860,20180418,1055,89900,11
861,20180418,1056,89900,42
862,20180418,1057,89800,462
863,20180418,1058,89700,12
864,20180418,1059,89700,16
865,20180418,1100,89700,31
866,20180418,1101,89700,14
867,20180418,1102,89700,197
868,20180418,1103,89900,3
869,20180418,1104,89900,11
870,20180418,1105,90000,113
871,20180418,1106,90000,108
872,20180418,1107,89900,480
873,20180418,1108,89800,21
874,20180418,1109,89800,1456
875,20180418,1110,89600,101
876,20180418,1111,89400,1203
877,20180418,1112,89500,2
878,20180418,1113,89600,1
879,20180418,1114,89600,22
880,20180418,1115,89600,12
881,20180418,1117,89500,214
882,20180418,1118,89300,1565
883,20180418,1119,89300,26
884,20180418,1120,89100,772
885,20180418,1121,89100,6
886,20180418,1122,89200,101
887,20180418,1123,89200,57
888,20180418,1124,89100,5
889,20180418,1125,89200,33
890,20180418,1126,89300,1
891,20180418,1127,89200,1
892,20180418,1128,89300,4
893,20180418,1129,89300,53
894,20180418,1130,89300,1
895,20180418,1131,89200,4
896,20180418,1132,89300,182
897,20180418,1133,89300,135
898,20180418,1134,89400,8
899,20180418,1135,89500,32
900,20180418,1136,89400,2
901,20180418,1137,89400,18
902,20180418,1138,89400,5
903,20180418,1139,89500,1
904,20180418,1140,89400,1
905,20180418,1141,89400,6
906,20180418,1142,89400,39
907,20180418,1143,89400,108
908,20180418,1144,89300,12
909,20180418,1145,89300,275
910,20180418,1146,89200,15
911,20180418,1147,89300,6
912,20180418,1148,89300,221
913,20180418,1149,89300,12
914,20180418,1150,89200,19
915,20180418,1151,89200,76
916,20180418,1152,89300,6
917,20180418,1153,89300,11
918,20180418,1154,89200,57
919,20180418,1155,89200,7
920,20180418,1156,89300,217
921,20180418,1157,89400,2
922,20180418,1158,89300,44
923,20180418,1159,89400,133
924,20180418,1200,89500,4
925,20180418,1201,89400,1
926,20180418,1202,89400,124
927,20180418,1203,89500,36
928,20180418,1204,89400,6
929,20180418,1205,89500,3
930,20180418,1206,89500,4
931,20180418,1207,89500,230
932,20180418,1208,89400,7
933,20180418,1209,89400,226
934,20180418,1210,89200,311
935,20180418,1211,89200,188
936,20180418,1212,89200,18
937,20180418,1213,89200,2
938,20180418,1214,89200,209
939,20180418,1215,89300,100
940,20180418,1216,89100,2
941,20180418,1217,89200,56
942,20180418,1218,89100,3
943,20180418,1219,89200,6
944,20180418,1220,89200,105
945,20180418,1221,89100,5
946,20180418,1222,89200,9
947,20180418,1223,89200,9
948,20180418,1224,89200,23
949,20180418,1225,89100,22
950,20180418,1226,89200,22
951,20180418,1227,89200,12
952,20180418,1228,89200,178
953,20180418,1229,89200,20
954,20180418,1230,89300,128
955,20180418,1231,89200,106
956,20180418,1232,89200,649
957,20180418,1233,89200,18
958,20180418,1234,89200,23
959,20180418,1235,89200,5
960,20180418,1236,89200,49
961,20180418,1237,89100,5
962,20180418,1238,89000,15
963,20180418,1239,89100,12
964,20180418,1240,89100,490
965,20180418,1241,89100,21
966,20180418,1242,89200,1
967,20180418,1243,89200,3
968,20180418,1244,89200,2
969,20180418,1245,89100,3
970,20180418,1246,89200,2
971,20180418,1247,89200,4
972,20180418,1248,89100,879
973,20180418,1249,89100,262
974,20180418,1250,89100,2
975,20180418,1251,89000,10
976,20180418,1252,89100,79
977,20180418,1253,89100,2476
978,20180418,1254,88900,17
979,20180418,1255,88900,58
980,20180418,1256,88900,6
981,20180418,1257,88900,353
982,20180418,1258,88900,44
983,20180418,1259,88900,15
984,20180418,1300,88800,8
985,20180418,1301,88800,152
986,20180418,1302,88900,9
987,20180418,1303,88900,8
988,20180418,1304,88800,54
989,20180418,1305,88900,35
990,20180418,1306,88900,53
991,20180418,1307,88900,27
992,20180418,1308,88900,23
993,20180418,1309,88900,19
994,20180418,1310,88900,5
995,20180418,1311,88800,2299
996,20180418,1312,88700,440
997,20180418,1313,88600,22
998,20180418,1314,88700,476
999,20180418,1315,88700,190
1000,20180418,1316,88600,101
1001,20180418,1317,88600,94
1002,20180418,1318,88600,13
1003,20180418,1319,88600,148
1004,20180418,1320,88700,89
1005,20180418,1321,88700,202
1006,20180418,1322,88600,308
1007,20180418,1323,88700,211
1008,20180418,1324,88800,153
1009,20180418,1325,88600,111
1010,20180418,1326,88600,614
1011,20180418,1327,88600,139
1012,20180418,1328,88600,35
1013,20180418,1329,88600,94
1014,20180418,1330,88600,897
1015,20180418,1331,88800,1063
1016,20180418,1332,88900,110
1017,20180418,1333,88800,448
1018,20180418,1334,88600,93
1019,20180418,1335,88600,85
1020,20180418,1336,88700,117
1021,20180418,1337,88600,310
1022,20180418,1338,88500,101
1023,20180418,1339,88500,85
1024,20180418,1340,88500,139
1025,20180418,1341,88500,149
1026,20180418,1342,88500,4
1027,20180418,1343,88500,143
1028,20180418,1344,88500,87
1029,20180418,1345,88500,313
1030,20180418,1346,88500,417
1031,20180418,1347,88500,32
1032,20180418,1348,88400,991
1033,20180418,1349,88300,208
1034,20180418,1350,88300,223
1035,20180418,1351,88300,1461
1036,20180418,1352,88200,166
1037,20180418,1353,88100,873
1038,20180418,1354,88100,328
1039,20180418,1355,88100,792
1040,20180418,1356,88000,208
1041,20180418,1357,88000,3512
1042,20180418,1358,87600,888
1043,20180418,1359,87500,935
1044,20180418,1400,87600,298
1045,20180418,1401,87600,971
1046,20180418,1402,87500,1066
1047,20180418,1403,87300,544
1048,20180418,1404,87200,573
1049,20180418,1405,87000,771
1050,20180418,1406,87100,438
1051,20180418,1407,87100,681
1052,20180418,1408,87000,1436
1053,20180418,1409,87000,1752
1054,20180418,1410,86900,373
1055,20180418,1411,86900,1609
1056,20180418,1412,86900,223
1057,20180418,1413,86700,395
1058,20180418,1414,86800,459
1059,20180418,1415,86800,426
1060,20180418,1416,86700,470
1061,20180418,1417,86800,263
1062,20180418,1418,86800,987
1063,20180418,1419,86700,733
1064,20180418,1420,86700,259
1065,20180418,1421,86800,305
1066,20180418,1422,86800,422
1067,20180418,1423,86800,427
1068,20180418,1424,86700,363
1069,20180418,1425,86800,536
1070,20180418,1426,86800,374
1071,20180418,1427,86700,295
1072,20180418,1428,86700,840
1073,20180418,1429,86700,336
1074,20180418,1430,86700,2314
1075,20180418,1431,86700,568
1076,20180418,1432,86700,1335
1077,20180418,1433,86700,328
1078,20180418,1434,86700,971
1079,20180418,1435,86900,498
1080,20180418,1436,87100,433
1081,20180418,1437,86900,304
1082,20180418,1438,86800,580
1083,20180418,1439,86800,277
1084,20180418,1440,86700,288
1085,20180418,1441,86900,370
1086,20180418,1442,86800,366
1087,20180418,1443,86800,599
1088,20180418,1444,86800,221
1089,20180418,1445,86900,252
1090,20180418,1446,86800,369
1091,20180418,1447,86800,1362
1092,20180418,1448,86800,360
1093,20180418,1449,86700,424
1094,20180418,1450,86700,896
1095,20180418,1451,86800,316
1096,20180418,1452,87100,327
1097,20180418,1453,86800,313
1098,20180418,1454,86900,586
1099,20180418,1455,86800,235
1100,20180418,1456,86800,515
1101,20180418,1457,86800,279
1102,20180418,1458,86800,1212
1103,20180418,1459,86800,243
1104,20180418,1500,86800,806
1105,20180418,1501,86700,389
1106,20180418,1502,86800,207
1107,20180418,1503,86800,631
1108,20180418,1504,86700,653
1109,20180418,1505,86700,419
1110,20180418,1506,86700,232
1111,20180418,1507,86800,742
1112,20180418,1508,86700,208
1113,20180418,1509,86700,369
1114,20180418,1510,86800,422
1115,20180418,1511,86700,364
1116,20180418,1512,86700,293
1117,20180418,1513,86700,245
1118,20180418,1514,86700,413
1119,20180418,1515,86700,313
1120,20180418,1516,86700,726
1121,20180418,1517,86900,3982
1122,20180418,1518,86700,429
1123,20180418,1519,87100,313
1124,20180418,1520,87000,197
1125,20180418,1530,86800,6505
0,20180419,901,86800,1505
1,20180419,902,87000,824
2,20180419,903,86500,185
3,20180419,904,86300,926
4,20180419,905,86000,1777
5,20180419,906,85700,89
6,20180419,907,85800,317
7,20180419,908,85600,231
8,20180419,909,85600,578
9,20180419,910,85600,1204
10,20180419,911,85400,978
11,20180419,912,85200,213
12,20180419,913,85300,1829
13,20180419,914,85000,2478
14,20180419,915,84700,786
15,20180419,916,85200,363
16,20180419,917,84900,350
17,20180419,918,85200,309
18,20180419,919,85300,576
19,20180419,920,85200,316
20,20180419,921,85200,466
21,20180419,922,85100,358
22,20180419,923,85000,369
23,20180419,924,84900,368
24,20180419,925,85000,395
25,20180419,926,85000,431
26,20180419,927,85100,257
27,20180419,928,85000,1134
28,20180419,929,85400,711
29,20180419,930,85500,236
30,20180419,931,85300,339
31,20180419,932,85300,410
32,20180419,933,85700,466
33,20180419,934,85500,409
34,20180419,935,85500,303
35,20180419,936,85500,158
36,20180419,937,85500,354
37,20180419,938,85300,295
38,20180419,939,85300,194
39,20180419,940,85300,634
40,20180419,941,85400,48
41,20180419,942,85300,76
42,20180419,943,85300,163
43,20180419,944,85300,269
44,20180419,945,85300,46
45,20180419,946,85300,61
46,20180419,947,85400,154
47,20180419,948,85300,99
48,20180419,949,85400,114
49,20180419,950,85300,1036
50,20180419,951,85200,93
51,20180419,952,85200,283
52,20180419,953,85100,22
53,20180419,954,85200,52
54,20180419,955,85200,117
55,20180419,956,85100,216
56,20180419,957,85200,1287
57,20180419,958,85400,315
58,20180419,959,85600,358
59,20180419,1000,85800,59
60,20180419,1001,85900,92
61,20180419,1002,86000,248
62,20180419,1003,86000,774
63,20180419,1004,85600,165
64,20180419,1005,85500,96
65,20180419,1006,85400,234
66,20180419,1007,85600,348
67,20180419,1008,85700,268
68,20180419,1009,85700,673
69,20180419,1010,85700,89
70,20180419,1011,85700,234
71,20180419,1012,85600,387
72,20180419,1013,85800,948
73,20180419,1014,85600,80
74,20180419,1015,85600,23
75,20180419,1016,85500,173
76,20180419,1017,85500,184
77,20180419,1018,85500,118
78,20180419,1019,85500,203
79,20180419,1020,85400,733
80,20180419,1021,85400,214
81,20180419,1022,85300,147
82,20180419,1023,85300,755
83,20180419,1024,85300,271
84,20180419,1025,85200,256
85,20180419,1026,85200,1410
86,20180419,1027,85100,375
87,20180419,1028,85300,13
88,20180419,1029,85300,135
89,20180419,1030,85300,245
90,20180419,1031,85200,254
91,20180419,1032,85000,73
92,20180419,1033,85100,202
93,20180419,1034,85000,940
94,20180419,1035,85000,143
95,20180419,1036,85100,498
96,20180419,1037,85200,285
97,20180419,1038,85100,125
98,20180419,1039,85200,609
99,20180419,1040,85000,39
100,20180419,1041,85000,2336
101,20180419,1042,84900,33
102,20180419,1043,85000,96
103,20180419,1044,84900,201
104,20180419,1045,85000,107
105,20180419,1046,84900,245
106,20180419,1047,84900,210
107,20180419,1048,84900,101
108,20180419,1049,85000,653
109,20180419,1050,85000,109
110,20180419,1051,84900,3437
111,20180419,1052,84900,146
112,20180419,1053,84800,825
113,20180419,1054,84900,357
114,20180419,1055,84700,64
115,20180419,1056,84700,83
116,20180419,1057,84800,147
117,20180419,1058,84700,486
118,20180419,1059,84700,64
119,20180419,1100,84800,29
120,20180419,1101,84800,420
121,20180419,1102,84800,431
122,20180419,1103,84700,729
123,20180419,1104,84600,243
124,20180419,1105,84600,473
125,20180419,1106,84700,1218
126,20180419,1107,84500,1750
127,20180419,1108,84500,452
128,20180419,1109,84500,2053
129,20180419,1110,84400,745
130,20180419,1111,84400,543
131,20180419,1112,84400,341
132,20180419,1113,84400,778
133,20180419,1114,84300,40
134,20180419,1115,84400,152
135,20180419,1116,84400,200
136,20180419,1117,84300,307
137,20180419,1118,84400,32
138,20180419,1119,84300,2423
139,20180419,1120,84200,26
140,20180419,1121,84200,181
141,20180419,1122,84300,406
142,20180419,1123,84300,53
143,20180419,1124,84200,166
144,20180419,1125,84200,1396
145,20180419,1126,84200,170
146,20180419,1127,84100,68
147,20180419,1128,84100,323
148,20180419,1129,84200,2431
149,20180419,1130,84100,165
150,20180419,1131,84100,360
151,20180419,1132,84200,290
152,20180419,1133,84200,415
153,20180419,1134,84600,319
154,20180419,1135,84700,172
155,20180419,1136,84800,103
156,20180419,1137,84800,206
157,20180419,1138,84700,105
158,20180419,1139,84700,55
159,20180419,1140,84800,328
160,20180419,1141,84800,129
161,20180419,1142,84600,90
162,20180419,1143,84500,609
163,20180419,1144,84500,142
164,20180419,1145,84400,38
165,20180419,1146,84500,328
166,20180419,1147,84300,66
167,20180419,1148,84400,93
168,20180419,1149,84300,85
169,20180419,1150,84300,28
170,20180419,1151,84300,28
171,20180419,1152,84400,479
172,20180419,1153,84300,13
173,20180419,1154,84300,174
174,20180419,1155,84300,103
175,20180419,1156,84400,191
176,20180419,1157,84300,170
177,20180419,1158,84200,220
178,20180419,1159,84300,231
179,20180419,1200,84300,216
180,20180419,1201,84300,279
181,20180419,1202,84300,60
182,20180419,1203,84200,86
183,20180419,1204,84300,95
184,20180419,1205,84300,88
185,20180419,1206,84200,318
186,20180419,1207,84300,83
187,20180419,1208,84400,175
188,20180419,1209,84200,106
189,20180419,1210,84300,139
190,20180419,1211,84400,100
191,20180419,1212,84300,124
192,20180419,1213,84400,169
193,20180419,1214,84400,107
194,20180419,1215,84300,87
195,20180419,1216,84300,173
196,20180419,1217,84300,219
197,20180419,1218,84300,37
198,20180419,1219,84400,11
199,20180419,1220,84300,164
200,20180419,1221,84300,128
201,20180419,1222,84300,13
202,20180419,1223,84400,271
203,20180419,1224,84300,335
204,20180419,1225,84300,73
205,20180419,1226,84300,836
206,20180419,1227,84500,60
207,20180419,1228,84500,162
208,20180419,1229,84600,289
209,20180419,1230,84700,78
210,20180419,1231,84800,18
211,20180419,1232,84700,200
212,20180419,1233,84800,322
213,20180419,1234,84700,38
214,20180419,1235,84600,171
215,20180419,1236,84600,414
216,20180419,1237,84600,17
217,20180419,1238,84600,436
218,20180419,1239,84700,97
219,20180419,1240,84700,76
220,20180419,1241,84600,477
221,20180419,1242,84500,139
222,20180419,1243,84500,90
223,20180419,1244,84400,589
224,20180419,1245,84400,60
225,20180419,1246,84300,77
226,20180419,1247,84300,216
227,20180419,1248,84300,156
228,20180419,1249,84300,41
229,20180419,1250,84300,194
230,20180419,1251,84300,499
231,20180419,1252,84200,65
232,20180419,1253,84200,41
233,20180419,1254,84200,21
234,20180419,1255,84300,155
235,20180419,1256,84200,86
236,20180419,1257,84200,329
237,20180419,1258,84300,94
238,20180419,1259,84200,103
239,20180419,1300,84300,42
240,20180419,1301,84300,47
241,20180419,1302,84300,122
242,20180419,1303,84200,161
243,20180419,1304,84200,1228
244,20180419,1305,84200,374
245,20180419,1306,84200,168
246,20180419,1307,84200,128
247,20180419,1308,84200,150
248,20180419,1309,84200,61
249,20180419,1310,84200,45
250,20180419,1311,84200,1076
251,20180419,1312,84200,18
252,20180419,1313,84100,56
253,20180419,1314,84200,33
254,20180419,1315,84100,121
255,20180419,1316,84100,26
256,20180419,1317,84100,16
257,20180419,1318,84100,47
258,20180419,1319,84200,153
259,20180419,1320,84100,53
260,20180419,1321,84100,72
261,20180419,1322,84100,266
262,20180419,1323,84200,103
263,20180419,1324,84100,226
264,20180419,1325,84100,339
265,20180419,1326,84200,494
266,20180419,1327,84300,411
267,20180419,1328,84200,254
268,20180419,1329,84200,28
269,20180419,1330,84100,219
270,20180419,1331,84200,419
271,20180419,1332,84100,23
272,20180419,1333,84100,76
273,20180419,1334,84100,140
274,20180419,1335,84200,107
275,20180419,1336,84100,339
276,20180419,1337,84100,78
277,20180419,1338,84100,121
278,20180419,1339,84100,119
279,20180419,1340,84100,1654
280,20180419,1341,84100,662
281,20180419,1342,84100,44
282,20180419,1343,84000,117
283,20180419,1344,84100,316
284,20180419,1345,84100,56
285,20180419,1346,84000,69
286,20180419,1347,84000,177
287,20180419,1348,84100,6438
288,20180419,1349,83900,191
289,20180419,1350,83900,673
290,20180419,1351,83900,152
291,20180419,1352,84000,178
292,20180419,1353,84000,108
293,20180419,1354,84000,205
294,20180419,1355,83900,152
295,20180419,1356,83900,337
296,20180419,1357,83900,96
297,20180419,1358,83900,163
298,20180419,1359,84000,226
299,20180419,1400,83900,99
300,20180419,1401,83900,252
301,20180419,1402,83900,656
302,20180419,1403,83900,35
303,20180419,1404,84000,111
304,20180419,1405,84000,2879
305,20180419,1406,84300,449
306,20180419,1407,84300,117
307,20180419,1408,84100,62
308,20180419,1409,84100,127
309,20180419,1410,84100,104
310,20180419,1411,84200,115
311,20180419,1412,84200,4
312,20180419,1413,84100,86
313,20180419,1414,84100,105
314,20180419,1415,84200,235
315,20180419,1416,84000,718
316,20180419,1417,84100,223
317,20180419,1418,84000,106
318,20180419,1419,84000,178
319,20180419,1420,84000,36
320,20180419,1421,84000,1
321,20180419,1422,84100,241
322,20180419,1423,84100,6
323,20180419,1424,84000,141
324,20180419,1425,84000,18
325,20180419,1426,84000,397
326,20180419,1427,84000,159
327,20180419,1428,84000,153
328,20180419,1429,84000,86
329,20180419,1430,84000,131
330,20180419,1431,84000,9
331,20180419,1432,84000,679
332,20180419,1433,84000,109
333,20180419,1434,84000,424
334,20180419,1435,83900,1396
335,20180419,1436,83900,741
336,20180419,1437,83900,1153
337,20180419,1438,83900,107
338,20180419,1439,83900,115
339,20180419,1440,83900,482
340,20180419,1441,83800,356
341,20180419,1442,83800,215
342,20180419,1443,83800,564
343,20180419,1444,83800,1134
344,20180419,1445,83900,385
345,20180419,1446,83700,1194
346,20180419,1447,83700,1440
347,20180419,1448,83700,268
348,20180419,1449,83700,585
349,20180419,1450,83700,118
350,20180419,1451,83700,63
351,20180419,1452,83700,291
352,20180419,1453,83700,277
353,20180419,1454,83700,470
354,20180419,1455,83600,81
355,20180419,1456,83700,266
356,20180419,1457,83600,129
357,20180419,1458,83600,169
358,20180419,1459,83600,225
359,20180419,1500,83600,114
360,20180419,1501,83600,119
361,20180419,1502,83700,2042
362,20180419,1503,83800,357
363,20180419,1504,83600,32
364,20180419,1505,83700,332
365,20180419,1506,83700,313
366,20180419,1507,83700,2467
367,20180419,1508,83700,247
368,20180419,1509,83700,4
369,20180419,1510,83800,453
370,20180419,1511,83700,990
371,20180419,1512,83700,150
372,20180419,1513,83700,72
373,20180419,1514,83700,492
374,20180419,1515,83800,69
375,20180419,1516,83800,30
376,20180419,1517,83800,3228
377,20180419,1518,83800,400
378,20180419,1519,83700,27
379,20180419,1520,83700,109
380,20180419,1530,83700,5082
381,20180420,901,84000,828
382,20180420,902,84000,670
383,20180420,903,84200,145
384,20180420,904,84500,118
385,20180420,905,84700,67
386,20180420,906,84700,301
387,20180420,907,84800,1302
388,20180420,908,85200,339
389,20180420,909,85200,675
390,20180420,910,85300,676
391,20180420,911,85000,514
392,20180420,912,84800,239
393,20180420,913,84900,57
394,20180420,914,85000,1125
395,20180420,915,85100,137
396,20180420,916,85000,107
397,20180420,917,85100,192
398,20180420,918,85100,235
399,20180420,919,85100,815
400,20180420,920,84900,62
401,20180420,921,84900,346
402,20180420,922,84700,69
403,20180420,923,84700,1832
404,20180420,924,84200,200
405,20180420,925,84300,128
406,20180420,926,84200,27
407,20180420,927,84300,428
408,20180420,928,84500,500
409,20180420,929,84400,99
410,20180420,930,84500,395
411,20180420,931,84600,106
412,20180420,932,84600,205
413,20180420,933,84500,179
414,20180420,934,84500,937
415,20180420,935,84500,178
416,20180420,936,84300,836
417,20180420,937,84200,51
418,20180420,938,84200,18
419,20180420,939,84200,14
420,20180420,940,84200,14
421,20180420,941,84200,30
422,20180420,942,84100,21
423,20180420,943,84100,66
424,20180420,944,84200,74
425,20180420,945,84200,651
426,20180420,946,84000,3160
427,20180420,947,83500,306
428,20180420,948,83700,463
429,20180420,949,84200,274
430,20180420,951,83900,570
431,20180420,952,83700,86
432,20180420,953,83700,32
433,20180420,954,83700,94
434,20180420,955,83700,36
435,20180420,956,83700,104
436,20180420,957,83600,467
437,20180420,958,83600,200
438,20180420,959,83600,55
439,20180420,1000,83600,120
440,20180420,1001,83600,169
441,20180420,1002,83600,2077
442,20180420,1003,83300,615
443,20180420,1004,83100,480
444,20180420,1005,83100,796
445,20180420,1006,83400,472
446,20180420,1007,83500,5
447,20180420,1008,83500,910
448,20180420,1009,83800,80
449,20180420,1010,83900,224
450,20180420,1011,83900,179
451,20180420,1012,83900,11
452,20180420,1013,83700,3
453,20180420,1014,83700,54
454,20180420,1015,83600,105
455,20180420,1016,83400,59
456,20180420,1017,83500,123
457,20180420,1018,83300,155
458,20180420,1019,83200,55
459,20180420,1020,83300,698
460,20180420,1021,83300,85
461,20180420,1022,83200,770
462,20180420,1023,83300,357
463,20180420,1024,83100,57
464,20180420,1025,83100,42
465,20180420,1026,83200,111
466,20180420,1027,83100,50
467,20180420,1028,83100,134
468,20180420,1029,83200,3526
469,20180420,1030,83400,97
470,20180420,1031,83400,259
471,20180420,1032,83500,65
472,20180420,1033,83600,197
473,20180420,1034,83600,64
474,20180420,1035,83700,384
475,20180420,1036,83400,167
476,20180420,1037,83300,339
477,20180420,1038,83300,3
478,20180420,1039,83300,251
479,20180420,1040,83300,108
480,20180420,1041,83400,32
481,20180420,1043,83300,125
482,20180420,1044,83300,49
483,20180420,1045,83300,22
484,20180420,1046,83300,971
485,20180420,1047,83500,114
486,20180420,1048,83600,59
487,20180420,1049,83500,119
488,20180420,1050,83500,2
489,20180420,1051,83500,111
490,20180420,1052,83600,656
491,20180420,1053,83600,32
492,20180420,1054,83600,141
493,20180420,1055,83600,111
494,20180420,1056,83700,12
495,20180420,1057,83700,160
496,20180420,1058,83600,58
497,20180420,1059,83600,27
498,20180420,1100,83700,566
499,20180420,1101,83700,491
500,20180420,1102,83900,191
501,20180420,1103,83900,262
502,20180420,1104,83800,106
503,20180420,1105,83800,252
504,20180420,1106,83800,304
505,20180420,1107,84000,121
506,20180420,1108,84000,163
507,20180420,1109,83900,55
508,20180420,1110,83900,533
509,20180420,1111,84000,216
510,20180420,1112,84000,76
511,20180420,1113,84100,120
512,20180420,1114,84000,131
513,20180420,1115,84000,500
514,20180420,1116,84300,122
515,20180420,1117,84300,489
516,20180420,1118,84400,84
517,20180420,1119,84400,249
518,20180420,1120,84400,264
519,20180420,1121,84400,105
520,20180420,1122,84300,855
521,20180420,1123,84400,276
522,20180420,1124,84400,86
523,20180420,1125,84400,97
524,20180420,1126,84500,544
525,20180420,1127,84600,304
526,20180420,1128,84500,295
527,20180420,1129,84400,60
528,20180420,1130,84400,73
529,20180420,1131,84500,512
530,20180420,1132,84400,739
531,20180420,1133,84400,82
532,20180420,1134,84400,239
533,20180420,1135,84400,264
534,20180420,1136,84300,29
535,20180420,1137,84300,103
536,20180420,1138,84300,30
537,20180420,1139,84300,71
538,20180420,1140,84300,65
539,20180420,1141,84300,1286
540,20180420,1142,84100,85
541,20180420,1143,84100,107
542,20180420,1144,84100,81
543,20180420,1145,84000,116
544,20180420,1146,84000,67
545,20180420,1147,84100,177
546,20180420,1148,84000,160
547,20180420,1149,84000,22
548,20180420,1150,83900,69
549,20180420,1151,83900,318
550,20180420,1152,83800,34
551,20180420,1153,83800,20
552,20180420,1154,83900,99
553,20180420,1155,83900,63
554,20180420,1156,83900,251
555,20180420,1157,83800,225
556,20180420,1158,83900,556
557,20180420,1159,83800,135
558,20180420,1200,83800,93
559,20180420,1201,83800,50
560,20180420,1202,83800,63
561,20180420,1203,83700,106
562,20180420,1204,83700,499
563,20180420,1205,83700,84
564,20180420,1206,83700,82
565,20180420,1207,83700,609
566,20180420,1208,83700,1246
567,20180420,1209,83600,74
568,20180420,1210,83600,1
569,20180420,1211,83600,176
570,20180420,1212,83600,30
571,20180420,1213,83700,1
572,20180420,1214,83600,1654
573,20180420,1215,83800,122
574,20180420,1216,83800,48
575,20180420,1217,83800,315
576,20180420,1218,83700,43
577,20180420,1219,83700,50
578,20180420,1220,83800,112
579,20180420,1221,83700,29
580,20180420,1222,83700,102
581,20180420,1223,83700,29
582,20180420,1224,83700,48
583,20180420,1225,83700,120
584,20180420,1226,83800,70
585,20180420,1227,83700,173
586,20180420,1228,83700,113
587,20180420,1229,83800,32
588,20180420,1230,83800,1115
589,20180420,1231,83800,149
590,20180420,1232,83800,23
591,20180420,1233,83800,29
592,20180420,1234,83800,129
593,20180420,1235,83900,52
594,20180420,1236,83800,46
595,20180420,1237,83800,172
596,20180420,1238,83800,43
597,20180420,1239,83900,823
598,20180420,1240,83900,400
599,20180420,1241,83800,180
600,20180420,1242,83900,435
601,20180420,1243,84000,150
602,20180420,1244,83900,20
603,20180420,1245,83900,78
604,20180420,1246,83900,90
605,20180420,1247,83900,22
606,20180420,1248,83900,56
607,20180420,1249,83900,64
608,20180420,1250,83900,54
609,20180420,1251,83900,75
610,20180420,1252,83900,24
611,20180420,1253,83900,280
612,20180420,1254,83900,83
613,20180420,1255,83900,42
614,20180420,1256,83900,97
615,20180420,1257,83800,158
616,20180420,1258,83800,3
617,20180420,1259,83800,188
618,20180420,1300,83800,61
619,20180420,1301,83800,44
620,20180420,1302,83800,93
621,20180420,1303,83800,2190
622,20180420,1304,83900,150
623,20180420,1305,83900,195
624,20180420,1306,83800,53
625,20180420,1307,83800,22
626,20180420,1308,83900,154
627,20180420,1309,83800,275
628,20180420,1310,83800,67
629,20180420,1311,83800,230
630,20180420,1312,83700,51
631,20180420,1313,83700,84
632,20180420,1314,83700,164
633,20180420,1315,83700,122
634,20180420,1316,83700,1691
635,20180420,1317,83800,174
636,20180420,1318,83700,188
637,20180420,1319,83900,514
638,20180420,1320,83900,220
639,20180420,1321,83900,71
640,20180420,1322,83800,217
641,20180420,1323,83800,395
642,20180420,1324,83800,75
643,20180420,1325,83800,139
644,20180420,1326,83800,39
645,20180420,1327,83800,1243
646,20180420,1328,83900,141
647,20180420,1329,83800,72
648,20180420,1330,83800,75
649,20180420,1331,83800,157
650,20180420,1332,83700,471
651,20180420,1333,83800,83
652,20180420,1334,83900,443
653,20180420,1335,83800,94
654,20180420,1336,83800,100
655,20180420,1337,83800,59
656,20180420,1338,83800,120
657,20180420,1339,83800,1465
658,20180420,1340,83700,681
659,20180420,1341,83700,73
660,20180420,1342,83700,218
661,20180420,1343,83600,585
662,20180420,1344,83600,705
663,20180420,1345,83600,175
664,20180420,1346,83600,26
665,20180420,1347,83600,1455
666,20180420,1348,83600,127
667,20180420,1349,83600,279
668,20180420,1350,83600,45
669,20180420,1351,83500,1484
670,20180420,1352,83600,51
671,20180420,1353,83600,539
672,20180420,1354,83700,185
673,20180420,1355,83800,2
674,20180420,1356,83700,114
675,20180420,1357,83700,143
676,20180420,1358,83700,67
677,20180420,1359,83700,30
678,20180420,1400,83700,137
679,20180420,1401,83700,223
680,20180420,1402,83700,66
681,20180420,1403,83700,85
682,20180420,1404,83700,378
683,20180420,1405,83700,91
684,20180420,1406,83700,47
685,20180420,1407,83700,49
686,20180420,1408,83700,106
687,20180420,1409,83800,45
688,20180420,1410,83800,616
689,20180420,1411,83600,45
690,20180420,1412,83600,76
691,20180420,1413,83600,51
692,20180420,1414,83600,97
693,20180420,1415,83600,34
694,20180420,1416,83600,212
695,20180420,1417,83600,2751
696,20180420,1418,83500,71
697,20180420,1419,83500,54
698,20180420,1420,83500,311
699,20180420,1421,83600,57
700,20180420,1422,83500,55
701,20180420,1423,83500,96
702,20180420,1424,83500,54
703,20180420,1425,83500,33
704,20180420,1426,83500,63
705,20180420,1427,83600,1082
706,20180420,1428,83600,103
707,20180420,1429,83500,601
708,20180420,1430,83500,56
709,20180420,1431,83500,48
710,20180420,1432,83500,103
711,20180420,1433,83500,164
712,20180420,1434,83500,70
713,20180420,1435,83600,80
714,20180420,1436,83500,119
715,20180420,1437,83500,123
716,20180420,1438,83500,249
717,20180420,1439,83500,1246
718,20180420,1440,83500,61
719,20180420,1441,83500,200
720,20180420,1442,83500,226
721,20180420,1443,83500,62
722,20180420,1444,83500,70
723,20180420,1445,83600,340
724,20180420,1446,83500,156
725,20180420,1447,83600,6
726,20180420,1448,83500,1704
727,20180420,1449,83500,1707
728,20180420,1450,83600,187
729,20180420,1451,83500,115
730,20180420,1452,83500,122
731,20180420,1453,83500,760
732,20180420,1454,83500,1087
733,20180420,1455,83400,1534
734,20180420,1456,83200,37
735,20180420,1457,83200,89
736,20180420,1458,83200,127
737,20180420,1459,83200,26
738,20180420,1500,83300,82
739,20180420,1501,83200,1684
740,20180420,1502,83200,103
741,20180420,1503,83300,14
742,20180420,1504,83300,6704
743,20180420,1506,83700,185
744,20180420,1507,83700,285
745,20180420,1508,83900,66
746,20180420,1509,83900,252
747,20180420,1510,84000,388
748,20180420,1511,84000,89
749,20180420,1512,83800,252
750,20180420,1513,83800,301
751,20180420,1514,83700,100
752,20180420,1515,83700,413
753,20180420,1516,83800,111
754,20180420,1517,83800,149
755,20180420,1518,83800,242
756,20180420,1519,83800,307
757,20180420,1520,83900,152
758,20180420,1530,83800,6299
0,20180423,901,83900,1014
1,20180423,902,84000,171
2,20180423,903,83700,359
3,20180423,904,83600,124
4,20180423,905,83400,379
5,20180423,906,83500,680
6,20180423,907,83600,921
7,20180423,908,83600,979
8,20180423,909,83600,101
9,20180423,910,83500,1728
10,20180423,911,83100,2689
11,20180423,912,82700,1515
12,20180423,913,82200,900
13,20180423,914,82100,4333
14,20180423,915,82400,207
15,20180423,916,82200,44
16,20180423,917,82200,274
17,20180423,918,82300,294
18,20180423,919,82200,108
19,20180423,920,82200,4575
20,20180423,921,81700,1302
21,20180423,922,81300,841
22,20180423,923,81300,1197
23,20180423,924,81200,1219
24,20180423,925,81200,75
25,20180423,926,81300,1953
26,20180423,927,81200,534
27,20180423,928,81200,426
28,20180423,929,81200,384
29,20180423,930,81100,882
30,20180423,931,81200,2126
31,20180423,932,80900,1261
32,20180423,933,81000,781
33,20180423,934,80800,215
34,20180423,935,80900,1557
35,20180423,936,81200,412
36,20180423,937,81200,155
37,20180423,938,81100,390
38,20180423,939,81200,100
39,20180423,940,81300,404
40,20180423,941,81300,66
41,20180423,942,81300,137
42,20180423,943,81300,198
43,20180423,944,81500,206
44,20180423,945,81600,319
45,20180423,946,81700,348
46,20180423,947,81600,125
47,20180423,948,81400,415
48,20180423,949,81300,158
49,20180423,950,81200,2393
50,20180423,951,81000,457
51,20180423,952,81000,1491
52,20180423,953,80900,18
53,20180423,954,81000,314
54,20180423,955,80900,530
55,20180423,956,80900,209
56,20180423,957,80900,528
57,20180423,958,80900,350
58,20180423,959,80900,217
59,20180423,1000,80900,309
60,20180423,1001,80900,85
61,20180423,1002,81000,38
62,20180423,1003,80900,254
63,20180423,1004,81000,230
64,20180423,1005,81000,186
65,20180423,1006,80900,375
66,20180423,1007,80900,398
67,20180423,1008,80800,2878
68,20180423,1009,80700,1287
69,20180423,1010,80600,1597
70,20180423,1011,80500,2680
71,20180423,1012,80600,438
72,20180423,1013,80400,3056
73,20180423,1014,80300,3200
74,20180423,1015,80000,444
75,20180423,1016,80000,502
76,20180423,1017,80200,116
77,20180423,1018,80100,2561
78,20180423,1019,80000,392
79,20180423,1020,79900,539
80,20180423,1021,79900,934
81,20180423,1022,79800,3631
82,20180423,1023,79200,1608
83,20180423,1024,79500,439
84,20180423,1025,79400,1571
85,20180423,1026,79100,1428
86,20180423,1027,79200,563
87,20180423,1028,79100,2192
88,20180423,1029,79500,374
89,20180423,1030,79500,249
90,20180423,1031,79500,206
91,20180423,1032,79500,427
92,20180423,1033,79400,243
93,20180423,1034,79500,280
94,20180423,1035,79500,326
95,20180423,1036,79500,141
96,20180423,1037,79600,205
97,20180423,1038,79400,125
98,20180423,1039,79600,430
99,20180423,1040,79400,181
100,20180423,1041,79600,123
101,20180423,1042,79600,266
102,20180423,1043,79400,75
103,20180423,1044,79400,375
104,20180423,1045,79400,439
105,20180423,1046,79300,59
106,20180423,1047,79400,163
107,20180423,1048,79400,104
108,20180423,1049,79400,280
109,20180423,1050,79300,228
110,20180423,1051,79300,267
111,20180423,1052,79400,486
112,20180423,1053,79300,154
113,20180423,1054,79300,822
114,20180423,1055,79400,285
115,20180423,1056,79600,75
116,20180423,1057,79600,404
117,20180423,1058,79700,447
118,20180423,1059,79600,480
119,20180423,1100,79700,486
120,20180423,1101,79800,100
121,20180423,1102,79900,540
122,20180423,1103,79800,896
123,20180423,1104,80000,978
124,20180423,1105,80000,968
125,20180423,1106,80000,140
126,20180423,1107,80000,521
127,20180423,1108,80100,326
128,20180423,1109,80100,427
129,20180423,1110,80100,300
130,20180423,1111,80000,128
131,20180423,1112,80100,1169
132,20180423,1113,80000,161
133,20180423,1114,80000,657
134,20180423,1115,79900,179
135,20180423,1116,79900,81
136,20180423,1117,79900,965
137,20180423,1118,79900,188
138,20180423,1119,79800,736
139,20180423,1120,79800,148
140,20180423,1121,79900,302
141,20180423,1122,80000,109
142,20180423,1123,79900,626
143,20180423,1124,79900,120
144,20180423,1125,79900,849
145,20180423,1126,79800,171
146,20180423,1127,79800,95
147,20180423,1128,79800,92
148,20180423,1129,79800,326
149,20180423,1130,79900,111
150,20180423,1131,79900,692
151,20180423,1132,80000,144
152,20180423,1133,80000,237
153,20180423,1134,80000,74
154,20180423,1135,80000,218
155,20180423,1136,80000,584
156,20180423,1137,79900,102
157,20180423,1138,79900,198
158,20180423,1139,79900,92
159,20180423,1140,80000,287
160,20180423,1141,79900,138
161,20180423,1142,79900,81
162,20180423,1143,79900,172
163,20180423,1144,79900,228
164,20180423,1145,80000,161
165,20180423,1146,80000,116
166,20180423,1147,80000,194
167,20180423,1148,80000,99
168,20180423,1149,79900,177
169,20180423,1150,80000,96
170,20180423,1151,80000,853
171,20180423,1152,80000,245
172,20180423,1153,79900,742
173,20180423,1154,80100,85
174,20180423,1155,80100,199
175,20180423,1156,80100,89
176,20180423,1157,80100,113
177,20180423,1158,79900,170
178,20180423,1159,80000,162
179,20180423,1200,80000,156
180,20180423,1201,80100,100
181,20180423,1202,80000,76
182,20180423,1203,80000,311
183,20180423,1204,80000,146
184,20180423,1205,79900,806
185,20180423,1206,79900,78
186,20180423,1207,79900,501
187,20180423,1208,79900,114
188,20180423,1209,79900,45
189,20180423,1210,79900,239
190,20180423,1211,79900,260
191,20180423,1212,79900,38
192,20180423,1213,79900,180
193,20180423,1214,79900,92
194,20180423,1215,80000,55
195,20180423,1216,79900,104
196,20180423,1217,79900,253
197,20180423,1218,80000,26
198,20180423,1219,79900,329
199,20180423,1220,79800,36
200,20180423,1221,79800,625
201,20180423,1222,79900,102
202,20180423,1223,79900,42
203,20180423,1224,79900,281
204,20180423,1225,79800,190
205,20180423,1226,79900,62
206,20180423,1227,79800,500
207,20180423,1228,79700,138
208,20180423,1229,79700,225
209,20180423,1230,79700,279
210,20180423,1231,79700,35
211,20180423,1232,79700,117
212,20180423,1233,79800,68
213,20180423,1234,79700,62
214,20180423,1235,79800,306
215,20180423,1236,79800,285
216,20180423,1237,79700,183
217,20180423,1238,79600,71
218,20180423,1239,79600,159
219,20180423,1240,79600,249
220,20180423,1241,79700,87
221,20180423,1242,79800,267
222,20180423,1243,79700,260
223,20180423,1244,79700,43
224,20180423,1245,79600,469
225,20180423,1246,79700,253
226,20180423,1247,79700,59
227,20180423,1248,79700,170
228,20180423,1249,79700,69
229,20180423,1250,79600,86
230,20180423,1251,79600,188
231,20180423,1252,79600,83
232,20180423,1253,79700,293
233,20180423,1254,79600,159
234,20180423,1255,79600,49
235,20180423,1256,79600,685
236,20180423,1257,79700,284
237,20180423,1258,79700,81
238,20180423,1259,79700,41
239,20180423,1300,79700,178
240,20180423,1301,79700,135
241,20180423,1302,79800,78
242,20180423,1303,79800,168
243,20180423,1304,79800,94
244,20180423,1305,79700,342
245,20180423,1306,79700,334
246,20180423,1307,79800,28
247,20180423,1308,79700,237
248,20180423,1309,79700,65
249,20180423,1310,79700,43
250,20180423,1311,79800,164
251,20180423,1312,79700,68
252,20180423,1313,79700,196
253,20180423,1314,79800,641
254,20180423,1315,79700,367
255,20180423,1316,79800,69
256,20180423,1317,79700,104
257,20180423,1318,79600,116
258,20180423,1319,79700,203
259,20180423,1320,79600,139
260,20180423,1321,79600,159
261,20180423,1322,79600,136
262,20180423,1323,79700,149
263,20180423,1324,79600,93
264,20180423,1325,79600,264
265,20180423,1326,79800,294
266,20180423,1327,79700,105
267,20180423,1328,79800,66
268,20180423,1329,79800,194
269,20180423,1330,79700,117
270,20180423,1331,79700,46
271,20180423,1332,79700,334
272,20180423,1333,79700,127
273,20180423,1334,79700,73
274,20180423,1335,79800,479
275,20180423,1336,79800,307
276,20180423,1337,80000,169
277,20180423,1338,79900,143
278,20180423,1339,79900,126
279,20180423,1340,79900,467
280,20180423,1341,79700,275
281,20180423,1342,79700,104
282,20180423,1343,79700,405
283,20180423,1344,79700,182
284,20180423,1345,79700,160
285,20180423,1346,79800,156
286,20180423,1347,79700,196
287,20180423,1348,79800,124
288,20180423,1349,79700,210
289,20180423,1350,79700,136
290,20180423,1351,79700,76
291,20180423,1352,79700,105
292,20180423,1353,79700,204
293,20180423,1354,79700,82
294,20180423,1355,79700,896
295,20180423,1356,79700,385
296,20180423,1357,79800,64
297,20180423,1358,79800,112
298,20180423,1359,79800,153
299,20180423,1400,79800,192
300,20180423,1401,79700,225
301,20180423,1402,79700,108
302,20180423,1403,79700,337
303,20180423,1404,79700,281
304,20180423,1405,79700,98
305,20180423,1406,79800,202
306,20180423,1407,79800,79
307,20180423,1408,79800,166
308,20180423,1409,79700,140
309,20180423,1410,79700,281
310,20180423,1411,79800,202
311,20180423,1412,79700,59
312,20180423,1413,79700,211
313,20180423,1414,79800,195
314,20180423,1415,79700,124
315,20180423,1416,79800,161
316,20180423,1417,79700,173
317,20180423,1418,79700,78
318,20180423,1419,79700,210
319,20180423,1420,79700,109
320,20180423,1421,79700,1195
321,20180423,1422,79800,138
322,20180423,1423,79700,246
323,20180423,1424,79700,130
324,20180423,1425,79700,88
325,20180423,1426,79700,102
326,20180423,1427,79800,318
327,20180423,1428,79800,181
328,20180423,1429,79700,142
329,20180423,1430,79700,309
330,20180423,1431,79600,222
331,20180423,1432,79600,265
332,20180423,1433,79600,2090
333,20180423,1434,79700,140
334,20180423,1435,79700,161
335,20180423,1436,79600,194
336,20180423,1437,79700,107
337,20180423,1438,79600,214
338,20180423,1439,79700,291
339,20180423,1440,79700,124
340,20180423,1441,79600,311
341,20180423,1442,79700,244
342,20180423,1443,79700,105
343,20180423,1444,79700,108
344,20180423,1445,79700,175
345,20180423,1446,79700,74
346,20180423,1447,79700,274
347,20180423,1448,79700,222
348,20180423,1449,79700,166
349,20180423,1450,79800,532
350,20180423,1451,79800,105
351,20180423,1452,79700,154
352,20180423,1453,79800,144
353,20180423,1454,79700,149
354,20180423,1455,79800,127
355,20180423,1456,79700,261
356,20180423,1457,79700,1000
357,20180423,1458,80000,540
358,20180423,1459,79900,90
359,20180423,1500,79800,261
360,20180423,1501,79900,431
361,20180423,1502,79900,1786
362,20180423,1503,79700,777
363,20180423,1504,79700,171
364,20180423,1505,79800,434
365,20180423,1506,79800,449
366,20180423,1507,79700,47
367,20180423,1508,79800,172
368,20180423,1509,79700,136
369,20180423,1510,79700,398
370,20180423,1511,79700,654
371,20180423,1512,79800,974
372,20180423,1513,79700,1616
373,20180423,1514,79600,350
374,20180423,1515,79600,1457
375,20180423,1516,79600,176
376,20180423,1517,79600,91
377,20180423,1518,79600,54
378,20180423,1519,79700,121
379,20180423,1520,79700,1021
380,20180423,1530,79700,4380
381,20180424,901,79600,1462
382,20180424,902,79400,1937
383,20180424,903,80000,461
384,20180424,904,80200,391
385,20180424,905,80300,413
386,20180424,906,80500,350
387,20180424,907,80500,898
388,20180424,908,80500,781
389,20180424,909,80800,1280
390,20180424,910,81100,2022
391,20180424,911,81200,994
392,20180424,912,81300,464
393,20180424,913,81400,559
394,20180424,914,81300,366
395,20180424,915,81300,206
396,20180424,916,81300,338
397,20180424,917,81300,1359
398,20180424,918,81000,562
399,20180424,919,80900,1334
400,20180424,920,81200,380
401,20180424,921,81000,37
402,20180424,922,81000,1031
403,20180424,923,81100,241
404,20180424,924,81200,420
405,20180424,925,81200,338
406,20180424,926,81200,396
407,20180424,927,81100,87
408,20180424,928,81000,665
409,20180424,929,80800,79
410,20180424,930,80800,162
411,20180424,931,80900,261
412,20180424,932,80700,3
413,20180424,933,80700,147
414,20180424,934,80700,403
415,20180424,935,80700,81
416,20180424,936,80800,2183
417,20180424,937,81100,304
418,20180424,938,81300,42
419,20180424,939,81300,223
420,20180424,940,81200,36
421,20180424,941,81200,965
422,20180424,942,81300,657
423,20180424,943,81300,1822
424,20180424,944,81400,165
425,20180424,945,81400,532
426,20180424,946,81200,121
427,20180424,947,81100,864
428,20180424,948,81200,807
429,20180424,949,81200,287
430,20180424,950,81100,10
431,20180424,951,81100,630
432,20180424,952,81200,1299
433,20180424,953,81000,1310
434,20180424,954,80700,138
435,20180424,955,80700,240
436,20180424,956,80800,151
437,20180424,957,80800,138
438,20180424,958,80800,469
439,20180424,959,80900,51
440,20180424,1000,80800,17
441,20180424,1001,80900,53
442,20180424,1002,80900,60
443,20180424,1003,80900,78
444,20180424,1004,80900,64
445,20180424,1005,80900,435
446,20180424,1006,80800,174
447,20180424,1007,80700,85
448,20180424,1008,80700,1079
449,20180424,1009,80600,262
450,20180424,1010,80600,18
451,20180424,1011,80600,10
452,20180424,1012,80700,785
453,20180424,1013,80700,272
454,20180424,1014,80600,313
455,20180424,1015,80600,185
456,20180424,1016,80700,51
457,20180424,1017,80700,104
458,20180424,1018,80600,406
459,20180424,1019,80500,4
460,20180424,1020,80500,1616
461,20180424,1021,80600,299
462,20180424,1022,80600,266
463,20180424,1023,80500,37
464,20180424,1024,80500,1
465,20180424,1025,80500,176
466,20180424,1026,80500,47
467,20180424,1027,80400,108
468,20180424,1028,80500,32
469,20180424,1029,80500,325
470,20180424,1030,80400,80
471,20180424,1031,80500,242
472,20180424,1032,80500,141
473,20180424,1033,80500,49
474,20180424,1034,80400,150
475,20180424,1035,80500,230
476,20180424,1036,80300,516
477,20180424,1037,80300,77
478,20180424,1038,80300,267
479,20180424,1039,80200,189
480,20180424,1040,80300,576
481,20180424,1041,80400,1014
482,20180424,1042,80400,154
483,20180424,1043,80500,136
484,20180424,1044,80400,166
485,20180424,1045,80500,610
486,20180424,1046,80400,98
487,20180424,1047,80400,185
488,20180424,1048,80500,46
489,20180424,1049,80500,137
490,20180424,1050,80500,73
491,20180424,1051,80500,808
492,20180424,1052,80500,402
493,20180424,1053,80300,233
494,20180424,1054,80400,26
495,20180424,1055,80400,268
496,20180424,1056,80400,72
497,20180424,1057,80400,837
498,20180424,1058,80600,119
499,20180424,1059,80600,16
500,20180424,1100,80600,110
501,20180424,1101,80500,409
502,20180424,1102,80700,106
503,20180424,1103,80700,624
504,20180424,1104,80500,129
505,20180424,1105,80500,121
506,20180424,1106,80500,380
507,20180424,1107,80600,443
508,20180424,1108,80600,117
509,20180424,1109,80600,322
510,20180424,1110,80700,425
511,20180424,1111,80800,197
512,20180424,1112,80800,524
513,20180424,1113,80900,422
514,20180424,1114,80800,246
515,20180424,1115,80800,10
516,20180424,1116,80900,305
517,20180424,1117,80900,160
518,20180424,1118,80900,223
519,20180424,1119,80800,298
520,20180424,1120,80600,46
521,20180424,1121,80600,90
522,20180424,1122,80700,46
523,20180424,1123,80700,67
524,20180424,1124,80700,129
525,20180424,1125,80700,115
526,20180424,1126,80700,67
527,20180424,1127,80700,47
528,20180424,1128,80700,56
529,20180424,1129,80700,155
530,20180424,1130,80700,181
531,20180424,1131,80600,185
532,20180424,1132,80500,58
533,20180424,1133,80500,445
534,20180424,1134,80400,26
535,20180424,1135,80300,110
536,20180424,1136,80400,138
537,20180424,1137,80300,95
538,20180424,1138,80400,143
539,20180424,1139,80200,257
540,20180424,1140,80100,759
541,20180424,1141,80000,1710
542,20180424,1142,79800,117
543,20180424,1143,79800,428
544,20180424,1144,80100,150
545,20180424,1145,80100,39
546,20180424,1146,80100,114
547,20180424,1147,80000,115
548,20180424,1148,80100,90
549,20180424,1149,80100,244
550,20180424,1150,80100,31
551,20180424,1151,80100,179
552,20180424,1152,80100,237
553,20180424,1153,80100,112
554,20180424,1154,80100,187
555,20180424,1155,80200,116
556,20180424,1156,80200,63
557,20180424,1157,80300,60
558,20180424,1158,80300,117
559,20180424,1159,80300,61
560,20180424,1200,80300,185
561,20180424,1201,80300,83
562,20180424,1202,80300,17
563,20180424,1203,80400,121
564,20180424,1204,80400,147
565,20180424,1205,80300,70
566,20180424,1206,80300,44
567,20180424,1207,80300,26
568,20180424,1208,80300,720
569,20180424,1209,80500,329
570,20180424,1210,80500,18
571,20180424,1211,80400,54
572,20180424,1212,80500,76
573,20180424,1213,80500,109
574,20180424,1214,80500,82
575,20180424,1215,80500,526
576,20180424,1216,80600,182
577,20180424,1217,80600,34
578,20180424,1218,80600,70
579,20180424,1219,80600,127
580,20180424,1220,80600,68
581,20180424,1221,80600,42
582,20180424,1222,80600,79
583,20180424,1223,80500,227
584,20180424,1224,80600,84
585,20180424,1225,80600,82
586,20180424,1226,80600,28
587,20180424,1227,80600,93
588,20180424,1228,80600,166
589,20180424,1229,80500,132
590,20180424,1230,80600,101
591,20180424,1231,80500,144
592,20180424,1232,80400,44
593,20180424,1233,80400,344
594,20180424,1234,80400,179
595,20180424,1235,80400,13
596,20180424,1236,80400,105
597,20180424,1237,80400,23
598,20180424,1238,80300,46
599,20180424,1239,80400,9
600,20180424,1240,80400,131
601,20180424,1241,80400,144
602,20180424,1242,80400,14
603,20180424,1243,80400,23
604,20180424,1244,80400,338
605,20180424,1245,80300,131
606,20180424,1246,80400,123
607,20180424,1247,80200,134
608,20180424,1248,80200,17
609,20180424,1249,80200,144
610,20180424,1250,80200,106
611,20180424,1251,80200,333
612,20180424,1252,80100,47
613,20180424,1253,80200,21
614,20180424,1254,80100,392
615,20180424,1255,80100,51
616,20180424,1256,80200,50
617,20180424,1257,80200,117
618,20180424,1258,80100,276
619,20180424,1259,80200,141
620,20180424,1300,80200,124
621,20180424,1301,80200,28
622,20180424,1302,80200,46
623,20180424,1303,80200,45
624,20180424,1304,80200,209
625,20180424,1305,80200,120
626,20180424,1306,80200,41
627,20180424,1307,80100,76
628,20180424,1308,80200,120
629,20180424,1309,80100,96
630,20180424,1310,80200,162
631,20180424,1311,80200,78
632,20180424,1312,80200,14
633,20180424,1313,80200,21
634,20180424,1314,80100,69
635,20180424,1315,80200,201
636,20180424,1316,80200,183
637,20180424,1317,80200,32
638,20180424,1318,80200,105
639,20180424,1319,80200,25
640,20180424,1320,80200,182
641,20180424,1321,80200,541
642,20180424,1322,80200,70
643,20180424,1323,80200,347
644,20180424,1324,80300,220
645,20180424,1325,80200,597
646,20180424,1326,80400,80
647,20180424,1327,80400,7
648,20180424,1328,80400,17
649,20180424,1329,80400,153
650,20180424,1330,80400,14
651,20180424,1331,80400,187
652,20180424,1332,80400,186
653,20180424,1333,80400,111
654,20180424,1334,80400,14
655,20180424,1335,80400,163
656,20180424,1336,80400,128
657,20180424,1337,80400,85
658,20180424,1338,80400,119
659,20180424,1339,80300,134
660,20180424,1340,80400,116
661,20180424,1341,80400,135
662,20180424,1342,80400,379
663,20180424,1343,80200,297
664,20180424,1344,80300,29
665,20180424,1345,80300,14
666,20180424,1346,80300,186
667,20180424,1347,80300,112
668,20180424,1348,80300,135
669,20180424,1349,80300,22
670,20180424,1350,80300,49
671,20180424,1351,80300,38
672,20180424,1352,80300,58
673,20180424,1353,80300,216
674,20180424,1354,80300,304
675,20180424,1355,80200,91
676,20180424,1356,80200,244
677,20180424,1357,80200,45
678,20180424,1358,80200,54
679,20180424,1359,80300,144
680,20180424,1400,80300,1021
681,20180424,1401,80300,60
682,20180424,1402,80300,127
683,20180424,1403,80300,43
684,20180424,1404,80300,148
685,20180424,1405,80300,215
686,20180424,1406,80400,335
687,20180424,1407,80200,346
688,20180424,1408,80200,175
689,20180424,1409,80300,165
690,20180424,1410,80400,183
691,20180424,1411,80400,71
692,20180424,1412,80400,13
693,20180424,1413,80500,404
694,20180424,1414,80300,552
695,20180424,1415,80300,129
696,20180424,1416,80200,23
697,20180424,1417,80300,77
698,20180424,1418,80300,171
699,20180424,1419,80300,238
700,20180424,1420,80200,110
701,20180424,1421,80300,128
702,20180424,1422,80200,277
703,20180424,1423,80200,135
704,20180424,1424,80200,299
705,20180424,1425,80300,185
706,20180424,1426,80200,1409
707,20180424,1427,80100,464
708,20180424,1428,80100,237
709,20180424,1429,80200,2728
710,20180424,1430,80000,3209
711,20180424,1431,79900,120
712,20180424,1432,79800,367
713,20180424,1433,79800,715
714,20180424,1434,79800,321
715,20180424,1435,79700,173
716,20180424,1436,79800,148
717,20180424,1437,79700,97
718,20180424,1438,79800,237
719,20180424,1439,79800,472
720,20180424,1440,79700,461
721,20180424,1441,79700,147
722,20180424,1442,79700,77
723,20180424,1443,79700,195
724,20180424,1444,79800,812
725,20180424,1445,79800,28
726,20180424,1446,79600,706
727,20180424,1447,79600,85
728,20180424,1448,79600,286
729,20180424,1449,79600,98
730,20180424,1450,79600,24
731,20180424,1451,79600,306
732,20180424,1452,79600,160
733,20180424,1453,79700,256
734,20180424,1454,79600,93
735,20180424,1455,79700,389
736,20180424,1456,79700,68
737,20180424,1457,79600,41
738,20180424,1458,79700,165
739,20180424,1459,79700,799
740,20180424,1500,79600,289
741,20180424,1501,79600,503
742,20180424,1502,79600,816
743,20180424,1503,79500,138
744,20180424,1504,79500,260
745,20180424,1505,79600,46
746,20180424,1506,79500,413
747,20180424,1507,79500,29
748,20180424,1508,79500,143
749,20180424,1509,79600,86
750,20180424,1510,79600,997
751,20180424,1511,79600,110
752,20180424,1512,79500,20
753,20180424,1513,79600,1600
754,20180424,1514,79500,2786
755,20180424,1515,79300,1191
756,20180424,1516,79300,679
757,20180424,1517,79400,140
758,20180424,1518,79300,1069
759,20180424,1519,79300,501
760,20180424,1520,79300,541
761,20180424,1530,79300,2845
0,20180425,901,79000,1189
1,20180425,902,79200,34
2,20180425,903,79200,1558
3,20180425,904,78800,1769
4,20180425,905,78300,526
5,20180425,906,78100,1321
6,20180425,907,77900,1969
7,20180425,908,78300,494
8,20180425,909,78200,454
9,20180425,910,78400,276
10,20180425,911,78600,737
11,20180425,912,78600,276
12,20180425,913,78800,73
13,20180425,914,78700,703
14,20180425,915,78800,624
15,20180425,916,79000,180
16,20180425,917,79200,1545
17,20180425,918,79100,83
18,20180425,919,79200,349
19,20180425,920,79300,51
20,20180425,921,79300,146
21,20180425,922,79200,12
22,20180425,923,79200,16
23,20180425,924,79100,747
24,20180425,925,79000,119
25,20180425,926,79000,56
26,20180425,927,79000,632
27,20180425,928,79000,293
28,20180425,929,79100,298
29,20180425,930,78900,391
30,20180425,931,79000,664
31,20180425,932,79000,443
32,20180425,933,79200,262
33,20180425,934,79200,194
34,20180425,935,79200,110
35,20180425,936,79300,122
36,20180425,937,79300,634
37,20180425,938,79500,367
38,20180425,939,79600,370
39,20180425,940,79700,401
40,20180425,941,79600,191
41,20180425,942,79700,64
42,20180425,943,79800,6
43,20180425,944,79800,224
44,20180425,945,79600,64
45,20180425,946,79500,61
46,20180425,947,79600,751
47,20180425,948,79700,519
48,20180425,949,79700,1449
49,20180425,950,79800,174
50,20180425,951,79800,64
51,20180425,952,79800,334
52,20180425,953,79800,246
53,20180425,954,79800,119
54,20180425,955,79900,167
55,20180425,956,80000,846
56,20180425,957,80000,47
57,20180425,958,80100,27
58,20180425,959,80100,197
59,20180425,1000,80100,15
60,20180425,1001,80100,147
61,20180425,1002,79900,23
62,20180425,1003,79800,50
63,20180425,1004,79900,23
64,20180425,1005,79900,20
65,20180425,1006,79900,280
66,20180425,1007,79900,28
67,20180425,1008,79900,358
68,20180425,1009,79900,37
69,20180425,1010,80000,122
70,20180425,1011,80000,118
71,20180425,1012,80000,157
72,20180425,1013,80000,17
73,20180425,1014,80000,321
74,20180425,1015,80100,29
75,20180425,1016,80000,648
76,20180425,1017,80100,105
77,20180425,1018,80000,66
78,20180425,1019,80000,66
79,20180425,1020,80000,12
80,20180425,1021,80000,605
81,20180425,1022,79900,448
82,20180425,1023,79800,507
83,20180425,1024,79800,10
84,20180425,1025,79800,1071
85,20180425,1026,79600,145
86,20180425,1027,79600,64
87,20180425,1028,79600,22
88,20180425,1029,79600,192
89,20180425,1030,79600,280
90,20180425,1031,79600,155
91,20180425,1032,79500,42
92,20180425,1033,79600,14
93,20180425,1034,79600,24
94,20180425,1035,79600,23
95,20180425,1036,79600,11
96,20180425,1037,79600,193
97,20180425,1038,79500,137
98,20180425,1039,79600,128
99,20180425,1040,79600,26
100,20180425,1041,79600,13
101,20180425,1042,79600,23
102,20180425,1043,79600,149
103,20180425,1044,79600,220
104,20180425,1045,79600,3018
105,20180425,1046,79100,174
106,20180425,1047,79100,12
107,20180425,1048,79100,76
108,20180425,1049,79000,159
109,20180425,1050,79100,354
110,20180425,1051,79100,178
111,20180425,1052,79100,74
112,20180425,1053,79100,16
113,20180425,1054,79100,90
114,20180425,1055,79100,43
115,20180425,1056,79100,111
116,20180425,1057,79100,694
117,20180425,1058,79000,14
118,20180425,1059,79000,24
119,20180425,1100,79000,47
120,20180425,1101,79000,6
121,20180425,1102,78900,194
122,20180425,1103,78900,53
123,20180425,1104,78800,714
124,20180425,1105,78600,1024
125,20180425,1106,78800,17
126,20180425,1107,78800,125
127,20180425,1108,78800,89
128,20180425,1109,78800,23
129,20180425,1110,78900,12
130,20180425,1111,78800,35
131,20180425,1112,78900,108
132,20180425,1113,78900,9
133,20180425,1114,78900,10
134,20180425,1115,78900,32
135,20180425,1116,78900,25
136,20180425,1117,78900,674
137,20180425,1118,78900,145
138,20180425,1119,78800,17
139,20180425,1120,78900,19
140,20180425,1121,78900,61
141,20180425,1122,78800,22
142,20180425,1123,78900,236
143,20180425,1124,78800,249
144,20180425,1125,78800,444
145,20180425,1126,78800,13
146,20180425,1127,78800,15
147,20180425,1128,78800,473
148,20180425,1129,78700,251
149,20180425,1130,78500,630
150,20180425,1131,78600,109
151,20180425,1132,78500,55
152,20180425,1133,78500,693
153,20180425,1134,78500,70
154,20180425,1135,78400,189
155,20180425,1136,78500,504
156,20180425,1137,78500,388
157,20180425,1138,78600,6
158,20180425,1139,78600,8
159,20180425,1140,78600,22
160,20180425,1141,78600,154
161,20180425,1142,78500,9
162,20180425,1143,78600,53
163,20180425,1144,78600,1066
164,20180425,1145,78700,784
165,20180425,1146,78800,27
166,20180425,1147,78800,14
167,20180425,1148,78700,2705
168,20180425,1149,78800,70
169,20180425,1150,78900,9
170,20180425,1151,78900,14
171,20180425,1152,78900,128
172,20180425,1153,78900,7
173,20180425,1154,78900,434
174,20180425,1155,79000,20
175,20180425,1156,79000,11
176,20180425,1157,79000,8
177,20180425,1158,79000,8
178,20180425,1159,79000,4
179,20180425,1200,79000,932
180,20180425,1201,79000,37
181,20180425,1204,78900,50
182,20180425,1205,78900,2
183,20180425,1206,78900,12
184,20180425,1207,78900,2
185,20180425,1208,78900,5
186,20180425,1209,79000,2
187,20180425,1210,78900,747
188,20180425,1211,78600,3
189,20180425,1212,78600,28
190,20180425,1213,78600,25
191,20180425,1214,78600,105
192,20180425,1216,78500,25
193,20180425,1217,78500,108
194,20180425,1218,78500,11
195,20180425,1219,78500,36
196,20180425,1220,78500,212
197,20180425,1221,78500,73
198,20180425,1222,78500,1
199,20180425,1223,78500,10
200,20180425,1224,78500,4
201,20180425,1225,78500,26
202,20180425,1226,78500,4
203,20180425,1227,78500,11
204,20180425,1228,78500,1
205,20180425,1229,78500,79
206,20180425,1230,78600,330
207,20180425,1232,78700,1
208,20180425,1233,78700,48
209,20180425,1235,78700,10
210,20180425,1236,78600,3
211,20180425,1237,78600,361
212,20180425,1238,78500,280
213,20180425,1239,78500,56
214,20180425,1240,78600,51
215,20180425,1241,78500,426
216,20180425,1242,78500,111
217,20180425,1243,78500,15
218,20180425,1244,78500,35
219,20180425,1245,78500,5
220,20180425,1246,78500,47
221,20180425,1247,78400,11
222,20180425,1249,78400,120
223,20180425,1250,78400,36
224,20180425,1251,78400,536
225,20180425,1252,78500,7
226,20180425,1253,78500,69
227,20180425,1254,78600,22
228,20180425,1256,78600,168
229,20180425,1257,78600,54
230,20180425,1258,78600,12
231,20180425,1300,78500,508
232,20180425,1301,78500,54
233,20180425,1302,78500,62
234,20180425,1304,78400,11
235,20180425,1305,78500,2
236,20180425,1306,78400,556
237,20180425,1307,78400,90
238,20180425,1308,78300,41
239,20180425,1309,78300,231
240,20180425,1310,78300,9
241,20180425,1311,78400,7
242,20180425,1312,78300,24
243,20180425,1313,78400,91
244,20180425,1314,78400,8
245,20180425,1315,78400,4
246,20180425,1316,78300,41
247,20180425,1317,78400,36
248,20180425,1318,78400,8
249,20180425,1319,78300,20
250,20180425,1320,78400,155
251,20180425,1321,78300,755
252,20180425,1322,78300,123
253,20180425,1323,78200,14
254,20180425,1324,78300,584
255,20180425,1325,78100,625
256,20180425,1326,78200,16
257,20180425,1327,78100,312
258,20180425,1328,78100,852
259,20180425,1329,78100,92
260,20180425,1330,78100,14
261,20180425,1331,78100,60
262,20180425,1332,78100,1080
263,20180425,1333,78200,37
264,20180425,1334,78200,23
265,20180425,1335,78200,17
266,20180425,1336,78200,116
267,20180425,1337,78200,542
268,20180425,1338,78300,4
269,20180425,1339,78200,10
270,20180425,1340,78300,428
271,20180425,1341,78400,391
272,20180425,1342,78500,3
273,20180425,1343,78400,203
274,20180425,1344,78300,205
275,20180425,1345,78300,42
276,20180425,1346,78400,111
277,20180425,1347,78200,65
278,20180425,1348,78200,11
279,20180425,1349,78200,120
280,20180425,1350,78200,331
281,20180425,1351,78200,16
282,20180425,1352,78200,16
283,20180425,1353,78200,333
284,20180425,1355,78200,29
285,20180425,1356,78200,27
286,20180425,1357,78300,122
287,20180425,1358,78200,13
288,20180425,1359,78300,1
289,20180425,1400,78200,11
290,20180425,1401,78300,22
291,20180425,1402,78200,614
292,20180425,1403,78100,421
293,20180425,1404,78000,39
294,20180425,1405,78100,81
295,20180425,1406,78000,70
296,20180425,1407,78000,117
297,20180425,1408,78000,83
298,20180425,1409,78100,65
299,20180425,1410,78000,245
300,20180425,1411,78000,99
301,20180425,1412,78100,10
302,20180425,1413,78100,32
303,20180425,1414,78000,50
304,20180425,1415,78000,156
305,20180425,1416,78000,76
306,20180425,1417,78000,236
307,20180425,1418,78000,2520
308,20180425,1419,78000,552
309,20180425,1420,78000,2818
310,20180425,1421,77900,112
311,20180425,1422,77900,2
312,20180425,1423,77900,36
313,20180425,1424,77900,39
314,20180425,1425,77800,128
315,20180425,1426,77900,12
316,20180425,1427,77900,871
317,20180425,1428,77800,1127
318,20180425,1429,77800,26
319,20180425,1430,77800,15
320,20180425,1431,77800,927
321,20180425,1432,77700,420
322,20180425,1433,77700,96
323,20180425,1434,77800,166
324,20180425,1435,77700,475
325,20180425,1436,77700,147
326,20180425,1437,77800,20
327,20180425,1438,77800,2517
328,20180425,1439,78000,7
329,20180425,1440,78000,16
330,20180425,1441,77900,1
331,20180425,1442,77900,583
332,20180425,1443,77800,104
333,20180425,1444,77800,2
334,20180425,1445,77800,50
335,20180425,1446,77800,29
336,20180425,1447,77800,133
337,20180425,1448,77800,883
338,20180425,1449,77800,81
339,20180425,1450,77800,12
340,20180425,1451,77800,146
341,20180425,1453,77900,146
342,20180425,1454,77900,3
343,20180425,1455,77900,1
344,20180425,1456,77900,53
345,20180425,1457,77800,16
346,20180425,1458,77800,1152
347,20180425,1459,77900,10
348,20180425,1500,78000,1
349,20180425,1501,78000,514
350,20180425,1503,77900,1584
351,20180425,1504,78000,93
352,20180425,1505,78000,116
353,20180425,1506,78100,1330
354,20180425,1507,78200,148
355,20180425,1508,78200,33
356,20180425,1509,78400,115
357,20180425,1510,78200,181
358,20180425,1511,78300,26
359,20180425,1512,78300,22
360,20180425,1513,78300,1
361,20180425,1514,78300,395
362,20180425,1515,78500,101
363,20180425,1516,78400,34
364,20180425,1517,78500,109
365,20180425,1518,78400,229
366,20180425,1519,78300,166
367,20180425,1520,78300,456
368,20180425,1530,78400,3309
369,20180426,901,78900,1350
370,20180426,902,79800,747
371,20180426,903,79200,304
372,20180426,904,79400,20
373,20180426,905,79400,776
374,20180426,906,79300,787
375,20180426,907,79600,797
376,20180426,908,79800,96
377,20180426,909,79800,59
378,20180426,910,79900,2
379,20180426,911,79900,1183
380,20180426,912,79700,354
381,20180426,913,79700,1575
382,20180426,914,79900,284
383,20180426,915,79800,437
384,20180426,916,79800,524
385,20180426,917,79900,169
386,20180426,918,79900,153
387,20180426,919,79800,209
388,20180426,920,79700,36
389,20180426,921,79700,36
390,20180426,922,79700,186
391,20180426,923,79700,2400
392,20180426,924,80200,687
393,20180426,925,80100,123
394,20180426,926,80100,157
395,20180426,927,80100,347
396,20180426,928,80100,629
397,20180426,929,80000,154
398,20180426,930,80100,20
399,20180426,931,80100,226
400,20180426,932,80000,1235
401,20180426,933,80100,355
402,20180426,934,80000,1412
403,20180426,935,80000,276
404,20180426,936,79900,1094
405,20180426,937,80000,769
406,20180426,938,80000,242
407,20180426,939,80100,184
408,20180426,940,80100,306
409,20180426,941,80000,17
410,20180426,942,79900,323
411,20180426,943,80000,1588
412,20180426,944,80100,32
413,20180426,945,80200,24
414,20180426,946,80200,42
415,20180426,947,80100,157
416,20180426,948,80100,50
417,20180426,949,80100,221
418,20180426,950,80100,39
419,20180426,951,80100,760
420,20180426,952,80000,52
421,20180426,953,80000,55
422,20180426,954,80000,236
423,20180426,955,79900,453
424,20180426,956,79800,64
425,20180426,957,79900,28
426,20180426,958,79900,25
427,20180426,959,79800,159
428,20180426,1000,79700,1283
429,20180426,1001,79600,127
430,20180426,1002,79700,73
431,20180426,1003,79700,52
432,20180426,1004,79700,45
433,20180426,1005,79700,38
434,20180426,1006,79600,127
435,20180426,1007,79700,569
436,20180426,1008,79700,57
437,20180426,1009,79800,220
438,20180426,1010,79800,777
439,20180426,1011,80100,823
440,20180426,1012,80200,302
441,20180426,1013,80300,148
442,20180426,1014,80200,31
443,20180426,1015,80200,357
444,20180426,1016,80200,135
445,20180426,1017,80300,121
446,20180426,1018,80200,130
447,20180426,1019,80200,69
448,20180426,1020,80200,24
449,20180426,1021,80200,146
450,20180426,1022,80200,77
451,20180426,1023,80200,77
452,20180426,1024,80300,26
453,20180426,1025,80300,22
454,20180426,1026,80200,741
455,20180426,1027,80400,65
456,20180426,1028,80400,63
457,20180426,1029,80400,1461
458,20180426,1030,80600,517
459,20180426,1031,80700,298
460,20180426,1032,80700,142
461,20180426,1033,80700,215
462,20180426,1034,80700,49
463,20180426,1035,80700,37
464,20180426,1036,80700,47
465,20180426,1037,80700,31
466,20180426,1038,80700,48
467,20180426,1039,80700,489
468,20180426,1040,80500,33
469,20180426,1041,80500,100
470,20180426,1042,80600,14
471,20180426,1043,80600,52
472,20180426,1044,80600,21
473,20180426,1045,80600,99
474,20180426,1046,80600,123
475,20180426,1047,80500,81
476,20180426,1048,80500,531
477,20180426,1049,80500,143
478,20180426,1050,80500,28
479,20180426,1051,80500,42
480,20180426,1052,80400,337
481,20180426,1053,80600,111
482,20180426,1054,80400,55
483,20180426,1055,80400,239
484,20180426,1056,80300,49
485,20180426,1057,80400,18
486,20180426,1058,80400,262
487,20180426,1059,80400,15
488,20180426,1100,80400,21
489,20180426,1101,80400,43
490,20180426,1102,80400,150
491,20180426,1103,80400,2
492,20180426,1104,80400,262
493,20180426,1105,80400,29
494,20180426,1106,80400,16
495,20180426,1107,80400,106
496,20180426,1108,80400,32
497,20180426,1109,80400,50
498,20180426,1110,80400,118
499,20180426,1111,80400,18
500,20180426,1112,80400,67
501,20180426,1113,80300,33
502,20180426,1114,80400,415
503,20180426,1115,80400,45
504,20180426,1116,80400,5
505,20180426,1117,80400,34
506,20180426,1118,80400,59
507,20180426,1119,80400,150
508,20180426,1120,80400,8
509,20180426,1121,80400,36
510,20180426,1122,80400,48
511,20180426,1123,80400,12
512,20180426,1124,80300,65
513,20180426,1125,80400,33
514,20180426,1126,80400,966
515,20180426,1127,80500,41
516,20180426,1128,80500,8
517,20180426,1129,80500,147
518,20180426,1130,80500,16
519,20180426,1131,80500,26
520,20180426,1132,80500,72
521,20180426,1133,80500,11
522,20180426,1134,80400,73
523,20180426,1135,80500,140
524,20180426,1136,80400,1498
525,20180426,1137,80400,88
526,20180426,1138,80500,17
527,20180426,1139,80500,33
528,20180426,1140,80400,123
529,20180426,1141,80500,1857
530,20180426,1142,80500,287
531,20180426,1143,80600,30
532,20180426,1144,80600,13
533,20180426,1145,80600,736
534,20180426,1146,80700,40
535,20180426,1147,80700,1006
536,20180426,1148,80800,900
537,20180426,1149,80700,539
538,20180426,1150,80900,1516
539,20180426,1151,81100,731
540,20180426,1152,81100,87
541,20180426,1153,81000,269
542,20180426,1154,81000,142
543,20180426,1155,81000,36
544,20180426,1156,80900,45
545,20180426,1157,80900,8
546,20180426,1158,80800,23
547,20180426,1159,80900,23
548,20180426,1200,80900,55
549,20180426,1201,80900,61
550,20180426,1202,80900,3
551,20180426,1203,80900,39
552,20180426,1204,80900,29
553,20180426,1205,80900,187
554,20180426,1206,80900,51
555,20180426,1207,80900,63
556,20180426,1208,80800,52
557,20180426,1209,80900,36
558,20180426,1210,80900,47
559,20180426,1211,80900,15
560,20180426,1212,80900,39
561,20180426,1213,81000,80
562,20180426,1214,81000,43
563,20180426,1215,81000,9
564,20180426,1216,81000,42
565,20180426,1217,81000,32
566,20180426,1218,81000,36
567,20180426,1219,81000,6
568,20180426,1220,81000,298
569,20180426,1221,80900,20
570,20180426,1222,80900,29
571,20180426,1223,80900,57
572,20180426,1224,80900,23
573,20180426,1225,80800,100
574,20180426,1226,81000,9
575,20180426,1227,81000,94
576,20180426,1228,81000,6
577,20180426,1229,81000,89
578,20180426,1230,81000,53
579,20180426,1231,81000,272
580,20180426,1232,80900,26
581,20180426,1233,80900,40
582,20180426,1234,80800,30
583,20180426,1235,80900,40
584,20180426,1236,80900,8
585,20180426,1237,80900,53
586,20180426,1238,80800,14
587,20180426,1239,80800,25
588,20180426,1240,80900,51
589,20180426,1241,80900,24
590,20180426,1242,80800,113
591,20180426,1243,80800,43
592,20180426,1244,80900,547
593,20180426,1245,80900,19
594,20180426,1246,80900,150
595,20180426,1247,80900,28
596,20180426,1248,80900,21
597,20180426,1249,80900,24
598,20180426,1250,80800,27
599,20180426,1251,80900,46
600,20180426,1252,80900,40
601,20180426,1253,80900,47
602,20180426,1254,80900,58
603,20180426,1255,80900,15
604,20180426,1256,80900,100
605,20180426,1257,80900,288
606,20180426,1258,81000,25
607,20180426,1259,80900,40
608,20180426,1300,81000,26
609,20180426,1301,80900,976
610,20180426,1302,80700,18
611,20180426,1303,80800,368
612,20180426,1304,80700,122
613,20180426,1305,80700,17
614,20180426,1306,80700,117
615,20180426,1307,80700,56
616,20180426,1308,80700,632
617,20180426,1309,80600,25
618,20180426,1310,80600,1360
619,20180426,1311,80500,939
620,20180426,1312,80600,22
621,20180426,1313,80600,18
622,20180426,1314,80600,2930
623,20180426,1315,80400,121
624,20180426,1316,80500,8
625,20180426,1317,80500,24
626,20180426,1318,80500,29
627,20180426,1319,80500,229
628,20180426,1320,80500,310
629,20180426,1321,80400,19
630,20180426,1322,80500,44
631,20180426,1323,80500,9
632,20180426,1324,80400,240
633,20180426,1325,80500,51
634,20180426,1326,80500,26
635,20180426,1327,80500,21
636,20180426,1328,80500,455
637,20180426,1329,80400,17
638,20180426,1330,80400,21
639,20180426,1331,80400,156
640,20180426,1332,80400,21
641,20180426,1333,80400,21
642,20180426,1334,80300,93
643,20180426,1335,80300,72
644,20180426,1336,80300,7
645,20180426,1337,80400,167
646,20180426,1338,80300,45
647,20180426,1339,80400,32
648,20180426,1340,80400,72
649,20180426,1341,80400,170
650,20180426,1342,80300,34
651,20180426,1343,80400,129
652,20180426,1344,80300,840
653,20180426,1345,80200,388
654,20180426,1346,80200,11
655,20180426,1347,80100,13
656,20180426,1348,80100,9
657,20180426,1349,80200,326
658,20180426,1350,80100,13
659,20180426,1351,80200,82
660,20180426,1352,80200,53
661,20180426,1353,80200,29
662,20180426,1354,80200,55
663,20180426,1355,80200,37
664,20180426,1356,80200,52
665,20180426,1357,80200,82
666,20180426,1358,80200,18
667,20180426,1359,80200,50
668,20180426,1400,80200,35
669,20180426,1401,80100,35
670,20180426,1402,80200,219
671,20180426,1403,80100,154
672,20180426,1404,80200,170
673,20180426,1405,80200,638
674,20180426,1406,80300,35
675,20180426,1407,80200,38
676,20180426,1408,80200,10
677,20180426,1409,80300,801
678,20180426,1410,80100,12
679,20180426,1411,80100,43
680,20180426,1412,80200,14
681,20180426,1413,80200,36
682,20180426,1414,80200,2984
683,20180426,1415,80000,181
684,20180426,1416,80000,281
685,20180426,1417,80100,27
686,20180426,1418,80000,11
687,20180426,1419,80100,68
688,20180426,1420,80100,1017
689,20180426,1421,80200,160
690,20180426,1422,80300,17
691,20180426,1423,80200,563
692,20180426,1424,80400,252
693,20180426,1425,80500,37
694,20180426,1426,80500,46
695,20180426,1427,80400,62
696,20180426,1428,80400,79
697,20180426,1429,80400,25
698,20180426,1430,80400,267
699,20180426,1431,80400,692
700,20180426,1432,80200,31
701,20180426,1433,80200,51
702,20180426,1434,80200,63
703,20180426,1435,80200,603
704,20180426,1436,80200,63
705,20180426,1437,80100,350
706,20180426,1438,80100,388
707,20180426,1439,80100,63
708,20180426,1440,80000,243
709,20180426,1441,80100,57
710,20180426,1442,80000,564
711,20180426,1443,80300,428
712,20180426,1444,80400,45
713,20180426,1445,80400,163
714,20180426,1446,80500,67
715,20180426,1447,80500,141
716,20180426,1448,80500,328
717,20180426,1449,80500,168
718,20180426,1450,80600,100
719,20180426,1451,80500,736
720,20180426,1452,80500,201
721,20180426,1453,80300,460
722,20180426,1454,80400,50
723,20180426,1455,80400,113
724,20180426,1456,80300,26
725,20180426,1457,80300,61
726,20180426,1458,80400,99
727,20180426,1459,80400,91
728,20180426,1500,80400,152
729,20180426,1501,80400,103
730,20180426,1502,80400,473
731,20180426,1503,80200,210
732,20180426,1504,80100,607
733,20180426,1505,80000,24
734,20180426,1506,80100,179
735,20180426,1507,80100,169
736,20180426,1508,80100,243
737,20180426,1509,80100,103
738,20180426,1510,80100,265
739,20180426,1511,80100,21
740,20180426,1512,80200,116
741,20180426,1513,80200,104
742,20180426,1514,80200,132
743,20180426,1515,80200,1294
744,20180426,1516,80000,44
745,20180426,1517,80100,114
746,20180426,1518,80000,205
747,20180426,1519,80100,173
748,20180426,1520,80100,345
749,20180426,1530,80300,4859
750,20180427,901,80700,2808
751,20180427,902,80800,746
752,20180427,903,81000,109
753,20180427,904,81000,2789
754,20180427,905,80400,44
755,20180427,906,80500,85
756,20180427,907,80700,209
757,20180427,908,80700,454
758,20180427,909,80700,277
759,20180427,910,80800,712
760,20180427,911,81000,349
761,20180427,912,81000,416
762,20180427,913,81100,644
763,20180427,914,80900,724
764,20180427,915,81000,206
765,20180427,916,81000,455
766,20180427,917,81000,206
767,20180427,918,81100,2165
768,20180427,919,80700,1274
769,20180427,920,80600,331
770,20180427,921,80600,386
771,20180427,922,80500,819
772,20180427,923,80300,335
773,20180427,924,80300,86
774,20180427,925,80400,98
775,20180427,926,80600,85
776,20180427,927,80500,310
777,20180427,928,80700,430
778,20180427,929,80700,170
779,20180427,930,80600,26
780,20180427,931,80600,206
781,20180427,932,80600,722
782,20180427,933,80400,768
783,20180427,934,80300,722
784,20180427,935,80200,98
785,20180427,936,80300,424
786,20180427,937,80400,44
787,20180427,938,80600,338
788,20180427,941,80500,1133
789,20180427,942,80200,19
790,20180427,943,80300,529
791,20180427,944,80100,165
792,20180427,945,80200,3
793,20180427,946,80200,301
794,20180427,947,80200,17
795,20180427,948,80200,89
796,20180427,949,80200,195
797,20180427,950,80100,596
798,20180427,951,80200,2307
799,20180427,952,79900,287
800,20180427,953,79900,331
801,20180427,954,79800,92
802,20180427,955,79900,105
803,20180427,956,80000,56
804,20180427,957,80300,30
805,20180427,958,80000,571
806,20180427,959,79800,252
807,20180427,1000,79900,184
808,20180427,1001,79800,230
809,20180427,1002,80000,418
810,20180427,1003,80100,185
811,20180427,1004,79900,368
812,20180427,1005,79900,72
813,20180427,1006,79900,1336
814,20180427,1008,79900,293
815,20180427,1009,79900,17
816,20180427,1010,79800,332
817,20180427,1011,79900,125
818,20180427,1012,79900,14
819,20180427,1013,79900,269
820,20180427,1014,80000,215
821,20180427,1015,80000,86
822,20180427,1017,80000,138
823,20180427,1018,80000,76
824,20180427,1019,80000,37
825,20180427,1020,80000,447
826,20180427,1022,80200,1
827,20180427,1023,80200,33
828,20180427,1024,80100,723
829,20180427,1025,79900,293
830,20180427,1026,79900,132
831,20180427,1027,79800,1384
832,20180427,1028,79800,5
833,20180427,1029,79800,115
834,20180427,1030,79900,1
835,20180427,1031,79900,92
836,20180427,1033,79900,487
837,20180427,1034,79900,777
838,20180427,1035,79700,104
839,20180427,1036,79800,850
840,20180427,1037,79900,244
841,20180427,1038,79800,152
842,20180427,1039,79800,329
843,20180427,1040,79800,12
844,20180427,1041,79800,482
845,20180427,1042,79800,13
846,20180427,1043,79800,2
847,20180427,1044,79700,394
848,20180427,1045,79700,1262
849,20180427,1046,79700,5
850,20180427,1047,79800,100
851,20180427,1048,79700,400
852,20180427,1049,79800,114
853,20180427,1050,79600,442
854,20180427,1051,79900,81
855,20180427,1052,79900,53
856,20180427,1053,79900,108
857,20180427,1054,79900,488
858,20180427,1055,79900,27
859,20180427,1056,79800,338
860,20180427,1057,79900,101
861,20180427,1058,79900,67
862,20180427,1059,79900,306
863,20180427,1100,79900,36
864,20180427,1101,79900,80
865,20180427,1102,80000,76
866,20180427,1103,79900,55
867,20180427,1104,79900,216
868,20180427,1105,79900,1
869,20180427,1106,79900,387
870,20180427,1107,79800,477
871,20180427,1108,80000,10
872,20180427,1109,80100,859
873,20180427,1110,80300,414
874,20180427,1111,80300,830
875,20180427,1112,80300,269
876,20180427,1113,80200,2
877,20180427,1114,80300,517
878,20180427,1115,80300,39
879,20180427,1116,80300,21
880,20180427,1117,80300,69
881,20180427,1118,80200,2
882,20180427,1119,80200,5
883,20180427,1120,80300,288
884,20180427,1121,80200,7
885,20180427,1122,80300,8
886,20180427,1123,80200,26
887,20180427,1124,80200,401
888,20180427,1125,80200,3
889,20180427,1126,80200,23
890,20180427,1127,80200,4
891,20180427,1128,80200,543
892,20180427,1129,80100,2
893,20180427,1130,80100,226
894,20180427,1131,80100,103
895,20180427,1132,80100,2
896,20180427,1133,80100,6
897,20180427,1134,80100,17
898,20180427,1135,80100,3
899,20180427,1136,80100,157
900,20180427,1137,80100,389
901,20180427,1138,80100,6
902,20180427,1139,80100,267
903,20180427,1140,80000,4
904,20180427,1141,80000,668
905,20180427,1142,79900,500
906,20180427,1143,79900,225
907,20180427,1144,79900,1229
908,20180427,1145,79900,26
909,20180427,1146,80000,38
910,20180427,1147,79900,101
911,20180427,1148,80000,339
912,20180427,1149,80000,70
913,20180427,1150,80100,8
914,20180427,1151,80000,11
915,20180427,1152,80000,14
916,20180427,1153,80000,2
917,20180427,1154,80000,22
918,20180427,1155,80100,19
919,20180427,1156,80000,619
920,20180427,1157,80000,65
921,20180427,1158,80200,8
922,20180427,1159,80100,6
923,20180427,1200,80100,6
924,20180427,1201,80100,3
925,20180427,1202,80100,8
926,20180427,1203,80200,5
927,20180427,1204,80100,3
928,20180427,1205,80100,3
929,20180427,1206,80100,2
930,20180427,1207,80100,34
931,20180427,1208,80100,50
932,20180427,1209,80100,612
933,20180427,1210,80000,236
934,20180427,1211,79900,103
935,20180427,1212,79900,218
936,20180427,1213,79900,4
937,20180427,1214,79900,1
938,20180427,1215,79900,490
939,20180427,1216,79800,3
940,20180427,1217,79800,1307
941,20180427,1218,80100,55
942,20180427,1219,80100,2
943,20180427,1220,80200,127
944,20180427,1221,80000,193
945,20180427,1222,79900,95
946,20180427,1223,80000,4
947,20180427,1224,79900,61
948,20180427,1225,79900,63
949,20180427,1226,79900,6
950,20180427,1227,79900,5
951,20180427,1228,79900,4
952,20180427,1229,79900,3
953,20180427,1230,79900,8
954,20180427,1231,80000,724
955,20180427,1232,80000,71
956,20180427,1233,79900,327
957,20180427,1234,80000,5
958,20180427,1235,80000,2
959,20180427,1236,80000,261
960,20180427,1237,80000,3
961,20180427,1238,79900,13
962,20180427,1239,79900,39
963,20180427,1240,79900,3
964,20180427,1241,80000,27
965,20180427,1242,79900,216
966,20180427,1243,80000,3
967,20180427,1244,80000,134
968,20180427,1245,80000,28
969,20180427,1246,79900,3
970,20180427,1247,79900,46
971,20180427,1248,79900,610
972,20180427,1249,80000,3
973,20180427,1250,80000,4
974,20180427,1251,80100,14
975,20180427,1252,80000,43
976,20180427,1253,80000,411
977,20180427,1254,79900,598
978,20180427,1255,79900,6
979,20180427,1256,79900,1
980,20180427,1257,79900,7
981,20180427,1258,80000,641
982,20180427,1259,80000,71
983,20180427,1300,79900,4
984,20180427,1301,80000,493
985,20180427,1302,80100,3
986,20180427,1303,80000,5
987,20180427,1304,80000,4
988,20180427,1305,80000,4
989,20180427,1306,80000,2
990,20180427,1307,80000,3
991,20180427,1308,80000,703
992,20180427,1309,79900,1539
993,20180427,1310,79900,3
994,20180427,1311,79900,3
995,20180427,1312,79900,5
996,20180427,1313,79900,22
997,20180427,1314,79900,202
998,20180427,1315,79900,2
999,20180427,1316,79900,606
1000,20180427,1317,80000,5
1001,20180427,1318,80000,5
1002,20180427,1319,80000,99
1003,20180427,1320,80000,7
1004,20180427,1321,80000,128
1005,20180427,1322,80000,213
1006,20180427,1323,80000,12
1007,20180427,1324,79900,25
1008,20180427,1325,80000,564
1009,20180427,1326,80000,33
1010,20180427,1327,79900,5
1011,20180427,1328,80000,6
1012,20180427,1329,79900,782
1013,20180427,1330,80000,4
1014,20180427,1331,80000,60
1015,20180427,1332,79900,6
1016,20180427,1333,79900,4
1017,20180427,1334,79900,4
1018,20180427,1335,79900,3
1019,20180427,1336,79900,491
1020,20180427,1337,80000,5
1021,20180427,1338,80000,4
1022,20180427,1339,80000,139
1023,20180427,1340,79900,7
1024,20180427,1341,79900,67
1025,20180427,1342,79900,6
1026,20180427,1343,80000,514
1027,20180427,1344,80000,4
1028,20180427,1345,80000,158
1029,20180427,1346,80000,12
1030,20180427,1347,79900,9
1031,20180427,1348,80000,88
1032,20180427,1349,79900,2
1033,20180427,1350,79900,5
1034,20180427,1351,80000,427
1035,20180427,1352,80000,4
1036,20180427,1353,80000,4
1037,20180427,1354,80000,346
1038,20180427,1355,80000,158
1039,20180427,1356,80100,8
1040,20180427,1357,80100,210
1041,20180427,1358,80100,7
1042,20180427,1359,80100,27
1043,20180427,1400,80100,22
1044,20180427,1401,80000,9
1045,20180427,1402,80000,3
1046,20180427,1403,80000,6
1047,20180427,1404,80000,49
1048,20180427,1405,80000,469
1049,20180427,1406,80000,12
1050,20180427,1407,80100,361
1051,20180427,1408,80000,4
1052,20180427,1409,80000,9
1053,20180427,1410,80100,1
1054,20180427,1411,80000,10
1055,20180427,1412,80000,10
1056,20180427,1413,80000,9
1057,20180427,1414,80100,41
1058,20180427,1415,80000,7
1059,20180427,1416,80000,22
1060,20180427,1417,80000,79
1061,20180427,1418,80000,14
1062,20180427,1419,80000,11
1063,20180427,1420,80000,8
1064,20180427,1421,80000,5
1065,20180427,1422,80000,14
1066,20180427,1423,80100,22
1067,20180427,1424,80000,1686
1068,20180427,1425,80000,265
1069,20180427,1426,79900,9
1070,20180427,1427,79900,15
1071,20180427,1428,79900,14
1072,20180427,1429,80000,110
1073,20180427,1430,79900,12
1074,20180427,1431,79900,72
1075,20180427,1432,79900,106
1076,20180427,1433,79900,16
1077,20180427,1434,79900,9
1078,20180427,1435,79900,1810
1079,20180427,1436,80400,356
1080,20180427,1437,80300,41
1081,20180427,1438,80200,11
1082,20180427,1439,80200,117
1083,20180427,1440,80200,27
1084,20180427,1441,80200,46
1085,20180427,1442,80200,28
1086,20180427,1443,80200,159
1087,20180427,1444,80200,9
1088,20180427,1445,80200,34
1089,20180427,1446,80200,675
1090,20180427,1447,80100,298
1091,20180427,1448,80000,13
1092,20180427,1449,80000,906
1093,20180427,1450,79900,86
1094,20180427,1451,79900,22
1095,20180427,1452,79900,32
1096,20180427,1453,80000,42
1097,20180427,1454,80000,1283
1098,20180427,1455,80000,297
1099,20180427,1456,80100,99
1100,20180427,1457,80000,430
1101,20180427,1458,80100,475
1102,20180427,1459,80100,305
1103,20180427,1500,80100,545
1104,20180427,1501,80000,80
1105,20180427,1502,80000,6
1106,20180427,1503,80000,178
1107,20180427,1504,80000,596
1108,20180427,1505,80100,10
1109,20180427,1506,80200,3
1110,20180427,1507,80100,31
1111,20180427,1508,80200,1114
1112,20180427,1509,80000,113
1113,20180427,1510,80000,1038
1114,20180427,1511,80000,69
1115,20180427,1512,80000,79
1116,20180427,1513,80100,586
1117,20180427,1514,80000,385
1118,20180427,1515,80000,9
1119,20180427,1516,80000,126
1120,20180427,1517,80000,4
1121,20180427,1518,80000,947
1122,20180427,1519,80100,10
1123,20180427,1520,80200,363
1124,20180427,1530,80200,3801
0,20180430,901,80200,867
1,20180430,902,80300,307
2,20180430,903,80000,66
3,20180430,904,79900,168
4,20180430,905,80000,352
5,20180430,906,80000,269
6,20180430,907,79900,312
7,20180430,908,79600,158
8,20180430,909,79700,85
9,20180430,910,79700,6
10,20180430,911,79700,131
11,20180430,912,79600,686
12,20180430,913,79400,845
13,20180430,914,79100,280
14,20180430,915,79100,848
15,20180430,916,78700,486
16,20180430,917,79000,33
17,20180430,918,79000,216
18,20180430,919,79000,30
19,20180430,920,79100,446
20,20180430,921,79000,197
21,20180430,922,79100,444
22,20180430,923,78800,465
23,20180430,924,78700,67
24,20180430,925,78700,418
25,20180430,926,78600,331
26,20180430,927,78600,166
27,20180430,928,78700,42
28,20180430,929,78600,2596
29,20180430,930,78500,74
30,20180430,931,78500,655
31,20180430,932,78600,790
32,20180430,933,78500,492
33,20180430,934,78600,395
34,20180430,935,78700,806
35,20180430,936,78600,315
36,20180430,937,78600,412
37,20180430,938,78600,33
38,20180430,939,78600,83
39,20180430,940,78600,178
40,20180430,941,78700,329
41,20180430,942,78600,2365
42,20180430,943,78300,251
43,20180430,944,78400,33
44,20180430,945,78400,90
45,20180430,946,78400,12
46,20180430,947,78300,787
47,20180430,948,78300,555
48,20180430,949,78300,49
49,20180430,950,78300,65
50,20180430,951,78300,223
51,20180430,952,78300,821
52,20180430,953,78300,55
53,20180430,954,78400,213
54,20180430,955,78300,19
55,20180430,956,78400,1
56,20180430,957,78400,7
57,20180430,958,78300,228
58,20180430,959,78400,19
59,20180430,1000,78300,184
60,20180430,1001,78300,33
61,20180430,1002,78300,377
62,20180430,1003,78400,231
63,20180430,1004,78400,52
64,20180430,1005,78300,136
65,20180430,1006,78400,11
66,20180430,1007,78400,159
67,20180430,1008,78400,108
68,20180430,1009,78300,4700
69,20180430,1010,78200,510
70,20180430,1011,78200,113
71,20180430,1012,78200,349
72,20180430,1013,78200,716
73,20180430,1014,78200,21
74,20180430,1015,78200,267
75,20180430,1016,78100,295
76,20180430,1017,78200,197
77,20180430,1018,78200,796
78,20180430,1019,78100,66
79,20180430,1020,78000,76
80,20180430,1021,78000,1799
81,20180430,1022,77900,365
82,20180430,1023,77900,39
83,20180430,1024,77900,221
84,20180430,1025,77800,123
85,20180430,1026,77900,11
86,20180430,1027,77800,31
87,20180430,1028,77900,40
88,20180430,1029,77900,187
89,20180430,1030,78000,13
90,20180430,1031,78000,185
91,20180430,1032,77900,207
92,20180430,1033,78000,102
93,20180430,1034,78100,122
94,20180430,1035,78100,58
95,20180430,1036,78100,10
96,20180430,1037,78100,183
97,20180430,1038,78200,2
98,20180430,1039,78200,27
99,20180430,1040,78200,102
100,20180430,1041,78100,258
101,20180430,1042,78000,14
102,20180430,1043,78000,24
103,20180430,1044,78100,128
104,20180430,1045,78100,99
105,20180430,1046,78000,226
106,20180430,1047,78100,20
107,20180430,1048,78100,21
108,20180430,1049,78100,41
109,20180430,1050,78100,15
110,20180430,1051,78000,134
111,20180430,1052,78100,42
112,20180430,1053,78100,34
113,20180430,1054,78100,113
114,20180430,1055,78100,45
115,20180430,1056,78000,62
116,20180430,1057,78000,274
117,20180430,1058,78100,401
118,20180430,1059,78100,175
119,20180430,1100,78100,36
120,20180430,1101,78100,68
121,20180430,1102,78200,117
122,20180430,1103,78100,26
123,20180430,1104,78200,413
124,20180430,1105,78300,6
125,20180430,1106,78200,9
126,20180430,1107,78200,20
127,20180430,1108,78300,20
128,20180430,1109,78200,22
129,20180430,1110,78200,5
130,20180430,1111,78200,30
131,20180430,1112,78300,6
132,20180430,1113,78200,27
133,20180430,1114,78300,27
134,20180430,1115,78200,610
135,20180430,1116,78400,20
136,20180430,1117,78300,22
137,20180430,1118,78400,20
138,20180430,1119,78300,6
139,20180430,1120,78400,25
140,20180430,1121,78300,15
141,20180430,1122,78300,73
142,20180430,1123,78300,14
143,20180430,1124,78400,85
144,20180430,1125,78400,16
145,20180430,1126,78400,36
146,20180430,1127,78400,12
147,20180430,1128,78400,109
148,20180430,1129,78300,106
149,20180430,1130,78300,81
150,20180430,1131,78300,33
151,20180430,1132,78400,51
152,20180430,1133,78400,22
153,20180430,1134,78300,39
154,20180430,1135,78400,62
155,20180430,1136,78400,37
156,20180430,1137,78400,22
157,20180430,1138,78400,42
158,20180430,1139,78400,18
159,20180430,1140,78400,26
160,20180430,1141,78400,23
161,20180430,1142,78300,76
162,20180430,1143,78300,50
163,20180430,1144,78300,60
164,20180430,1145,78300,148
165,20180430,1146,78300,42
166,20180430,1147,78300,49
167,20180430,1148,78300,185
168,20180430,1149,78400,43
169,20180430,1150,78300,233
170,20180430,1151,78400,6
171,20180430,1152,78300,251
172,20180430,1153,78300,321
173,20180430,1154,78300,613
174,20180430,1155,78300,30
175,20180430,1156,78300,54
176,20180430,1157,78300,89
177,20180430,1158,78300,23
178,20180430,1159,78300,66
179,20180430,1200,78300,15
180,20180430,1201,78300,29
181,20180430,1202,78300,32
182,20180430,1203,78200,27
183,20180430,1204,78300,106
184,20180430,1205,78200,15
185,20180430,1206,78300,802
186,20180430,1207,78200,46
187,20180430,1208,78200,7
188,20180430,1209,78100,416
189,20180430,1210,78100,195
190,20180430,1211,78100,620
191,20180430,1212,78100,10
192,20180430,1213,78100,31
193,20180430,1214,78200,9
194,20180430,1215,78100,67
195,20180430,1216,78200,67
196,20180430,1217,78200,19
197,20180430,1218,78200,25
198,20180430,1219,78100,60
199,20180430,1220,78100,6
200,20180430,1221,78100,24
201,20180430,1222,78100,208
202,20180430,1223,78000,178
203,20180430,1224,78100,16
204,20180430,1225,78000,35
205,20180430,1226,78100,6
206,20180430,1227,78000,32
207,20180430,1228,78000,86
208,20180430,1229,78000,45
209,20180430,1230,78100,23
210,20180430,1231,78000,79
211,20180430,1232,78000,408
212,20180430,1233,78100,17
213,20180430,1234,78100,134
214,20180430,1235,78100,2
215,20180430,1236,78000,47
216,20180430,1237,78100,13
217,20180430,1238,78100,25
218,20180430,1239,78000,419
219,20180430,1240,78000,373
220,20180430,1241,78000,396
221,20180430,1242,78000,510
222,20180430,1243,77900,51
223,20180430,1244,77900,26
224,20180430,1245,77900,1225
225,20180430,1246,77900,520
226,20180430,1247,77800,45
227,20180430,1248,77900,51
228,20180430,1249,77900,34
229,20180430,1250,77800,376
230,20180430,1251,77800,1067
231,20180430,1252,77800,45
232,20180430,1253,77800,42
233,20180430,1254,77800,24
234,20180430,1255,77700,49
235,20180430,1256,77700,87
236,20180430,1257,77700,18
237,20180430,1258,77800,19
238,20180430,1259,77800,331
239,20180430,1300,77700,85
240,20180430,1301,77700,11
241,20180430,1302,77800,467
242,20180430,1303,77800,8
243,20180430,1304,77800,23
244,20180430,1305,77800,13
245,20180430,1306,77900,359
246,20180430,1307,77800,97
247,20180430,1308,77800,16
248,20180430,1309,77800,209
249,20180430,1310,77800,125
250,20180430,1311,77700,96
251,20180430,1312,77800,121
252,20180430,1313,77900,251
253,20180430,1314,77800,22
254,20180430,1315,77700,636
255,20180430,1316,77700,29
256,20180430,1317,77800,51
257,20180430,1318,77800,97
258,20180430,1319,77700,214
259,20180430,1320,77800,30
260,20180430,1321,77700,341
261,20180430,1322,77800,425
262,20180430,1323,77700,27
263,20180430,1324,77700,114
264,20180430,1325,77700,294
265,20180430,1326,77700,142
266,20180430,1327,77800,527
267,20180430,1328,77700,38
268,20180430,1329,77800,260
269,20180430,1330,77800,138
270,20180430,1331,77800,56
271,20180430,1332,77800,32
272,20180430,1333,77800,51
273,20180430,1334,77800,19
274,20180430,1335,77700,623
275,20180430,1336,77700,7
276,20180430,1337,77700,29
277,20180430,1338,77700,52
278,20180430,1339,77800,540
279,20180430,1340,77700,23
280,20180430,1341,77700,43
281,20180430,1342,77700,551
282,20180430,1343,77700,476
283,20180430,1344,77700,58
284,20180430,1345,77600,16
285,20180430,1346,77600,8
286,20180430,1347,77600,59
287,20180430,1348,77600,68
288,20180430,1349,77600,28
289,20180430,1350,77600,22
290,20180430,1351,77600,96
291,20180430,1352,77600,47
292,20180430,1353,77600,557
293,20180430,1354,77600,271
294,20180430,1355,77600,3292
295,20180430,1356,77600,25
296,20180430,1357,77600,25
297,20180430,1358,77600,402
298,20180430,1359,77500,36
299,20180430,1400,77600,61
300,20180430,1401,77600,20
301,20180430,1402,77500,356
302,20180430,1403,77600,175
303,20180430,1404,77500,536
304,20180430,1405,77600,182
305,20180430,1406,77500,1716
306,20180430,1407,77900,96
307,20180430,1408,77900,183
308,20180430,1409,77900,1259
309,20180430,1410,77900,92
310,20180430,1411,77900,151
311,20180430,1412,78000,342
312,20180430,1413,77900,84
313,20180430,1414,77800,170
314,20180430,1415,77800,91
315,20180430,1416,77800,94
316,20180430,1417,77800,83
317,20180430,1418,77700,89
318,20180430,1419,77700,83
319,20180430,1420,77700,102
320,20180430,1421,77700,342
321,20180430,1422,77800,147
322,20180430,1423,77800,150
323,20180430,1424,78100,261
324,20180430,1425,78000,123
325,20180430,1426,78000,109
326,20180430,1427,78000,51
327,20180430,1428,77900,98
328,20180430,1429,77900,74
329,20180430,1430,77900,97
330,20180430,1431,77800,105
331,20180430,1432,77900,105
332,20180430,1433,77800,179
333,20180430,1434,77800,416
334,20180430,1435,77900,84
335,20180430,1436,77800,75
336,20180430,1437,77800,96
337,20180430,1438,77800,119
338,20180430,1439,77800,113
339,20180430,1440,77800,207
340,20180430,1441,77900,137
341,20180430,1442,78000,83
342,20180430,1443,78000,105
343,20180430,1444,77900,81
344,20180430,1445,77800,75
345,20180430,1446,77900,184
346,20180430,1447,77800,314
347,20180430,1448,77700,285
348,20180430,1449,77700,88
349,20180430,1450,77700,80
350,20180430,1451,77800,190
351,20180430,1452,77900,87
352,20180430,1453,77800,83
353,20180430,1454,77800,187
354,20180430,1455,77700,154
355,20180430,1456,77700,84
356,20180430,1457,77700,88
357,20180430,1458,77700,94
358,20180430,1459,77800,104
359,20180430,1500,77700,141
360,20180430,1501,77700,54
361,20180430,1502,77700,43
362,20180430,1503,77700,591
363,20180430,1504,77800,44
364,20180430,1505,77800,349
365,20180430,1506,77800,287
366,20180430,1507,77700,11
367,20180430,1508,77800,337
368,20180430,1509,77800,440
369,20180430,1510,77900,5
370,20180430,1511,77900,20
371,20180430,1512,77800,385
372,20180430,1513,77900,101
373,20180430,1514,78000,92
374,20180430,1515,77900,214
375,20180430,1516,77700,420
376,20180430,1517,77800,137
377,20180430,1518,77900,13
378,20180430,1519,77900,23
379,20180430,1520,77900,209
380,20180430,1530,77800,3058
0,20180502,901,76700,1851
1,20180502,902,76600,604
2,20180502,903,76300,349
3,20180502,904,76400,1756
4,20180502,905,75800,2280
5,20180502,906,75800,1124
6,20180502,907,75600,772
7,20180502,908,75500,521
8,20180502,909,75400,3817
9,20180502,910,75600,802
10,20180502,911,75900,840
11,20180502,912,76000,1120
12,20180502,913,76100,682
13,20180502,914,75800,108
14,20180502,915,75800,236
15,20180502,916,75700,3990
16,20180502,917,76400,55
17,20180502,918,76600,333
18,20180502,919,76800,394
19,20180502,920,76600,546
20,20180502,921,76500,66
21,20180502,922,76500,376
22,20180502,923,76400,186
23,20180502,924,76200,677
24,20180502,925,76000,758
25,20180502,926,75900,162
26,20180502,927,76200,478
27,20180502,928,76600,117
28,20180502,929,76300,823
29,20180502,930,76400,44
30,20180502,931,76500,577
31,20180502,932,76500,658
32,20180502,933,76200,132
33,20180502,934,76200,1085
34,20180502,935,76100,42
35,20180502,936,76100,1943
36,20180502,937,76000,339
37,20180502,938,76100,1096
38,20180502,939,76100,73
39,20180502,940,76000,533
40,20180502,941,75900,926
41,20180502,942,75700,99
42,20180502,943,75700,3
43,20180502,944,75800,776
44,20180502,945,75900,44
45,20180502,946,75900,758
46,20180502,947,75700,113
47,20180502,948,75800,1142
48,20180502,949,75900,48
49,20180502,950,75900,85
50,20180502,951,75900,44
51,20180502,952,75800,883
52,20180502,953,75800,73
53,20180502,954,75800,144
54,20180502,955,75700,935
55,20180502,956,75900,23
56,20180502,957,75900,11
57,20180502,958,76000,1876
58,20180502,959,76200,111
59,20180502,1000,76200,886
60,20180502,1001,76400,1094
61,20180502,1002,76600,1213
62,20180502,1003,76800,646
63,20180502,1004,76800,261
64,20180502,1005,76900,38
65,20180502,1006,76800,423
66,20180502,1007,76900,436
67,20180502,1008,76700,426
68,20180502,1009,77000,912
69,20180502,1010,76900,17
70,20180502,1011,76900,486
71,20180502,1012,77000,929
72,20180502,1013,77100,248
73,20180502,1014,77100,97
74,20180502,1015,77200,2333
75,20180502,1016,77500,279
76,20180502,1017,77600,665
77,20180502,1018,77700,1413
78,20180502,1019,77600,150
79,20180502,1020,77600,29
80,20180502,1021,77700,39
81,20180502,1022,77700,515
82,20180502,1023,77800,82
83,20180502,1024,77700,118
84,20180502,1025,77800,758
85,20180502,1026,77600,496
86,20180502,1027,77800,221
87,20180502,1028,77700,109
88,20180502,1029,77700,73
89,20180502,1030,77700,178
90,20180502,1031,77600,82
91,20180502,1032,77600,699
92,20180502,1033,77500,66
93,20180502,1034,77500,100
94,20180502,1035,77500,47
95,20180502,1036,77500,12
96,20180502,1037,77500,43
97,20180502,1038,77600,609
98,20180502,1039,77700,3
99,20180502,1040,77700,130
100,20180502,1041,77800,157
101,20180502,1042,77600,4
102,20180502,1043,77600,202
103,20180502,1044,77700,26
104,20180502,1045,77700,1458
105,20180502,1046,78100,313
106,20180502,1047,78200,34
107,20180502,1048,78100,357
108,20180502,1049,78000,1799
109,20180502,1050,78500,1305
110,20180502,1051,78700,753
111,20180502,1052,79000,780
112,20180502,1053,78600,505
113,20180502,1054,78800,100
114,20180502,1055,78900,250
115,20180502,1056,78700,53
116,20180502,1057,78700,680
117,20180502,1058,78700,115
118,20180502,1059,78700,3405
119,20180502,1100,78300,42
120,20180502,1101,78400,163
121,20180502,1102,78300,328
122,20180502,1103,78200,126
123,20180502,1104,78200,1884
124,20180502,1105,77700,205
125,20180502,1106,77700,1486
126,20180502,1107,78000,66
127,20180502,1108,78000,270
128,20180502,1109,78000,62
129,20180502,1110,78100,209
130,20180502,1111,78000,169
131,20180502,1112,77800,2
132,20180502,1113,77800,50
133,20180502,1114,77900,66
134,20180502,1115,77900,144
135,20180502,1116,77900,386
136,20180502,1117,77800,109
137,20180502,1118,77800,319
138,20180502,1119,77800,58
139,20180502,1120,77800,5
140,20180502,1121,77800,83
141,20180502,1122,77700,27
142,20180502,1123,77700,150
143,20180502,1124,77700,39
144,20180502,1125,77700,228
145,20180502,1126,77800,96
146,20180502,1127,77800,783
147,20180502,1128,77900,92
148,20180502,1129,77900,68
149,20180502,1130,77900,315
150,20180502,1131,77800,42
151,20180502,1132,77900,347
152,20180502,1133,77800,233
153,20180502,1134,77800,63
154,20180502,1135,77700,91
155,20180502,1136,77800,682
156,20180502,1137,77800,62
157,20180502,1138,77700,3
158,20180502,1139,77700,119
159,20180502,1140,77800,324
160,20180502,1141,77800,107
161,20180502,1142,77800,22
162,20180502,1143,77800,87
163,20180502,1144,77800,35
164,20180502,1145,77900,141
165,20180502,1146,77900,39
166,20180502,1147,77900,14
167,20180502,1148,78000,57
168,20180502,1149,78000,806
169,20180502,1150,77900,125
170,20180502,1151,77900,9
171,20180502,1152,77900,93
172,20180502,1153,77900,163
173,20180502,1154,77800,319
174,20180502,1155,77900,55
175,20180502,1156,77900,1
176,20180502,1157,77800,2
177,20180502,1158,77900,615
178,20180502,1159,77800,66
179,20180502,1200,77800,122
180,20180502,1201,77700,2
181,20180502,1202,77800,4
182,20180502,1203,77800,142
183,20180502,1205,77700,29
184,20180502,1206,77800,182
185,20180502,1207,77700,15
186,20180502,1208,77800,75
187,20180502,1209,77800,537
188,20180502,1210,77800,73
189,20180502,1211,77900,57
190,20180502,1212,77900,42
191,20180502,1213,77800,2
192,20180502,1214,77900,91
193,20180502,1215,77800,50
194,20180502,1216,77800,439
195,20180502,1218,77800,15
196,20180502,1219,77700,9
197,20180502,1220,77700,68
198,20180502,1221,77800,56
199,20180502,1222,77800,76
200,20180502,1223,77700,65
201,20180502,1224,77800,67
202,20180502,1225,77800,15
203,20180502,1226,77800,3
204,20180502,1227,77700,75
205,20180502,1228,77700,702
206,20180502,1229,77700,180
207,20180502,1230,77700,12
208,20180502,1231,77700,163
209,20180502,1232,77700,160
210,20180502,1233,77600,1181
211,20180502,1234,77600,62
212,20180502,1235,77600,38
213,20180502,1236,77500,131
214,20180502,1237,77500,1657
215,20180502,1238,77300,41
216,20180502,1239,77300,147
217,20180502,1240,77300,120
218,20180502,1241,77300,403
219,20180502,1242,77300,161
220,20180502,1243,77300,232
221,20180502,1244,77400,187
222,20180502,1245,77400,12
223,20180502,1246,77500,4
224,20180502,1247,77500,64
225,20180502,1248,77400,5
226,20180502,1249,77500,278
227,20180502,1250,77500,24
228,20180502,1251,77500,48
229,20180502,1252,77600,298
230,20180502,1254,77700,36
231,20180502,1255,77700,14
232,20180502,1256,77700,258
233,20180502,1258,77600,24
234,20180502,1259,77700,56
235,20180502,1300,77700,1
236,20180502,1301,77700,58
237,20180502,1303,77600,669
238,20180502,1304,77500,250
239,20180502,1305,77400,334
240,20180502,1306,77400,59
241,20180502,1308,77300,134
242,20180502,1309,77400,25
243,20180502,1310,77400,11
244,20180502,1311,77300,15
245,20180502,1312,77400,155
246,20180502,1313,77400,136
247,20180502,1314,77300,3
248,20180502,1315,77300,470
249,20180502,1316,77400,92
250,20180502,1317,77400,70
251,20180502,1318,77400,57
252,20180502,1320,77400,14
253,20180502,1321,77400,14
254,20180502,1322,77400,65
255,20180502,1323,77300,560
256,20180502,1324,77300,35
257,20180502,1325,77300,46
258,20180502,1326,77300,485
259,20180502,1327,77200,492
260,20180502,1328,77100,587
261,20180502,1329,77100,123
262,20180502,1330,77100,131
263,20180502,1331,77100,41
264,20180502,1332,77100,67
265,20180502,1333,77000,28
266,20180502,1335,77000,1367
267,20180502,1336,76900,910
268,20180502,1337,76800,202
269,20180502,1338,76800,97
270,20180502,1339,76800,100
271,20180502,1340,76900,103
272,20180502,1341,76900,2
273,20180502,1342,76900,62
274,20180502,1343,76900,9
275,20180502,1344,76800,1
276,20180502,1345,76800,29
277,20180502,1346,76900,193
278,20180502,1347,76800,3
279,20180502,1348,76800,402
280,20180502,1349,76800,82
281,20180502,1350,76700,19
282,20180502,1351,76700,66
283,20180502,1352,76800,304
284,20180502,1353,76700,262
285,20180502,1354,76700,1
286,20180502,1355,76700,380
287,20180502,1356,76800,678
288,20180502,1357,76800,5
289,20180502,1358,76800,80
290,20180502,1359,76800,586
291,20180502,1400,76900,122
292,20180502,1401,77000,112
293,20180502,1402,76900,3
294,20180502,1403,77000,86
295,20180502,1404,77000,23
296,20180502,1405,77000,12
297,20180502,1406,77000,13
298,20180502,1407,77000,792
299,20180502,1408,76900,1
300,20180502,1409,76800,35
301,20180502,1410,76800,1347
302,20180502,1411,77000,289
303,20180502,1412,77000,3
304,20180502,1413,77000,136
305,20180502,1414,76900,443
306,20180502,1415,76800,80
307,20180502,1416,76800,116
308,20180502,1417,76900,181
309,20180502,1418,76900,2
310,20180502,1419,76800,20
311,20180502,1420,76900,69
312,20180502,1421,76900,15
313,20180502,1422,76900,47
314,20180502,1423,76900,7
315,20180502,1424,76900,78
316,20180502,1425,76800,628
317,20180502,1426,76600,172
318,20180502,1427,76600,409
319,20180502,1428,76700,65
320,20180502,1429,76700,2
321,20180502,1430,76700,8
322,20180502,1431,76700,9
323,20180502,1432,76700,12
324,20180502,1433,76700,3
325,20180502,1434,76600,9
326,20180502,1435,76600,16
327,20180502,1436,76700,24
328,20180502,1437,76700,192
329,20180502,1438,76600,97
330,20180502,1439,76600,30
331,20180502,1440,76600,442
332,20180502,1441,76500,1079
333,20180502,1442,76300,494
334,20180502,1443,76300,1029
335,20180502,1444,76600,63
336,20180502,1445,76600,250
337,20180502,1446,76600,84
338,20180502,1447,76800,74
339,20180502,1448,76700,158
340,20180502,1449,76500,634
341,20180502,1450,76600,115
342,20180502,1451,76700,267
343,20180502,1452,76500,10
344,20180502,1453,76600,22
345,20180502,1454,76500,69
346,20180502,1455,76500,53
347,20180502,1456,76600,218
348,20180502,1457,76400,4
349,20180502,1458,76500,60
350,20180502,1459,76500,148
351,20180502,1500,76300,545
352,20180502,1501,76300,463
353,20180502,1502,76200,202
354,20180502,1503,76200,956
355,20180502,1504,76400,123
356,20180502,1505,76400,123
357,20180502,1506,76400,355
358,20180502,1507,76400,155
359,20180502,1508,76400,76
360,20180502,1509,76400,361
361,20180502,1510,76400,17
362,20180502,1511,76400,265
363,20180502,1512,76500,25
364,20180502,1513,76500,378
365,20180502,1514,76400,239
366,20180502,1515,76400,502
367,20180502,1516,76300,20
368,20180502,1517,76400,134
369,20180502,1518,76300,208
370,20180502,1519,76400,211
371,20180502,1520,76400,1036
372,20180502,1530,76600,6373
0,20180503,901,77000,451
1,20180503,902,77500,81
2,20180503,903,77400,225
3,20180503,904,77600,326
4,20180503,905,77500,1712
5,20180503,906,77000,345
6,20180503,907,77100,453
7,20180503,908,77100,1382
8,20180503,909,77000,175
9,20180503,910,77000,117
10,20180503,911,77000,95
11,20180503,912,77100,1790
12,20180503,913,77300,597
13,20180503,914,77000,921
14,20180503,915,77400,106
15,20180503,916,77500,31
16,20180503,917,77400,34
17,20180503,918,77400,164
18,20180503,919,77400,27
19,20180503,920,77400,779
20,20180503,921,77100,285
21,20180503,922,77000,436
22,20180503,923,77000,572
23,20180503,924,76900,92
24,20180503,925,77000,96
25,20180503,926,77000,116
26,20180503,928,77200,30
27,20180503,929,77200,24
28,20180503,930,77200,52
29,20180503,931,77300,62
30,20180503,932,77200,72
31,20180503,933,77300,63
32,20180503,934,77300,329
33,20180503,935,77500,554
34,20180503,936,77300,22
35,20180503,937,77300,2
36,20180503,938,77300,16
37,20180503,939,77400,39
38,20180503,940,77400,20
39,20180503,941,77300,28
40,20180503,942,77300,100
41,20180503,943,77300,35
42,20180503,944,77400,12
43,20180503,945,77300,29
44,20180503,946,77400,174
45,20180503,947,77400,22
46,20180503,948,77400,791
47,20180503,949,77600,93
48,20180503,950,77600,11
49,20180503,951,77500,2407
50,20180503,952,77400,207
51,20180503,953,77500,56
52,20180503,954,77500,4
53,20180503,955,77400,4
54,20180503,956,77400,24
55,20180503,957,77400,33
56,20180503,959,77500,31
57,20180503,1000,77400,128
58,20180503,1001,77400,15
59,20180503,1002,77400,8
60,20180503,1003,77500,127
61,20180503,1004,77400,3
62,20180503,1005,77400,20
63,20180503,1006,77400,441
64,20180503,1007,77500,8
65,20180503,1008,77500,166
66,20180503,1009,77600,4
67,20180503,1010,77600,66
68,20180503,1011,77600,2
69,20180503,1012,77600,29
70,20180503,1013,77500,42
71,20180503,1014,77600,230
72,20180503,1015,77600,338
73,20180503,1016,77500,300
74,20180503,1017,77500,23
75,20180503,1018,77500,16
76,20180503,1019,77400,989
77,20180503,1021,77300,22
78,20180503,1022,77400,4
79,20180503,1023,77400,25
80,20180503,1024,77400,9
81,20180503,1025,77400,111
82,20180503,1026,77400,19
83,20180503,1027,77400,14
84,20180503,1028,77400,223
85,20180503,1029,77400,11
86,20180503,1030,77400,53
87,20180503,1031,77400,243
88,20180503,1032,77300,6961
89,20180503,1033,77000,239
90,20180503,1034,77000,4
91,20180503,1035,77000,16
92,20180503,1036,77100,27
93,20180503,1037,77100,8
94,20180503,1038,77000,72
95,20180503,1039,77100,113
96,20180503,1040,77100,51
97,20180503,1041,77100,159
98,20180503,1042,77100,255
99,20180503,1043,77100,158
100,20180503,1044,77100,201
101,20180503,1045,77100,207
102,20180503,1046,77000,141
103,20180503,1047,77000,331
104,20180503,1048,77000,91
105,20180503,1049,77000,95
106,20180503,1050,77000,36
107,20180503,1051,76900,262
108,20180503,1052,77000,34
109,20180503,1053,77000,58
110,20180503,1054,76900,20
111,20180503,1055,76900,20
112,20180503,1056,76900,12
113,20180503,1057,77000,14
114,20180503,1058,77000,53
115,20180503,1059,76900,40
116,20180503,1100,76900,65
117,20180503,1101,76900,41
118,20180503,1102,77000,8
119,20180503,1103,76900,8
120,20180503,1104,76900,420
121,20180503,1105,76900,1021
122,20180503,1106,76800,90
123,20180503,1107,76700,78
124,20180503,1108,76700,42
125,20180503,1109,76800,7
126,20180503,1110,76700,40
127,20180503,1111,76700,3
128,20180503,1112,76700,128
129,20180503,1113,76700,384
130,20180503,1114,76800,39
131,20180503,1115,76700,3
132,20180503,1116,76700,36
133,20180503,1117,76800,27
134,20180503,1118,76700,40
135,20180503,1119,76800,36
136,20180503,1120,76700,18
137,20180503,1121,76800,15
138,20180503,1122,76800,111
139,20180503,1123,76800,435
140,20180503,1124,77000,6
141,20180503,1125,77000,45
142,20180503,1126,77000,3
143,20180503,1127,76900,87
144,20180503,1128,77000,24
145,20180503,1129,76900,86
146,20180503,1130,77000,8
147,20180503,1131,76900,72
148,20180503,1132,76900,96
149,20180503,1133,77000,20
150,20180503,1134,76900,42
151,20180503,1135,77000,4
152,20180503,1136,76900,39
153,20180503,1137,76900,7
154,20180503,1138,76900,42
155,20180503,1139,76900,11
156,20180503,1140,77000,103
157,20180503,1141,76900,346
158,20180503,1142,76800,21
159,20180503,1143,76900,390
160,20180503,1144,76800,40
161,20180503,1145,76900,18
162,20180503,1146,76900,20
163,20180503,1147,76800,10
164,20180503,1148,76900,107
165,20180503,1149,76900,21
166,20180503,1150,76900,19
167,20180503,1151,76800,51
168,20180503,1152,76900,28
169,20180503,1153,76900,5
170,20180503,1154,76800,31
171,20180503,1155,76900,22
172,20180503,1156,76900,11
173,20180503,1157,76900,300
174,20180503,1158,76900,67
175,20180503,1159,76800,40
176,20180503,1200,76900,8
177,20180503,1201,76800,102
178,20180503,1202,76900,70
179,20180503,1203,76800,10
180,20180503,1204,76800,7
181,20180503,1205,76900,19
182,20180503,1206,76800,63
183,20180503,1207,76900,8
184,20180503,1208,76900,43
185,20180503,1209,76900,26
186,20180503,1210,76900,48
187,20180503,1211,76900,306
188,20180503,1212,76900,20
189,20180503,1213,76900,908
190,20180503,1214,77000,8
191,20180503,1215,77000,14
192,20180503,1216,76900,25
193,20180503,1217,77000,66
194,20180503,1218,76900,11
195,20180503,1219,77000,12
196,20180503,1220,77000,11
197,20180503,1221,77000,9
198,20180503,1222,76900,10
199,20180503,1223,76900,13
200,20180503,1224,76900,19
201,20180503,1225,77000,11
202,20180503,1226,77000,509
203,20180503,1227,76800,287
204,20180503,1228,76800,4
205,20180503,1229,76800,159
206,20180503,1230,76800,39
207,20180503,1231,76900,7
208,20180503,1232,76900,8
209,20180503,1233,76800,3
210,20180503,1234,76900,6
211,20180503,1235,76800,43
212,20180503,1236,76900,7
213,20180503,1237,76800,40
214,20180503,1238,76800,8
215,20180503,1239,76900,14
216,20180503,1240,76800,237
217,20180503,1241,76800,32
218,20180503,1242,76800,17
219,20180503,1243,76900,18
220,20180503,1244,76800,8
221,20180503,1245,76900,70
222,20180503,1246,76800,16
223,20180503,1247,76900,39
224,20180503,1248,76900,62
225,20180503,1249,76900,13
226,20180503,1250,76800,71
227,20180503,1251,76900,10
228,20180503,1252,76800,8
229,20180503,1253,76800,33
230,20180503,1254,76900,14
231,20180503,1255,76900,19
232,20180503,1256,76900,13
233,20180503,1257,76900,117
234,20180503,1258,76900,24
235,20180503,1259,76800,9
236,20180503,1300,76900,10
237,20180503,1301,76800,10
238,20180503,1302,76900,137
239,20180503,1303,76900,55
240,20180503,1304,76800,51
241,20180503,1305,76800,8
242,20180503,1306,76800,62
243,20180503,1307,76900,5
244,20180503,1308,76900,6
245,20180503,1309,76900,2
246,20180503,1310,76800,178
247,20180503,1311,76900,19
248,20180503,1312,76900,6
249,20180503,1313,76800,19
250,20180503,1314,76900,45
251,20180503,1315,76900,7
252,20180503,1316,76800,13
253,20180503,1317,76900,6
254,20180503,1318,76900,20
255,20180503,1319,76800,15
256,20180503,1320,76800,444
257,20180503,1321,76800,51
258,20180503,1322,76900,14
259,20180503,1323,76900,18
260,20180503,1324,76900,18
261,20180503,1325,76900,81
262,20180503,1326,76900,329
263,20180503,1327,76900,13
264,20180503,1328,76800,18
265,20180503,1329,76900,21
266,20180503,1330,76900,84
267,20180503,1331,76900,13
268,20180503,1332,76900,10
269,20180503,1333,76900,55
270,20180503,1334,76800,18
271,20180503,1335,76900,47
272,20180503,1336,76900,10
273,20180503,1337,76900,64
274,20180503,1338,76800,24
275,20180503,1339,76900,12
276,20180503,1340,76900,25
277,20180503,1341,76900,23
278,20180503,1342,76900,93
279,20180503,1343,76800,99
280,20180503,1344,76900,60
281,20180503,1345,76900,267
282,20180503,1346,76900,193
283,20180503,1347,76900,329
284,20180503,1348,76800,176
285,20180503,1349,76900,172
286,20180503,1350,76700,126
287,20180503,1351,76800,13
288,20180503,1352,76800,34
289,20180503,1353,76800,159
290,20180503,1354,76700,69
291,20180503,1355,76800,12
292,20180503,1356,76700,18
293,20180503,1357,76800,19
294,20180503,1358,76800,12
295,20180503,1359,76800,38
296,20180503,1400,76800,84
297,20180503,1401,76800,22
298,20180503,1402,76700,134
299,20180503,1403,76800,81
300,20180503,1404,76700,19
301,20180503,1405,76700,151
302,20180503,1406,76800,139
303,20180503,1407,76700,9
304,20180503,1408,76800,9
305,20180503,1409,76800,72
306,20180503,1410,76800,58
307,20180503,1411,76800,16
308,20180503,1412,76800,21
309,20180503,1413,76800,29
310,20180503,1414,76700,20
311,20180503,1415,76700,165
312,20180503,1416,76800,19
313,20180503,1417,76800,22
314,20180503,1418,76700,274
315,20180503,1419,76700,579
316,20180503,1420,76700,809
317,20180503,1421,76700,33
318,20180503,1422,76600,29
319,20180503,1423,76700,120
320,20180503,1424,76600,20
321,20180503,1425,76700,31
322,20180503,1426,76700,76
323,20180503,1427,76700,23
324,20180503,1428,76700,15
325,20180503,1429,76700,70
326,20180503,1430,76700,161
327,20180503,1431,76600,13
328,20180503,1432,76700,99
329,20180503,1433,76700,127
330,20180503,1434,76600,60
331,20180503,1435,76600,22
332,20180503,1436,76700,54
333,20180503,1437,76600,127
334,20180503,1438,76600,596
335,20180503,1439,76600,108
336,20180503,1440,76600,55
337,20180503,1441,76700,87
338,20180503,1442,76700,60
339,20180503,1443,76700,125
340,20180503,1444,76700,53
341,20180503,1445,76600,75
342,20180503,1446,76700,119
343,20180503,1447,76700,27
344,20180503,1448,76700,38
345,20180503,1449,76700,71
346,20180503,1450,76600,92
347,20180503,1451,76700,40
348,20180503,1452,76600,1268
349,20180503,1453,76600,423
350,20180503,1454,76500,26
351,20180503,1455,76500,76
352,20180503,1456,76500,346
353,20180503,1457,76600,951
354,20180503,1458,76600,54
355,20180503,1459,76600,11
356,20180503,1500,76500,368
357,20180503,1501,76600,25
358,20180503,1502,76600,64
359,20180503,1503,76500,79
360,20180503,1504,76600,164
361,20180503,1505,76500,646
362,20180503,1506,76600,67
363,20180503,1507,76600,39
364,20180503,1508,76500,125
365,20180503,1509,76500,25
366,20180503,1510,76600,183
367,20180503,1511,76500,731
368,20180503,1512,76400,17
369,20180503,1513,76400,156
370,20180503,1514,76400,108
371,20180503,1515,76300,96
372,20180503,1516,76300,43
373,20180503,1517,76300,297
374,20180503,1518,76300,797
375,20180503,1519,76100,1156
376,20180503,1520,76200,546
377,20180503,1530,76400,4804
378,20180504,901,76000,2441
379,20180504,902,75500,402
380,20180504,903,75600,223
381,20180504,904,75800,261
382,20180504,905,75500,200
383,20180504,906,75600,152
384,20180504,907,75800,138
385,20180504,908,75700,273
386,20180504,909,75500,1209
387,20180504,910,75400,1140
388,20180504,911,75200,904
389,20180504,912,75200,3549
390,20180504,913,74900,259
391,20180504,914,75000,107
392,20180504,915,74900,316
393,20180504,916,74800,861
394,20180504,917,74700,1129
395,20180504,918,74400,314
396,20180504,919,74200,1248
397,20180504,920,74200,141
398,20180504,921,74200,660
399,20180504,922,74100,1301
400,20180504,923,74200,106
401,20180504,924,74200,655
402,20180504,925,74200,52
403,20180504,926,74100,71
404,20180504,927,74200,934
405,20180504,928,74500,178
406,20180504,929,74600,576
407,20180504,930,74400,149
408,20180504,931,74500,206
409,20180504,932,74500,30
410,20180504,933,74400,328
411,20180504,934,74400,965
412,20180504,935,74100,181
413,20180504,936,74200,418
414,20180504,937,74300,258
415,20180504,938,74200,118
416,20180504,939,74200,1605
417,20180504,940,74200,213
418,20180504,941,74200,6
419,20180504,942,74100,187
420,20180504,943,74300,15
421,20180504,944,74300,258
422,20180504,945,74400,130
423,20180504,946,74300,266
424,20180504,947,74300,57
425,20180504,948,74300,962
426,20180504,949,74100,742
427,20180504,950,74200,82
428,20180504,951,74100,151
429,20180504,952,74200,801
430,20180504,953,74100,453
431,20180504,954,74100,151
432,20180504,955,74100,829
433,20180504,956,74400,334
434,20180504,957,74500,304
435,20180504,958,74600,1824
436,20180504,959,74600,380
437,20180504,1000,74600,289
438,20180504,1001,74600,58
439,20180504,1002,74500,622
440,20180504,1003,74500,373
441,20180504,1004,74600,346
442,20180504,1005,74600,21
443,20180504,1006,74600,40
444,20180504,1007,74600,101
445,20180504,1008,74500,24
446,20180504,1009,74500,20
447,20180504,1010,74500,128
448,20180504,1011,74500,131
449,20180504,1012,74500,199
450,20180504,1013,74600,701
451,20180504,1014,74600,424
452,20180504,1015,74700,92
453,20180504,1016,74700,1587
454,20180504,1017,75200,221
455,20180504,1018,75300,310
456,20180504,1019,75100,221
457,20180504,1020,75200,15
458,20180504,1021,75300,527
459,20180504,1022,75200,177
460,20180504,1023,75100,196
461,20180504,1024,75300,83
462,20180504,1025,75300,186
463,20180504,1026,75300,158
464,20180504,1027,75400,194
465,20180504,1028,75500,204
466,20180504,1029,75400,401
467,20180504,1030,75300,7
468,20180504,1031,75300,953
469,20180504,1032,75300,12
470,20180504,1033,75200,10
471,20180504,1034,75300,20
472,20180504,1035,75300,66
473,20180504,1036,75200,7
474,20180504,1037,75200,23
475,20180504,1038,75200,309
476,20180504,1039,75200,124
477,20180504,1040,75300,446
478,20180504,1041,75100,24
479,20180504,1042,75000,139
480,20180504,1043,75100,41
481,20180504,1044,75100,162
482,20180504,1045,75000,101
483,20180504,1046,75100,24
484,20180504,1047,75100,196
485,20180504,1048,75100,29
486,20180504,1049,75200,57
487,20180504,1050,75300,20
488,20180504,1051,75300,24
489,20180504,1052,75300,107
490,20180504,1053,75300,57
491,20180504,1054,75300,51
492,20180504,1055,75200,30
493,20180504,1056,75300,135
494,20180504,1057,75200,440
495,20180504,1058,75100,16
496,20180504,1059,75000,49
497,20180504,1100,75100,568
498,20180504,1101,75000,435
499,20180504,1102,75200,1766
500,20180504,1103,75000,128
501,20180504,1104,75000,289
502,20180504,1105,74800,49
503,20180504,1106,74800,142
504,20180504,1107,74900,141
505,20180504,1108,74900,55
506,20180504,1109,74800,906
507,20180504,1110,74800,44
508,20180504,1111,74900,9
509,20180504,1112,74900,243
510,20180504,1113,74800,39
511,20180504,1114,75000,66
512,20180504,1115,74900,181
513,20180504,1116,74800,7
514,20180504,1117,74800,516
515,20180504,1118,75000,215
516,20180504,1119,75000,92
517,20180504,1120,75100,53
518,20180504,1121,75100,73
519,20180504,1122,75000,74
520,20180504,1123,75000,72
521,20180504,1124,75000,118
522,20180504,1125,75000,164
523,20180504,1126,74900,11
524,20180504,1127,74900,86
525,20180504,1128,74900,150
526,20180504,1129,75000,6
527,20180504,1130,74900,196
528,20180504,1131,74800,441
529,20180504,1132,74900,24
530,20180504,1133,74900,6
531,20180504,1134,74900,10
532,20180504,1135,74900,78
533,20180504,1136,75000,11
534,20180504,1137,75000,10
535,20180504,1138,74900,77
536,20180504,1139,74900,633
537,20180504,1140,75100,132
538,20180504,1141,75000,8
539,20180504,1142,75000,84
540,20180504,1143,75000,9
541,20180504,1144,75000,10
542,20180504,1145,75000,64
543,20180504,1146,75100,198
544,20180504,1147,75100,19
545,20180504,1148,75100,9
546,20180504,1149,75100,105
547,20180504,1150,75100,16
548,20180504,1151,75100,37
549,20180504,1152,75100,201
550,20180504,1153,75100,110
551,20180504,1154,75000,53
552,20180504,1155,75000,57
553,20180504,1156,75000,162
554,20180504,1157,75100,18
555,20180504,1158,75100,12
556,20180504,1159,75100,67
557,20180504,1200,75100,7
558,20180504,1201,75100,55
559,20180504,1202,75100,70
560,20180504,1203,75100,656
561,20180504,1204,75100,90
562,20180504,1205,75100,66
563,20180504,1206,75200,48
564,20180504,1207,75300,82
565,20180504,1208,75100,9
566,20180504,1209,75100,35
567,20180504,1210,75100,100
568,20180504,1211,75100,8
569,20180504,1212,75100,12
570,20180504,1213,75200,6
571,20180504,1214,75100,178
572,20180504,1215,75200,10
573,20180504,1216,75100,143
574,20180504,1217,75100,183
575,20180504,1218,75100,34
576,20180504,1219,75100,358
577,20180504,1220,75200,155
578,20180504,1221,75100,204
579,20180504,1222,75100,12
580,20180504,1223,75100,8
581,20180504,1224,75100,79
582,20180504,1225,75200,10
583,20180504,1226,75100,106
584,20180504,1227,75100,122
585,20180504,1228,75000,585
586,20180504,1229,75000,8
587,20180504,1230,74900,15
588,20180504,1231,74900,277
589,20180504,1232,74900,6
590,20180504,1233,74900,10
591,20180504,1234,74900,7
592,20180504,1235,74900,570
593,20180504,1236,74800,26
594,20180504,1237,74800,827
595,20180504,1238,74700,544
596,20180504,1239,74800,13
597,20180504,1240,74800,168
598,20180504,1241,74900,8
599,20180504,1242,74900,343
600,20180504,1243,74800,9
601,20180504,1244,74800,2
602,20180504,1245,74800,20
603,20180504,1246,74900,70
604,20180504,1247,74800,15
605,20180504,1248,74800,23
606,20180504,1249,74900,80
607,20180504,1250,74800,42
608,20180504,1251,74900,49
609,20180504,1252,74900,95
610,20180504,1253,74900,661
611,20180504,1254,74800,91
612,20180504,1255,74800,6
613,20180504,1256,74900,77
614,20180504,1257,74800,695
615,20180504,1258,74700,12
616,20180504,1259,74800,572
617,20180504,1300,74600,87
618,20180504,1301,74600,20
619,20180504,1302,74600,121
620,20180504,1303,74600,197
621,20180504,1304,74700,21
622,20180504,1305,74700,16
623,20180504,1306,74600,53
624,20180504,1307,74700,77
625,20180504,1308,74600,696
626,20180504,1309,74500,10
627,20180504,1310,74500,426
628,20180504,1311,74600,241
629,20180504,1312,74600,3
630,20180504,1313,74600,120
631,20180504,1314,74600,85
632,20180504,1315,74600,8
633,20180504,1316,74600,173
634,20180504,1317,74600,110
635,20180504,1318,74500,744
636,20180504,1319,74500,4
637,20180504,1320,74600,550
638,20180504,1321,74600,81
639,20180504,1322,74700,27
640,20180504,1323,74600,15
641,20180504,1324,74600,78
642,20180504,1325,74600,362
643,20180504,1326,74600,8
644,20180504,1327,74500,23
645,20180504,1328,74500,1188
646,20180504,1329,74400,277
647,20180504,1330,74400,58
648,20180504,1331,74400,86
649,20180504,1332,74300,31
650,20180504,1333,74300,129
651,20180504,1334,74400,17
652,20180504,1335,74300,87
653,20180504,1336,74300,26
654,20180504,1337,74300,755
655,20180504,1338,74400,170
656,20180504,1339,74400,119
657,20180504,1340,74300,227
658,20180504,1341,74300,301
659,20180504,1342,74200,1324
660,20180504,1343,74200,765
661,20180504,1344,74200,20
662,20180504,1345,74100,7
663,20180504,1346,74100,97
664,20180504,1347,74100,15
665,20180504,1348,74200,2323
666,20180504,1349,74300,73
667,20180504,1350,74400,73
668,20180504,1351,74200,1111
669,20180504,1352,74200,9
670,20180504,1353,74200,75
671,20180504,1354,74200,54
672,20180504,1355,74100,5
673,20180504,1356,74100,199
674,20180504,1357,74200,16
675,20180504,1358,74100,106
676,20180504,1359,74100,36
677,20180504,1400,74200,596
678,20180504,1401,74100,9859
679,20180504,1402,73800,1778
680,20180504,1403,73800,91
681,20180504,1404,73800,376
682,20180504,1405,73900,811
683,20180504,1406,73800,84
684,20180504,1407,73800,941
685,20180504,1408,73900,85
686,20180504,1409,74000,615
687,20180504,1410,74100,166
688,20180504,1411,74000,119
689,20180504,1412,74100,381
690,20180504,1413,74000,1092
691,20180504,1414,74000,352
692,20180504,1415,73900,136
693,20180504,1416,73900,855
694,20180504,1417,73700,173
695,20180504,1418,73700,107
696,20180504,1419,73600,136
697,20180504,1420,73700,762
698,20180504,1421,73600,234
699,20180504,1422,73600,41
700,20180504,1423,73600,16
701,20180504,1424,73600,1450
702,20180504,1425,73400,27
703,20180504,1426,73400,442
704,20180504,1427,73400,19
705,20180504,1428,73400,3534
706,20180504,1429,74300,48
707,20180504,1430,74300,129
708,20180504,1431,74200,103
709,20180504,1432,74200,392
710,20180504,1433,74000,11
711,20180504,1434,74000,56
712,20180504,1435,74000,396
713,20180504,1436,74300,16
714,20180504,1437,74300,81
715,20180504,1438,74300,15
716,20180504,1439,74300,134
717,20180504,1440,74200,287
718,20180504,1441,74300,199
719,20180504,1442,74400,427
720,20180504,1443,74400,20
721,20180504,1444,74500,73
722,20180504,1445,74400,28
723,20180504,1446,74300,682
724,20180504,1447,74000,518
725,20180504,1448,73900,209
726,20180504,1449,73900,84
727,20180504,1450,73900,142
728,20180504,1451,74000,1197
729,20180504,1452,73700,146
730,20180504,1453,73600,306
731,20180504,1454,73600,15
732,20180504,1455,73500,624
733,20180504,1456,73400,118
734,20180504,1457,73500,2208
735,20180504,1458,73900,16
736,20180504,1459,73800,922
737,20180504,1500,73900,145
738,20180504,1501,73900,273
739,20180504,1502,73900,174
740,20180504,1503,74000,74
741,20180504,1504,74000,92
742,20180504,1505,74000,89
743,20180504,1506,74000,90
744,20180504,1507,74000,149
745,20180504,1508,73800,93
746,20180504,1509,73800,216
747,20180504,1510,73800,229
748,20180504,1511,73700,542
749,20180504,1512,73800,370
750,20180504,1513,73700,934
751,20180504,1514,73800,153
752,20180504,1515,73800,291
753,20180504,1516,73700,1367
754,20180504,1517,73500,754
755,20180504,1518,73600,121
756,20180504,1519,73600,1253
757,20180504,1520,73400,765
758,20180504,1530,73500,5387
0,20180508,901,73200,1568
1,20180508,902,73600,460
2,20180508,903,74000,438
3,20180508,904,74000,591
4,20180508,905,74200,929
5,20180508,906,74100,638
6,20180508,907,74300,2408
7,20180508,908,74500,245
8,20180508,909,74500,118
9,20180508,910,74300,512
10,20180508,911,74200,559
11,20180508,912,74100,422
12,20180508,913,74500,273
13,20180508,914,74300,171
14,20180508,915,74400,84
15,20180508,916,74400,1123
16,20180508,917,74200,163
17,20180508,918,74200,271
18,20180508,919,74200,337
19,20180508,920,74500,17
20,20180508,921,74400,140
21,20180508,922,74200,4475
22,20180508,923,75200,198
23,20180508,924,75000,185
24,20180508,925,74900,170
25,20180508,926,74700,60
26,20180508,927,74800,3621
27,20180508,928,75100,666
28,20180508,929,75400,340
29,20180508,930,75100,214
30,20180508,931,75000,446
31,20180508,932,75000,239
32,20180508,933,75100,123
33,20180508,934,75000,124
34,20180508,935,74900,33
35,20180508,936,74900,25
36,20180508,937,75000,1341
37,20180508,938,74800,537
38,20180508,939,74500,125
39,20180508,940,74600,67
40,20180508,941,74500,681
41,20180508,942,75000,1670
42,20180508,943,75300,150
43,20180508,944,74900,129
44,20180508,945,74900,22
45,20180508,946,74800,41
46,20180508,947,74900,76
47,20180508,948,74900,391
48,20180508,949,75000,245
49,20180508,950,74800,106
50,20180508,951,74900,159
51,20180508,952,74900,390
52,20180508,953,74900,1012
53,20180508,954,74700,78
54,20180508,955,74700,309
55,20180508,956,74700,529
56,20180508,957,74700,19
57,20180508,958,74800,163
58,20180508,959,74900,74
59,20180508,1000,74900,179
60,20180508,1001,74900,31
61,20180508,1002,74900,485
62,20180508,1003,75100,182
63,20180508,1004,75000,439
64,20180508,1005,74800,426
65,20180508,1006,74700,178
66,20180508,1007,74600,39
67,20180508,1008,74500,485
68,20180508,1009,74300,277
69,20180508,1010,74400,87
70,20180508,1011,74400,399
71,20180508,1012,74200,712
72,20180508,1013,74300,256
73,20180508,1014,74500,45
74,20180508,1015,74600,25
75,20180508,1016,74600,82
76,20180508,1017,74600,39
77,20180508,1018,74600,716
78,20180508,1019,74600,30
79,20180508,1020,74600,482
80,20180508,1021,74700,100
81,20180508,1022,74700,74
82,20180508,1023,74600,914
83,20180508,1024,74500,64
84,20180508,1025,74400,71
85,20180508,1026,74400,13
86,20180508,1027,74500,30
87,20180508,1028,74500,80
88,20180508,1029,74500,36
89,20180508,1030,74400,206
90,20180508,1031,74400,48
91,20180508,1032,74400,60
92,20180508,1033,74400,778
93,20180508,1034,74200,78
94,20180508,1035,74100,86
95,20180508,1036,74200,51
96,20180508,1037,74100,20
97,20180508,1038,74200,70
98,20180508,1039,74200,71
99,20180508,1040,74200,41
100,20180508,1041,74100,13
101,20180508,1042,74200,51
102,20180508,1043,74200,26
103,20180508,1044,74100,40
104,20180508,1045,74200,695
105,20180508,1046,74100,116
106,20180508,1047,74100,2512
107,20180508,1048,74300,496
108,20180508,1049,74400,34
109,20180508,1050,74400,433
110,20180508,1051,74300,90
111,20180508,1052,74300,79
112,20180508,1053,74100,50
113,20180508,1054,74200,44
114,20180508,1055,74200,9
115,20180508,1056,74100,24
116,20180508,1057,74200,687
117,20180508,1058,74400,41
118,20180508,1059,74300,18
119,20180508,1100,74400,47
120,20180508,1101,74400,82
121,20180508,1102,74300,20
122,20180508,1103,74400,42
123,20180508,1104,74400,84
124,20180508,1105,74300,25
125,20180508,1106,74400,110
126,20180508,1107,74400,39
127,20180508,1108,74300,44
128,20180508,1109,74400,30
129,20180508,1110,74400,33
130,20180508,1111,74300,35
131,20180508,1112,74300,565
132,20180508,1113,74500,26
133,20180508,1114,74400,34
134,20180508,1115,74500,46
135,20180508,1116,74500,573
136,20180508,1117,74500,163
137,20180508,1118,74800,27
138,20180508,1119,74800,98
139,20180508,1120,74800,394
140,20180508,1121,74300,22
141,20180508,1122,74400,676
142,20180508,1123,74600,21
143,20180508,1124,74500,43
144,20180508,1125,74600,19
145,20180508,1126,74600,48
146,20180508,1127,74600,78
147,20180508,1128,74500,184
148,20180508,1129,74500,140
149,20180508,1130,74500,189
150,20180508,1131,74400,138
151,20180508,1132,74400,32
152,20180508,1133,74500,135
153,20180508,1134,74500,207
154,20180508,1135,74300,20
155,20180508,1136,74300,142
156,20180508,1137,74300,48
157,20180508,1138,74300,40
158,20180508,1139,74200,295
159,20180508,1140,74300,15
160,20180508,1141,74300,57
161,20180508,1142,74200,16
162,20180508,1143,74300,209
163,20180508,1144,74400,94
164,20180508,1145,74400,64
165,20180508,1146,74400,16
166,20180508,1147,74400,14
167,20180508,1148,74500,71
168,20180508,1149,74500,22
169,20180508,1150,74500,20
170,20180508,1151,74400,32
171,20180508,1152,74500,82
172,20180508,1153,74500,44
173,20180508,1154,74400,337
174,20180508,1155,74600,129
175,20180508,1156,74600,23
176,20180508,1157,74500,33
177,20180508,1158,74600,62
178,20180508,1159,74600,322
179,20180508,1200,74500,37
180,20180508,1201,74500,46
181,20180508,1202,74500,44
182,20180508,1203,74500,27
183,20180508,1204,74400,36
184,20180508,1205,74500,43
185,20180508,1206,74500,584
186,20180508,1207,74500,220
187,20180508,1208,74400,24
188,20180508,1210,74500,63
189,20180508,1211,74400,114
190,20180508,1212,74400,200
191,20180508,1213,74300,292
192,20180508,1214,74400,215
193,20180508,1215,74400,46
194,20180508,1216,74500,51
195,20180508,1217,74500,73
196,20180508,1218,74400,10
197,20180508,1219,74400,31
198,20180508,1220,74500,55
199,20180508,1221,74500,77
200,20180508,1222,74400,186
201,20180508,1223,74200,36
202,20180508,1224,74300,52
203,20180508,1225,74300,43
204,20180508,1226,74300,27
205,20180508,1227,74200,179
206,20180508,1228,74100,56
207,20180508,1229,74200,8
208,20180508,1230,74100,32
209,20180508,1231,74100,57
210,20180508,1232,74200,259
211,20180508,1233,74200,19
212,20180508,1234,74200,332
213,20180508,1235,74200,51
214,20180508,1236,74300,56
215,20180508,1237,74300,36
216,20180508,1238,74300,8
217,20180508,1239,74300,60
218,20180508,1240,74200,18
219,20180508,1241,74200,25
220,20180508,1242,74200,300
221,20180508,1243,74300,32
222,20180508,1244,74300,70
223,20180508,1245,74200,21
224,20180508,1246,74300,66
225,20180508,1247,74300,402
226,20180508,1248,74200,28
227,20180508,1249,74200,10
228,20180508,1250,74100,72
229,20180508,1251,74200,46
230,20180508,1252,74200,160
231,20180508,1253,74200,85
232,20180508,1254,74200,43
233,20180508,1255,74200,3
234,20180508,1256,74200,23
235,20180508,1257,74100,54
236,20180508,1258,74100,14
237,20180508,1259,74200,48
238,20180508,1300,74100,89
239,20180508,1301,74200,491
240,20180508,1302,74100,64
241,20180508,1303,74100,32
242,20180508,1304,74000,114
243,20180508,1305,74100,973
244,20180508,1306,74100,23
245,20180508,1307,74000,14
246,20180508,1308,74000,586
247,20180508,1309,73900,102
248,20180508,1310,74000,76
249,20180508,1311,73900,41
250,20180508,1312,74000,66
251,20180508,1313,73900,114
252,20180508,1314,73900,216
253,20180508,1315,73900,101
254,20180508,1316,73900,283
255,20180508,1317,73800,35
256,20180508,1318,73800,1639
257,20180508,1319,74100,113
258,20180508,1320,74000,190
259,20180508,1321,73900,22
260,20180508,1322,73900,64
261,20180508,1323,73900,85
262,20180508,1324,73900,275
263,20180508,1325,74000,42
264,20180508,1326,74100,71
265,20180508,1327,74000,15
266,20180508,1328,74000,166
267,20180508,1329,74100,129
268,20180508,1330,74200,174
269,20180508,1331,74000,17
270,20180508,1332,74100,145
271,20180508,1333,74100,49
272,20180508,1334,74100,94
273,20180508,1335,74100,123
274,20180508,1336,74200,12
275,20180508,1337,74200,275
276,20180508,1338,74100,21
277,20180508,1339,74100,54
278,20180508,1340,74200,56
279,20180508,1341,74200,67
280,20180508,1342,74100,59
281,20180508,1343,74100,233
282,20180508,1344,74000,216
283,20180508,1345,74100,81
284,20180508,1346,73900,68
285,20180508,1347,73900,58
286,20180508,1348,73900,156
287,20180508,1349,73800,52
288,20180508,1350,74000,50
289,20180508,1351,74000,138
290,20180508,1352,74100,140
291,20180508,1353,74000,24
292,20180508,1354,74000,65
293,20180508,1355,73900,119
294,20180508,1356,73900,53
295,20180508,1357,73900,74
296,20180508,1358,73900,38
297,20180508,1359,73900,87
298,20180508,1400,73900,15
299,20180508,1401,73900,34
300,20180508,1402,73800,80
301,20180508,1403,73900,124
302,20180508,1404,73900,30
303,20180508,1405,73900,54
304,20180508,1406,73900,66
305,20180508,1407,73900,566
306,20180508,1408,74100,69
307,20180508,1409,74000,203
308,20180508,1410,74100,100
309,20180508,1411,74100,66
310,20180508,1412,74000,134
311,20180508,1413,74000,87
312,20180508,1414,74000,12
313,20180508,1415,74000,142
314,20180508,1416,74000,67
315,20180508,1417,74000,60
316,20180508,1418,73900,65
317,20180508,1419,74000,35
318,20180508,1420,73900,1136
319,20180508,1421,73800,88
320,20180508,1422,73800,865
321,20180508,1423,73500,171
322,20180508,1424,73500,210
323,20180508,1425,73600,18
324,20180508,1426,73600,54
325,20180508,1427,73600,178
326,20180508,1428,73600,279
327,20180508,1429,73600,304
328,20180508,1430,73600,1064
329,20180508,1431,73400,165
330,20180508,1432,73500,107
331,20180508,1433,73500,525
332,20180508,1434,73500,58
333,20180508,1435,73400,72
334,20180508,1436,73500,32
335,20180508,1437,73500,79
336,20180508,1438,73500,60
337,20180508,1439,73500,240
338,20180508,1440,73300,491
339,20180508,1441,73300,31
340,20180508,1442,73300,303
341,20180508,1443,73300,122
342,20180508,1444,73300,1240
343,20180508,1445,73200,272
344,20180508,1446,73200,686
345,20180508,1447,73100,552
346,20180508,1448,73100,420
347,20180508,1449,73000,3163
348,20180508,1450,72900,472
349,20180508,1451,72900,463
350,20180508,1452,73000,29
351,20180508,1453,72900,112
352,20180508,1454,72700,589
353,20180508,1455,72900,397
354,20180508,1456,72900,171
355,20180508,1457,72800,97
356,20180508,1458,72800,231
357,20180508,1459,72900,170
358,20180508,1500,72800,343
359,20180508,1501,72900,1323
360,20180508,1502,73000,86
361,20180508,1503,73200,40
362,20180508,1504,73200,237
363,20180508,1505,72900,1160
364,20180508,1506,73000,100
365,20180508,1507,73100,263
366,20180508,1508,73200,63
367,20180508,1509,73200,44
368,20180508,1510,73300,164
369,20180508,1511,73100,232
370,20180508,1512,73100,305
371,20180508,1513,73000,489
372,20180508,1514,73000,75
373,20180508,1515,73000,112
374,20180508,1516,72800,1191
375,20180508,1517,72900,474
376,20180508,1518,72800,275
377,20180508,1519,72700,312
378,20180508,1520,72700,204
379,20180508,1530,72300,9426
0,20180509,901,72500,1131
1,20180509,902,73000,138
2,20180509,903,73200,1065
3,20180509,904,72800,584
4,20180509,905,73400,45
5,20180509,906,73400,283
6,20180509,907,73400,76
7,20180509,908,73300,84
8,20180509,909,73500,359
9,20180509,910,73800,58
10,20180509,911,73800,217
11,20180509,912,73800,231
12,20180509,913,73700,876
13,20180509,914,73900,33
14,20180509,915,73900,1220
15,20180509,916,74000,735
16,20180509,917,74200,91
17,20180509,918,74200,128
18,20180509,919,74300,60
19,20180509,920,74300,269
20,20180509,921,74300,262
21,20180509,922,74000,73
22,20180509,923,74000,204
23,20180509,924,74200,81
24,20180509,925,74200,1159
25,20180509,926,74200,433
26,20180509,927,74500,1154
27,20180509,928,74700,259
28,20180509,929,74700,518
29,20180509,930,74800,374
30,20180509,931,74800,214
31,20180509,932,74500,226
32,20180509,933,74600,181
33,20180509,934,74500,300
34,20180509,935,74500,132
35,20180509,936,74300,206
36,20180509,937,74300,308
37,20180509,938,74000,449
38,20180509,939,74100,4354
39,20180509,940,73700,1269
40,20180509,941,73700,829
41,20180509,942,74100,201
42,20180509,943,74100,317
43,20180509,944,74100,1657
44,20180509,945,74500,61
45,20180509,946,74400,103
46,20180509,947,74300,198
47,20180509,948,74300,381
48,20180509,949,74400,404
49,20180509,950,74100,652
50,20180509,951,73800,225
51,20180509,952,73600,320
52,20180509,953,73700,96
53,20180509,954,73700,104
54,20180509,955,73900,187
55,20180509,956,74000,16
56,20180509,957,73900,4
57,20180509,958,73900,162
58,20180509,959,73900,103
59,20180509,1000,73900,625
60,20180509,1001,74000,384
61,20180509,1002,74400,281
62,20180509,1003,74200,121
63,20180509,1004,74200,27
64,20180509,1005,74100,141
65,20180509,1006,74200,44
66,20180509,1007,74100,64
67,20180509,1008,74200,37
68,20180509,1009,74100,20
69,20180509,1010,74200,92
70,20180509,1011,74200,227
71,20180509,1012,74300,380
72,20180509,1013,74200,59
73,20180509,1014,74300,62
74,20180509,1016,74300,21
75,20180509,1017,74300,136
76,20180509,1018,74300,220
77,20180509,1019,74300,34
78,20180509,1020,74300,142
79,20180509,1021,74300,273
80,20180509,1022,74300,12
81,20180509,1023,74300,342
82,20180509,1024,74100,395
83,20180509,1025,74100,53
84,20180509,1026,74400,347
85,20180509,1027,74400,69
86,20180509,1028,74400,103
87,20180509,1029,74300,112
88,20180509,1030,74400,105
89,20180509,1031,74400,45
90,20180509,1032,74400,146
91,20180509,1033,74500,1424
92,20180509,1034,74500,129
93,20180509,1035,74500,107
94,20180509,1036,74600,45
95,20180509,1037,74600,10
96,20180509,1038,74600,79
97,20180509,1039,74700,20
98,20180509,1040,74700,53
99,20180509,1041,74600,23
100,20180509,1042,74600,54
101,20180509,1043,74600,37
102,20180509,1044,74600,265
103,20180509,1045,74600,62
104,20180509,1046,74700,219
105,20180509,1047,74500,26
106,20180509,1048,74500,46
107,20180509,1049,74400,47
108,20180509,1050,74500,39
109,20180509,1051,74500,48
110,20180509,1052,74500,5
111,20180509,1053,74400,358
112,20180509,1054,74500,5
113,20180509,1055,74400,174
114,20180509,1056,74500,122
115,20180509,1057,74500,32
116,20180509,1058,74500,58
117,20180509,1059,74500,158
118,20180509,1100,74600,339
119,20180509,1101,74600,143
120,20180509,1102,74700,467
121,20180509,1103,74800,5146
122,20180509,1104,75000,57
123,20180509,1105,74900,79
124,20180509,1106,74900,998
125,20180509,1107,74600,448
126,20180509,1108,74400,274
127,20180509,1109,74300,28
128,20180509,1110,74300,352
129,20180509,1111,74500,384
130,20180509,1112,74400,122
131,20180509,1113,74500,5
132,20180509,1114,74500,162
133,20180509,1115,74300,309
134,20180509,1116,74200,119
135,20180509,1117,74200,1133
136,20180509,1118,74000,952
137,20180509,1119,74200,287
138,20180509,1120,74000,40
139,20180509,1121,73900,498
140,20180509,1122,73800,212
141,20180509,1123,73900,21
142,20180509,1124,73900,110
143,20180509,1125,73800,1353
144,20180509,1126,73900,307
145,20180509,1127,74200,91
146,20180509,1128,74200,46
147,20180509,1129,74000,87
148,20180509,1130,74000,12
149,20180509,1131,74100,100
150,20180509,1132,74100,110
151,20180509,1133,74000,758
152,20180509,1134,74000,127
153,20180509,1135,74000,516
154,20180509,1136,73900,189
155,20180509,1137,73900,17
156,20180509,1138,73900,171
157,20180509,1139,73900,55
158,20180509,1140,73900,42
159,20180509,1141,73900,542
160,20180509,1142,74000,84
161,20180509,1143,74100,577
162,20180509,1144,74300,71
163,20180509,1145,74300,10
164,20180509,1146,74200,50
165,20180509,1147,74300,162
166,20180509,1148,74300,1
167,20180509,1149,74300,49
168,20180509,1150,74300,185
169,20180509,1151,74500,122
170,20180509,1152,74400,95
171,20180509,1153,74600,22
172,20180509,1154,74600,58
173,20180509,1155,74600,179
174,20180509,1156,74600,61
175,20180509,1157,74500,171
176,20180509,1158,74600,56
177,20180509,1159,74700,26
178,20180509,1200,74700,3
179,20180509,1201,74600,102
180,20180509,1202,74700,462
181,20180509,1203,74600,6
182,20180509,1204,74600,2
183,20180509,1205,74500,467
184,20180509,1206,74400,44
185,20180509,1207,74500,104
186,20180509,1208,74500,69
187,20180509,1209,74500,43
188,20180509,1210,74600,31
189,20180509,1211,74600,3
190,20180509,1212,74600,57
191,20180509,1213,74600,115
192,20180509,1214,74600,111
193,20180509,1215,74600,249
194,20180509,1216,74600,134
195,20180509,1217,74600,40
196,20180509,1218,74500,57
197,20180509,1219,74500,75
198,20180509,1220,74500,1
199,20180509,1221,74600,37
200,20180509,1222,74600,20
201,20180509,1223,74600,198
202,20180509,1224,74500,57
203,20180509,1225,74700,23
204,20180509,1226,74600,151
205,20180509,1227,74700,29
206,20180509,1228,74700,157
207,20180509,1229,74800,6
208,20180509,1230,74800,561
209,20180509,1231,74900,769
210,20180509,1232,74700,44
211,20180509,1233,74700,62
212,20180509,1234,74800,84
213,20180509,1235,74900,61
214,20180509,1236,74800,48
215,20180509,1237,74900,110
216,20180509,1238,74900,35
217,20180509,1239,74800,105
218,20180509,1240,74700,42
219,20180509,1241,74800,101
220,20180509,1242,74700,36
221,20180509,1243,74800,87
222,20180509,1244,74800,61
223,20180509,1245,74800,28
224,20180509,1246,74900,366
225,20180509,1247,74700,45
226,20180509,1248,74800,199
227,20180509,1249,74700,33
228,20180509,1250,74800,83
229,20180509,1251,74800,61
230,20180509,1252,74800,21
231,20180509,1253,74800,129
232,20180509,1254,74800,336
233,20180509,1255,74900,76
234,20180509,1256,74900,480
235,20180509,1257,75000,40
236,20180509,1258,75000,153
237,20180509,1259,75000,73
238,20180509,1300,74900,72
239,20180509,1301,74900,147
240,20180509,1302,75000,1742
241,20180509,1303,75100,236
242,20180509,1304,75100,151
243,20180509,1305,75100,90
244,20180509,1306,75100,438
245,20180509,1307,75200,73
246,20180509,1308,75200,195
247,20180509,1309,75100,424
248,20180509,1310,75100,111
249,20180509,1311,75100,248
250,20180509,1312,75100,138
251,20180509,1313,75100,120
252,20180509,1314,75200,242
253,20180509,1315,75200,568
254,20180509,1316,75100,153
255,20180509,1317,75200,25
256,20180509,1318,75200,80
257,20180509,1319,75200,16
258,20180509,1320,75100,83
259,20180509,1321,75200,16
260,20180509,1322,75200,24
261,20180509,1323,75200,92
262,20180509,1324,75200,259
263,20180509,1325,75200,104
264,20180509,1326,75200,54
265,20180509,1327,75200,114
266,20180509,1328,75200,59
267,20180509,1330,75200,66
268,20180509,1331,75200,1362
269,20180509,1332,75300,244
270,20180509,1333,75300,128
271,20180509,1334,75100,131
272,20180509,1335,75300,854
273,20180509,1336,75200,45
274,20180509,1337,75300,429
275,20180509,1338,75200,217
276,20180509,1339,75300,302
277,20180509,1340,75300,114
278,20180509,1341,75300,1109
279,20180509,1342,75400,399
280,20180509,1343,75400,82
281,20180509,1344,75300,29
282,20180509,1345,75300,113
283,20180509,1346,75300,71
284,20180509,1347,75300,254
285,20180509,1348,75300,33
286,20180509,1349,75200,189
287,20180509,1350,75300,94
288,20180509,1351,75300,301
289,20180509,1352,75500,360
290,20180509,1353,75500,244
291,20180509,1354,75600,99
292,20180509,1355,75500,85
293,20180509,1356,75500,862
294,20180509,1357,75700,282
295,20180509,1358,75600,1642
296,20180509,1359,75900,1096
297,20180509,1400,76100,206
298,20180509,1401,75800,186
299,20180509,1402,75900,200
300,20180509,1403,76000,213
301,20180509,1404,76000,251
302,20180509,1405,75900,60
303,20180509,1406,75900,755
304,20180509,1407,76100,292
305,20180509,1408,76200,139
306,20180509,1409,76300,205
307,20180509,1410,76300,495
308,20180509,1411,76400,146
309,20180509,1412,76300,282
310,20180509,1413,76500,158
311,20180509,1414,76500,318
312,20180509,1415,76500,458
313,20180509,1416,76700,488
314,20180509,1417,76700,251
315,20180509,1418,76700,258
316,20180509,1419,76600,213
317,20180509,1420,76500,439
318,20180509,1421,76500,287
319,20180509,1422,76700,241
320,20180509,1423,76700,284
321,20180509,1424,76600,201
322,20180509,1425,76500,194
323,20180509,1426,76500,296
324,20180509,1427,76500,434
325,20180509,1428,76500,234
326,20180509,1429,76600,169
327,20180509,1430,76600,204
328,20180509,1431,76700,390
329,20180509,1432,76700,462
330,20180509,1433,76800,308
331,20180509,1434,76600,245
332,20180509,1435,76700,418
333,20180509,1436,76800,363
334,20180509,1437,76800,431
335,20180509,1438,76900,170
336,20180509,1439,76900,317
337,20180509,1440,76900,272
338,20180509,1441,76900,340
339,20180509,1442,76900,379
340,20180509,1443,77000,647
341,20180509,1444,77000,270
342,20180509,1445,76900,147
343,20180509,1446,77000,174
344,20180509,1447,77000,309
345,20180509,1448,77100,407
346,20180509,1449,77200,206
347,20180509,1450,77200,251
348,20180509,1451,77400,581
349,20180509,1452,77300,213
350,20180509,1453,77300,466
351,20180509,1454,77300,761
352,20180509,1455,77500,289
353,20180509,1456,77500,287
354,20180509,1457,77600,343
355,20180509,1458,77600,935
356,20180509,1459,77700,267
357,20180509,1500,77700,1341
358,20180509,1501,77400,572
359,20180509,1502,77500,271
360,20180509,1503,77300,306
361,20180509,1504,77100,184
362,20180509,1505,77100,439
363,20180509,1506,77200,1010
364,20180509,1507,77300,8
365,20180509,1508,77100,270
366,20180509,1509,77400,232
367,20180509,1510,76800,218
368,20180509,1511,77100,140
369,20180509,1512,77100,213
370,20180509,1513,77200,447
371,20180509,1514,77200,254
372,20180509,1515,77300,91
373,20180509,1516,77200,65
374,20180509,1517,77200,650
375,20180509,1518,77000,156
376,20180509,1519,77100,91
377,20180509,1520,77000,39
378,20180509,1530,76900,2961
379,20180510,901,76500,2066
380,20180510,902,76600,178
381,20180510,903,76600,2077
382,20180510,904,75800,1064
383,20180510,905,75800,194
384,20180510,906,75900,308
385,20180510,907,76000,19
386,20180510,908,75900,1717
387,20180510,909,75500,661
388,20180510,910,75500,623
389,20180510,911,75600,2115
390,20180510,912,75800,331
391,20180510,913,75900,715
392,20180510,914,75800,2997
393,20180510,915,75400,460
394,20180510,916,75200,1114
395,20180510,917,74900,1124
396,20180510,918,75000,372
397,20180510,919,75100,670
398,20180510,920,75100,101
399,20180510,921,75000,2722
400,20180510,922,74600,458
401,20180510,923,74500,257
402,20180510,924,74500,1137
403,20180510,925,74600,533
404,20180510,926,74700,414
405,20180510,927,74700,1720
406,20180510,928,74300,1562
407,20180510,929,74500,93
408,20180510,930,74400,549
409,20180510,931,74400,67
410,20180510,932,74400,251
411,20180510,933,74400,472
412,20180510,934,74600,1005
413,20180510,935,74800,812
414,20180510,936,74900,120
415,20180510,937,75000,150
416,20180510,938,75000,749
417,20180510,939,75000,893
418,20180510,940,74900,103
419,20180510,941,74900,202
420,20180510,942,74800,16
421,20180510,943,74900,14
422,20180510,944,74900,112
423,20180510,946,74800,20
424,20180510,947,74800,1
425,20180510,948,74800,279
426,20180510,949,74800,11
427,20180510,950,74900,4
428,20180510,951,74900,421
429,20180510,952,74700,618
430,20180510,953,74500,136
431,20180510,954,74600,3
432,20180510,955,74500,1024
433,20180510,957,74400,1175
434,20180510,958,74300,374
435,20180510,959,74300,434
436,20180510,1000,74400,472
437,20180510,1001,74300,12
438,20180510,1002,74400,361
439,20180510,1003,74500,121
440,20180510,1004,74500,55
441,20180510,1005,74500,144
442,20180510,1006,74600,101
443,20180510,1007,74500,2
444,20180510,1008,74600,4
445,20180510,1009,74600,21
446,20180510,1010,74500,101
447,20180510,1011,74500,657
448,20180510,1012,75000,511
449,20180510,1013,75000,116
450,20180510,1014,75100,71
451,20180510,1015,75100,12
452,20180510,1016,75100,310
453,20180510,1017,75100,199
454,20180510,1018,75000,1
455,20180510,1019,75100,2
456,20180510,1020,75100,400
457,20180510,1021,75100,100
458,20180510,1022,75200,275
459,20180510,1023,75100,542
460,20180510,1024,74800,184
461,20180510,1025,74800,36
462,20180510,1026,74900,1
463,20180510,1027,74900,28
464,20180510,1028,74800,246
465,20180510,1030,74700,342
466,20180510,1031,74800,192
467,20180510,1032,74700,9
468,20180510,1033,74700,835
469,20180510,1034,75000,154
470,20180510,1035,75100,215
471,20180510,1036,75200,140
472,20180510,1037,75100,1
473,20180510,1038,75100,115
474,20180510,1039,75100,102
475,20180510,1040,75200,3
476,20180510,1041,75100,418
477,20180510,1042,75100,687
478,20180510,1044,75000,1
479,20180510,1045,75000,160
480,20180510,1046,74900,104
481,20180510,1047,75000,22
482,20180510,1048,75000,200
483,20180510,1049,74900,101
484,20180510,1050,75000,251
485,20180510,1051,75000,201
486,20180510,1052,75100,122
487,20180510,1053,75100,142
488,20180510,1054,75100,35
489,20180510,1055,75000,249
490,20180510,1056,75200,39
491,20180510,1057,75100,106
492,20180510,1058,75200,116
493,20180510,1059,75200,26
494,20180510,1100,75100,152
495,20180510,1101,75200,7
496,20180510,1102,75200,24
497,20180510,1103,75200,2729
498,20180510,1104,75100,121
499,20180510,1105,75200,8
500,20180510,1106,75200,38
501,20180510,1107,75200,85
502,20180510,1108,75200,152
503,20180510,1109,75200,10
504,20180510,1110,75200,2106
505,20180510,1111,75200,88
506,20180510,1112,75200,77
507,20180510,1113,75200,5
508,20180510,1114,75200,16
509,20180510,1115,75200,286
510,20180510,1116,75100,7
511,20180510,1117,75100,41
512,20180510,1118,75100,143
513,20180510,1119,75000,119
514,20180510,1120,75100,30
515,20180510,1121,75000,34
516,20180510,1122,75000,195
517,20180510,1123,75000,19
518,20180510,1124,75000,8
519,20180510,1125,75000,97
520,20180510,1126,75000,172
521,20180510,1127,74900,16
522,20180510,1128,74900,40
523,20180510,1129,75000,62
524,20180510,1130,74900,81
525,20180510,1131,74900,60
526,20180510,1132,75000,16
527,20180510,1133,75000,112
528,20180510,1134,75000,25
529,20180510,1135,75000,9
530,20180510,1136,75000,179
531,20180510,1137,74900,372
532,20180510,1138,74900,116
533,20180510,1139,74900,48
534,20180510,1140,74900,160
535,20180510,1141,74900,26
536,20180510,1142,75000,25
537,20180510,1143,75000,8
538,20180510,1144,75000,96
539,20180510,1145,74900,4
540,20180510,1146,74900,51
541,20180510,1147,74900,22
542,20180510,1148,74800,612
543,20180510,1149,74900,6
544,20180510,1150,74900,24
545,20180510,1151,74800,156
546,20180510,1152,74800,27
547,20180510,1153,74800,26
548,20180510,1154,74800,18
549,20180510,1155,74800,630
550,20180510,1156,74700,64
551,20180510,1157,74800,6
552,20180510,1158,74800,94
553,20180510,1159,74700,8
554,20180510,1200,74700,106
555,20180510,1201,74700,35
556,20180510,1202,74800,109
557,20180510,1203,74800,92
558,20180510,1204,74800,81
559,20180510,1205,74800,40
560,20180510,1206,74700,27
561,20180510,1207,74700,7
562,20180510,1208,74700,228
563,20180510,1209,74700,105
564,20180510,1210,74700,8
565,20180510,1211,74700,33
566,20180510,1212,74700,10
567,20180510,1213,74700,227
568,20180510,1214,74700,18
569,20180510,1215,74700,6
570,20180510,1216,74700,27
571,20180510,1217,74600,394
572,20180510,1218,74700,7
573,20180510,1219,74700,79
574,20180510,1220,74700,27
575,20180510,1221,74600,58
576,20180510,1222,74600,33
577,20180510,1223,74600,107
578,20180510,1224,74500,167
579,20180510,1225,74600,42
580,20180510,1226,74600,7
581,20180510,1227,74600,327
582,20180510,1228,74600,9
583,20180510,1229,74600,91
584,20180510,1230,74600,12
585,20180510,1231,74600,239
586,20180510,1232,74500,57
587,20180510,1233,74600,305
588,20180510,1234,74600,12
589,20180510,1235,74500,237
590,20180510,1236,74600,26
591,20180510,1237,74600,25
592,20180510,1238,74600,112
593,20180510,1239,74600,10
594,20180510,1240,74600,26
595,20180510,1241,74600,11
596,20180510,1242,74600,111
597,20180510,1243,74600,30
598,20180510,1244,74600,121
599,20180510,1245,74600,32
600,20180510,1246,74600,199
601,20180510,1247,74500,149
602,20180510,1248,74400,32
603,20180510,1249,74500,576
604,20180510,1250,74400,236
605,20180510,1251,74300,163
606,20180510,1252,74400,8
607,20180510,1253,74300,129
608,20180510,1254,74400,13
609,20180510,1255,74300,67
610,20180510,1256,74300,22
611,20180510,1257,74300,119
612,20180510,1258,74400,78
613,20180510,1259,74400,38
614,20180510,1300,74400,111
615,20180510,1301,74400,25
616,20180510,1302,74300,20
617,20180510,1303,74300,20
618,20180510,1304,74300,136
619,20180510,1305,74300,24
620,20180510,1306,74300,8
621,20180510,1307,74400,162
622,20180510,1308,74400,35
623,20180510,1309,74400,39
624,20180510,1310,74300,27
625,20180510,1311,74400,106
626,20180510,1312,74400,25
627,20180510,1313,74400,15
628,20180510,1314,74400,62
629,20180510,1315,74300,146
630,20180510,1316,74400,54
631,20180510,1317,74300,25
632,20180510,1318,74300,145
633,20180510,1319,74400,5
634,20180510,1320,74400,68
635,20180510,1321,74400,16
636,20180510,1322,74400,219
637,20180510,1323,74400,92
638,20180510,1324,74400,15
639,20180510,1325,74400,47
640,20180510,1326,74300,180
641,20180510,1327,74400,22
642,20180510,1328,74400,129
643,20180510,1329,74300,136
644,20180510,1330,74300,113
645,20180510,1331,74400,40
646,20180510,1332,74400,19
647,20180510,1333,74300,930
648,20180510,1334,74300,173
649,20180510,1335,74300,145
650,20180510,1336,74300,125
651,20180510,1337,74200,45
652,20180510,1338,74200,1646
653,20180510,1339,74100,22
654,20180510,1340,74200,121
655,20180510,1341,74100,774
656,20180510,1342,74200,6
657,20180510,1343,74200,29
658,20180510,1344,74200,153
659,20180510,1345,74200,236
660,20180510,1346,74100,13
661,20180510,1347,74200,169
662,20180510,1348,74200,17
663,20180510,1349,74100,442
664,20180510,1350,74200,6
665,20180510,1351,74200,116
666,20180510,1352,74200,80
667,20180510,1353,74100,10
668,20180510,1354,74200,16
669,20180510,1355,74100,148
670,20180510,1356,74200,45
671,20180510,1357,74200,32
672,20180510,1358,74200,3878
673,20180510,1359,74500,42
674,20180510,1400,74500,78
675,20180510,1401,74500,9
676,20180510,1402,74500,111
677,20180510,1403,74500,591
678,20180510,1404,74400,91
679,20180510,1405,74400,227
680,20180510,1406,74400,299
681,20180510,1407,74500,185
682,20180510,1408,74600,202
683,20180510,1409,74700,566
684,20180510,1410,74500,65
685,20180510,1411,74500,305
686,20180510,1412,74600,204
687,20180510,1413,74800,372
688,20180510,1414,74700,65
689,20180510,1415,74600,7
690,20180510,1416,74600,84
691,20180510,1417,74600,17
692,20180510,1418,74600,36
693,20180510,1419,74500,31
694,20180510,1420,74600,177
695,20180510,1421,74600,53
696,20180510,1422,74500,206
697,20180510,1423,74600,21
698,20180510,1424,74600,299
699,20180510,1425,74500,18
700,20180510,1426,74500,67
701,20180510,1427,74500,160
702,20180510,1428,74500,118
703,20180510,1429,74500,110
704,20180510,1430,74500,255
705,20180510,1431,74500,106
706,20180510,1432,74500,42
707,20180510,1433,74500,16
708,20180510,1434,74400,17
709,20180510,1435,74500,140
710,20180510,1436,74500,20
711,20180510,1437,74500,31
712,20180510,1438,74400,123
713,20180510,1439,74500,7
714,20180510,1440,74400,48
715,20180510,1441,74500,37
716,20180510,1442,74400,120
717,20180510,1443,74500,34
718,20180510,1444,74500,10
719,20180510,1445,74500,172
720,20180510,1446,74500,21
721,20180510,1447,74500,19
722,20180510,1448,74500,78
723,20180510,1449,74400,134
724,20180510,1450,74500,8
725,20180510,1451,74500,43
726,20180510,1452,74500,24
727,20180510,1453,74500,148
728,20180510,1454,74400,20
729,20180510,1455,74500,114
730,20180510,1456,74500,137
731,20180510,1457,74400,380
732,20180510,1458,74500,31
733,20180510,1459,74500,41
734,20180510,1500,74500,115
735,20180510,1501,74500,42
736,20180510,1502,74500,109
737,20180510,1503,74400,49
738,20180510,1504,74500,42
739,20180510,1505,74400,50
740,20180510,1506,74500,4
741,20180510,1507,74400,2145
742,20180510,1508,74400,16
743,20180510,1509,74300,669
744,20180510,1510,74300,329
745,20180510,1511,74200,327
746,20180510,1512,74200,165
747,20180510,1513,74200,266
748,20180510,1514,74300,21
749,20180510,1515,74300,451
750,20180510,1516,74200,881
751,20180510,1517,74300,1060
752,20180510,1518,74400,113
753,20180510,1519,74400,45
754,20180510,1520,74300,3
755,20180510,1530,74900,17976
756,20180511,901,75100,1448
757,20180511,902,74800,5
758,20180511,903,74800,125
759,20180511,904,74500,250
760,20180511,905,74900,145
761,20180511,906,75000,259
762,20180511,907,75200,1048
763,20180511,908,75200,774
764,20180511,909,75200,2
765,20180511,910,75500,474
766,20180511,911,75300,3
767,20180511,912,75400,22
768,20180511,913,75400,26
769,20180511,914,75400,114
770,20180511,915,75400,59
771,20180511,916,75500,78
772,20180511,917,75500,5
773,20180511,919,75500,23
774,20180511,921,75400,439
775,20180511,922,75400,2
776,20180511,923,75300,3111
777,20180511,924,74900,147
778,20180511,925,74900,27
779,20180511,926,74900,5
780,20180511,928,74900,70
781,20180511,929,74900,3
782,20180511,930,74900,512
783,20180511,931,75000,257
784,20180511,932,75000,66
785,20180511,933,75100,495
786,20180511,934,75300,197
787,20180511,935,75400,1041
788,20180511,936,75600,786
789,20180511,937,75900,365
790,20180511,938,75800,4
791,20180511,939,75600,72
792,20180511,940,75500,84
793,20180511,941,75400,75
794,20180511,942,75400,5
795,20180511,943,75400,10
796,20180511,944,75300,40
797,20180511,945,75300,5
798,20180511,946,75300,6
799,20180511,947,75300,90
800,20180511,948,75400,562
801,20180511,949,75700,275
802,20180511,950,75700,50
803,20180511,951,75700,129
804,20180511,952,75600,20
805,20180511,953,75700,4
806,20180511,954,75700,1031
807,20180511,955,75700,542
808,20180511,956,75900,156
809,20180511,957,76000,2538
810,20180511,958,76200,13
811,20180511,959,76200,189
812,20180511,1000,76200,218
813,20180511,1001,76200,1466
814,20180511,1002,75900,148
815,20180511,1003,75800,4
816,20180511,1004,75900,49
817,20180511,1005,75900,3
818,20180511,1006,75900,132
819,20180511,1007,75700,16
820,20180511,1008,75800,110
821,20180511,1010,75800,6
822,20180511,1011,75700,2
823,20180511,1012,75800,506
824,20180511,1013,75700,217
825,20180511,1014,75600,116
826,20180511,1015,75600,1122
827,20180511,1016,75900,55
828,20180511,1017,75900,35
829,20180511,1018,75900,195
830,20180511,1019,75900,119
831,20180511,1020,76000,125
832,20180511,1021,76000,36
833,20180511,1022,76000,39
834,20180511,1023,76000,50
835,20180511,1024,75900,39
836,20180511,1025,75900,275
837,20180511,1026,75900,134
838,20180511,1027,75900,148
839,20180511,1028,76000,33
840,20180511,1029,76000,65
841,20180511,1030,75900,55
842,20180511,1031,76000,57
843,20180511,1032,76000,35
844,20180511,1033,76000,84
845,20180511,1034,75900,615
846,20180511,1035,75700,186
847,20180511,1036,75800,33
848,20180511,1037,75800,33
849,20180511,1038,75800,33
850,20180511,1039,75800,33
851,20180511,1040,75800,37
852,20180511,1041,75700,34
853,20180511,1042,75800,68
854,20180511,1043,75800,49
855,20180511,1044,75800,609
856,20180511,1045,75900,101
857,20180511,1046,76000,227
858,20180511,1047,75900,55
859,20180511,1048,76000,348
860,20180511,1049,76100,344
861,20180511,1050,76100,343
862,20180511,1051,76200,256
863,20180511,1052,76200,141
864,20180511,1053,76100,299
865,20180511,1054,76000,38
866,20180511,1055,76100,86
867,20180511,1056,76000,82
868,20180511,1057,76100,33
869,20180511,1058,76100,49
870,20180511,1059,76100,35
871,20180511,1100,76000,12
872,20180511,1101,76000,35
873,20180511,1102,76000,63
874,20180511,1103,75800,80
875,20180511,1104,75800,31
876,20180511,1105,75700,97
877,20180511,1106,75800,21
878,20180511,1107,75800,1
879,20180511,1108,75700,398
880,20180511,1109,75800,427
881,20180511,1110,75700,12
882,20180511,1111,75600,228
883,20180511,1112,75700,255
884,20180511,1113,75700,7
885,20180511,1114,75600,14
886,20180511,1117,75600,177
887,20180511,1118,75900,10
888,20180511,1120,75800,38
889,20180511,1122,75700,499
890,20180511,1123,75600,157
891,20180511,1124,75600,62
892,20180511,1125,75600,141
893,20180511,1127,75700,4
894,20180511,1128,75700,92
895,20180511,1129,75600,255
896,20180511,1131,75600,96
897,20180511,1136,75600,70
898,20180511,1137,75600,3
899,20180511,1138,75700,428
900,20180511,1139,75800,6
901,20180511,1140,75700,237
902,20180511,1142,75600,10
903,20180511,1143,75600,3
904,20180511,1146,75500,471
905,20180511,1148,75400,2
906,20180511,1149,75400,101
907,20180511,1150,75400,4
908,20180511,1151,75400,7
909,20180511,1152,75300,138
910,20180511,1153,75200,5
911,20180511,1154,75200,126
912,20180511,1155,75300,205
913,20180511,1156,75300,19
914,20180511,1157,75400,419
915,20180511,1158,75200,412
916,20180511,1159,75300,37
917,20180511,1200,75400,90
918,20180511,1201,75400,1
919,20180511,1203,75400,34
920,20180511,1204,75400,13
921,20180511,1205,75400,69
922,20180511,1207,75400,165
923,20180511,1208,75400,10
924,20180511,1209,75400,12
925,20180511,1210,75400,29
926,20180511,1211,75400,22
927,20180511,1212,75400,7
928,20180511,1213,75500,1
929,20180511,1215,75400,2
930,20180511,1217,75500,108
931,20180511,1222,75400,5
932,20180511,1224,75500,1
933,20180511,1227,75400,52
934,20180511,1228,75400,9
935,20180511,1231,75400,225
936,20180511,1232,75400,6
937,20180511,1233,75400,4
938,20180511,1234,75300,10
939,20180511,1235,75300,132
940,20180511,1236,75400,1
941,20180511,1237,75300,243
942,20180511,1238,75200,50
943,20180511,1240,75300,1073
944,20180511,1241,75300,1
945,20180511,1244,75400,94
946,20180511,1245,75400,47
947,20180511,1247,75400,1
948,20180511,1248,75400,1
949,20180511,1249,75400,20
950,20180511,1251,75300,5
951,20180511,1252,75400,170
952,20180511,1253,75300,148
953,20180511,1255,75300,15
954,20180511,1258,75400,274
955,20180511,1259,75500,254
956,20180511,1300,75500,44
957,20180511,1301,75500,266
958,20180511,1302,75500,125
959,20180511,1303,75400,121
960,20180511,1304,75400,36
961,20180511,1305,75400,75
962,20180511,1306,75400,132
963,20180511,1307,75400,86
964,20180511,1310,75400,81
965,20180511,1311,75400,133
966,20180511,1312,75500,25
967,20180511,1313,75500,67
968,20180511,1314,75500,25
969,20180511,1315,75500,26
970,20180511,1316,75500,199
971,20180511,1317,75400,82
972,20180511,1318,75500,26
973,20180511,1319,75500,80
974,20180511,1320,75400,66
975,20180511,1321,75400,27
976,20180511,1322,75300,34
977,20180511,1323,75400,242
978,20180511,1324,75400,91
979,20180511,1325,75400,48
980,20180511,1326,75400,240
981,20180511,1327,75500,26
982,20180511,1328,75500,25
983,20180511,1329,75500,31
984,20180511,1330,75500,26
985,20180511,1331,75500,26
986,20180511,1332,75500,79
987,20180511,1333,75500,26
988,20180511,1334,75500,27
989,20180511,1335,75500,26
990,20180511,1336,75500,346
991,20180511,1337,75400,180
992,20180511,1338,75500,25
993,20180511,1339,75500,102
994,20180511,1340,75400,36
995,20180511,1341,75400,399
996,20180511,1342,75300,152
997,20180511,1343,75400,25
998,20180511,1344,75400,25
999,20180511,1345,75400,28
1000,20180511,1346,75400,25
1001,20180511,1347,75400,35
1002,20180511,1348,75400,35
1003,20180511,1349,75400,26
1004,20180511,1350,75400,48
1005,20180511,1351,75400,309
1006,20180511,1352,75300,162
1007,20180511,1353,75300,453
1008,20180511,1354,75300,97
1009,20180511,1355,75300,86
1010,20180511,1356,75200,27
1011,20180511,1357,75300,26
1012,20180511,1358,75300,25
1013,20180511,1359,75200,44
1014,20180511,1400,75200,26
1015,20180511,1401,75300,25
1016,20180511,1402,75300,30
1017,20180511,1403,75300,26
1018,20180511,1404,75300,27
1019,20180511,1405,75300,79
1020,20180511,1406,75300,247
1021,20180511,1407,75200,723
1022,20180511,1408,75200,126
1023,20180511,1409,75200,25
1024,20180511,1410,75200,36
1025,20180511,1411,75200,29
1026,20180511,1412,75100,128
1027,20180511,1413,75200,176
1028,20180511,1414,75100,264
1029,20180511,1415,75200,36
1030,20180511,1416,75200,273
1031,20180511,1417,75300,29
1032,20180511,1418,75300,26
1033,20180511,1419,75300,30
1034,20180511,1420,75300,57
1035,20180511,1421,75400,74
1036,20180511,1422,75400,55
1037,20180511,1423,75400,31
1038,20180511,1424,75400,72
1039,20180511,1425,75400,26
1040,20180511,1426,75400,54
1041,20180511,1427,75400,27
1042,20180511,1428,75400,26
1043,20180511,1429,75400,127
1044,20180511,1430,75500,42
1045,20180511,1431,75400,26
1046,20180511,1432,75500,28
1047,20180511,1433,75500,28
1048,20180511,1434,75400,444
1049,20180511,1435,75400,56
1050,20180511,1436,75400,31
1051,20180511,1437,75400,86
1052,20180511,1438,75400,127
1053,20180511,1439,75400,26
1054,20180511,1440,75400,25
1055,20180511,1441,75300,26
1056,20180511,1442,75400,149
1057,20180511,1443,75400,46
1058,20180511,1444,75500,33
1059,20180511,1445,75500,26
1060,20180511,1446,75400,31
1061,20180511,1447,75500,26
1062,20180511,1448,75400,34
1063,20180511,1449,75500,34
1064,20180511,1450,75500,207
1065,20180511,1451,75400,382
1066,20180511,1452,75400,26
1067,20180511,1453,75400,161
1068,20180511,1454,75400,147
1069,20180511,1455,75300,65
1070,20180511,1456,75400,143
1071,20180511,1457,75400,27
1072,20180511,1458,75300,44
1073,20180511,1459,75400,27
1074,20180511,1500,75400,25
1075,20180511,1501,75400,43
1076,20180511,1502,75300,2
1077,20180511,1503,75300,383
1078,20180511,1505,75300,43
1079,20180511,1506,75200,662
1080,20180511,1507,75200,425
1081,20180511,1508,75200,61
1082,20180511,1509,75200,2
1083,20180511,1510,75100,56
1084,20180511,1511,75100,10
1085,20180511,1512,75100,133
1086,20180511,1513,75200,1
1087,20180511,1515,75100,1026
1088,20180511,1516,75000,414
1089,20180511,1517,75000,14
1090,20180511,1518,75000,215
1091,20180511,1519,75000,249
1092,20180511,1520,75100,116
1093,20180511,1530,75200,4709
0,20180514,901,75300,715
1,20180514,902,75800,49
2,20180514,903,75800,1173
3,20180514,904,75000,264
4,20180514,905,75000,57
5,20180514,906,75200,909
6,20180514,907,75100,201
7,20180514,908,75100,1
8,20180514,909,75000,252
9,20180514,910,74900,146
10,20180514,911,74800,885
11,20180514,912,75000,883
12,20180514,913,75200,378
13,20180514,914,75300,546
14,20180514,915,75400,95
15,20180514,916,75300,159
16,20180514,917,75300,156
17,20180514,918,75300,3
18,20180514,919,75300,22
19,20180514,920,75300,92
20,20180514,921,75200,704
21,20180514,922,75100,535
22,20180514,923,75000,3
23,20180514,924,75000,85
24,20180514,925,74900,1936
25,20180514,926,74700,288
26,20180514,928,74900,589
27,20180514,929,74600,169
28,20180514,930,74600,314
29,20180514,931,74400,331
30,20180514,932,74500,8
31,20180514,933,74500,84
32,20180514,934,74600,226
33,20180514,935,74600,138
34,20180514,936,74500,72
35,20180514,937,74600,114
36,20180514,938,74600,6
37,20180514,939,74600,18
38,20180514,940,74600,15
39,20180514,941,74600,12
40,20180514,942,74600,27
41,20180514,943,74600,330
42,20180514,944,74600,13
43,20180514,945,74500,435
44,20180514,946,74400,1159
45,20180514,947,74300,432
46,20180514,948,74100,100
47,20180514,949,74100,8
48,20180514,950,74100,19
49,20180514,951,74000,84
50,20180514,952,74000,340
51,20180514,953,74100,86
52,20180514,954,74000,16
53,20180514,955,74100,431
54,20180514,956,74300,13
55,20180514,957,74200,1
56,20180514,958,74300,115
57,20180514,959,74400,69
58,20180514,1000,74200,35
59,20180514,1001,74200,5
60,20180514,1002,74200,249
61,20180514,1003,74100,916
62,20180514,1004,74000,147
63,20180514,1005,74000,1244
64,20180514,1006,73900,95
65,20180514,1007,73800,70
66,20180514,1008,73800,157
67,20180514,1009,73900,112
68,20180514,1010,73900,31
69,20180514,1011,73900,71
70,20180514,1012,73900,107
71,20180514,1013,73800,221
72,20180514,1014,73900,28
73,20180514,1015,74000,231
74,20180514,1016,74100,12
75,20180514,1018,74000,40
76,20180514,1019,74000,240
77,20180514,1021,74000,22
78,20180514,1022,74100,10
79,20180514,1023,74000,248
80,20180514,1024,73900,40
81,20180514,1025,73900,6
82,20180514,1027,73900,229
83,20180514,1028,73900,15
84,20180514,1029,73700,178
85,20180514,1030,73700,478
86,20180514,1031,73600,624
87,20180514,1032,73500,84
88,20180514,1033,73500,124
89,20180514,1034,73500,24
90,20180514,1035,73500,6
91,20180514,1036,73500,35
92,20180514,1037,73500,490
93,20180514,1038,73300,206
94,20180514,1039,73300,45
95,20180514,1040,73300,26
96,20180514,1041,73400,197
97,20180514,1042,73400,722
98,20180514,1043,73200,749
99,20180514,1044,73200,62
100,20180514,1045,73200,15
101,20180514,1046,73200,9
102,20180514,1047,73100,1073
103,20180514,1048,73200,227
104,20180514,1049,73000,24
105,20180514,1050,73000,96
106,20180514,1051,73100,532
107,20180514,1052,73300,154
108,20180514,1053,73400,620
109,20180514,1054,73500,13
110,20180514,1055,73700,1
111,20180514,1056,73500,12
112,20180514,1057,73500,4
113,20180514,1058,73500,158
114,20180514,1059,73600,38
115,20180514,1100,73400,4
116,20180514,1102,73700,256
117,20180514,1103,73900,53
118,20180514,1104,73900,16
119,20180514,1105,73900,25
120,20180514,1106,74000,239
121,20180514,1107,74000,412
122,20180514,1108,74100,1
123,20180514,1109,74100,68
124,20180514,1110,74100,32
125,20180514,1111,74000,138
126,20180514,1112,74000,25
127,20180514,1113,74100,24
128,20180514,1114,74000,21
129,20180514,1115,74100,24
130,20180514,1117,74100,733
131,20180514,1118,74300,916
132,20180514,1119,74300,27
133,20180514,1120,74300,42
134,20180514,1121,74300,122
135,20180514,1122,74400,76
136,20180514,1123,74400,28
137,20180514,1124,74300,28
138,20180514,1125,74300,30
139,20180514,1126,74200,133
140,20180514,1127,74200,83
141,20180514,1128,74200,61
142,20180514,1129,74200,36
143,20180514,1130,74300,15
144,20180514,1131,74300,116
145,20180514,1132,74400,30
146,20180514,1133,74400,29
147,20180514,1134,74300,57
148,20180514,1135,74300,30
149,20180514,1136,74400,39
150,20180514,1137,74300,34
151,20180514,1138,74400,74
152,20180514,1139,74300,31
153,20180514,1140,74300,46
154,20180514,1141,74300,28
155,20180514,1142,74300,24
156,20180514,1143,74200,31
157,20180514,1144,74200,38
158,20180514,1145,74200,17
159,20180514,1146,74300,184
160,20180514,1147,74100,32
161,20180514,1148,74100,7
162,20180514,1149,74200,29
163,20180514,1150,74300,34
164,20180514,1151,74300,29
165,20180514,1152,74300,25
166,20180514,1153,74200,56
167,20180514,1154,74200,5
168,20180514,1155,74300,55
169,20180514,1156,74300,24
170,20180514,1157,74200,74
171,20180514,1158,74300,46
172,20180514,1159,74300,73
173,20180514,1200,74300,7
174,20180514,1201,74400,47
175,20180514,1203,74300,6
176,20180514,1204,74300,16
177,20180514,1205,74300,1
178,20180514,1206,74300,17
179,20180514,1207,74300,8
180,20180514,1209,74300,6
181,20180514,1210,74300,92
182,20180514,1212,74200,109
183,20180514,1213,74200,843
184,20180514,1214,74000,84
185,20180514,1215,74000,22
186,20180514,1216,74000,5
187,20180514,1217,74000,48
188,20180514,1218,73900,109
189,20180514,1219,73900,120
190,20180514,1220,73900,5
191,20180514,1221,74000,53
192,20180514,1222,73900,1
193,20180514,1223,73900,10
194,20180514,1224,73900,20
195,20180514,1225,73900,4
196,20180514,1226,73900,60
197,20180514,1227,73900,12
198,20180514,1228,73900,153
199,20180514,1229,73900,278
200,20180514,1230,73800,55
201,20180514,1231,74000,253
202,20180514,1232,73800,14
203,20180514,1233,73800,6
204,20180514,1234,73800,1
205,20180514,1235,73800,115
206,20180514,1236,73800,11
207,20180514,1237,73800,2
208,20180514,1238,73900,73
209,20180514,1239,73900,8
210,20180514,1240,73800,6
211,20180514,1241,73900,8
212,20180514,1242,73900,332
213,20180514,1243,73700,18
214,20180514,1244,73700,1
215,20180514,1245,73800,80
216,20180514,1246,73700,103
217,20180514,1247,73800,61
218,20180514,1248,73800,3
219,20180514,1249,73800,5
220,20180514,1251,73800,23
221,20180514,1252,73800,5
222,20180514,1253,73800,445
223,20180514,1254,73700,39
224,20180514,1255,73700,17
225,20180514,1256,73600,1
226,20180514,1257,73600,11
227,20180514,1258,73600,561
228,20180514,1259,73500,72
229,20180514,1300,73500,22
230,20180514,1301,73600,122
231,20180514,1302,73600,39
232,20180514,1303,73500,15
233,20180514,1304,73500,266
234,20180514,1305,73600,6
235,20180514,1306,73600,58
236,20180514,1307,73600,12
237,20180514,1308,73600,6
238,20180514,1309,73600,14
239,20180514,1310,73700,334
240,20180514,1311,73600,1
241,20180514,1312,73700,2
242,20180514,1313,73700,146
243,20180514,1314,73600,20
244,20180514,1316,73600,78
245,20180514,1317,73700,12
246,20180514,1318,73700,10
247,20180514,1319,73700,1
248,20180514,1320,73700,71
249,20180514,1321,73700,9
250,20180514,1323,73700,1
251,20180514,1324,73700,201
252,20180514,1325,73600,1
253,20180514,1326,73600,43
254,20180514,1327,73600,21
255,20180514,1328,73600,3
256,20180514,1329,73600,2
257,20180514,1330,73600,4
258,20180514,1331,73600,13
259,20180514,1332,73600,2
260,20180514,1333,73600,2
261,20180514,1334,73600,12
262,20180514,1335,73600,236
263,20180514,1336,73600,8
264,20180514,1337,73600,52
265,20180514,1338,73600,471
266,20180514,1339,73900,2
267,20180514,1340,73900,104
268,20180514,1341,73900,47
269,20180514,1342,73900,457
270,20180514,1343,74000,1
271,20180514,1344,74000,31
272,20180514,1345,74000,63
273,20180514,1346,73800,2
274,20180514,1347,73900,55
275,20180514,1348,73900,24
276,20180514,1349,73900,25
277,20180514,1350,73900,36
278,20180514,1351,73900,4
279,20180514,1352,73900,6
280,20180514,1353,73900,25
281,20180514,1354,74000,450
282,20180514,1355,74000,17
283,20180514,1356,74000,37
284,20180514,1357,74000,60
285,20180514,1358,74000,111
286,20180514,1359,74000,12
287,20180514,1400,74000,40
288,20180514,1401,74000,138
289,20180514,1402,74100,106
290,20180514,1403,74100,7
291,20180514,1404,74100,12
292,20180514,1405,74100,50
293,20180514,1406,74100,13
294,20180514,1407,74100,44
295,20180514,1408,74300,114
296,20180514,1409,74300,113
297,20180514,1410,74400,76
298,20180514,1411,74100,17
299,20180514,1412,74200,76
300,20180514,1413,74200,47
301,20180514,1414,74200,113
302,20180514,1415,74300,36
303,20180514,1416,74300,214
304,20180514,1417,74300,2
305,20180514,1418,74300,8
306,20180514,1419,74300,149
307,20180514,1420,74300,7
308,20180514,1421,74400,3
309,20180514,1422,74400,1460
310,20180514,1423,74600,342
311,20180514,1424,74600,175
312,20180514,1425,74500,47
313,20180514,1426,74500,78
314,20180514,1427,74600,340
315,20180514,1428,74500,8
316,20180514,1429,74600,17
317,20180514,1430,74700,16
318,20180514,1431,74600,17
319,20180514,1433,74600,452
320,20180514,1434,74600,8
321,20180514,1435,74700,96
322,20180514,1436,74700,471
323,20180514,1437,74800,35
324,20180514,1438,74800,24
325,20180514,1439,74700,66
326,20180514,1440,74800,22
327,20180514,1441,74700,13
328,20180514,1442,74800,518
329,20180514,1443,74700,9
330,20180514,1444,74700,563
331,20180514,1445,74800,1521
332,20180514,1446,74700,147
333,20180514,1447,74700,311
334,20180514,1448,74500,45
335,20180514,1449,74600,250
336,20180514,1450,74600,7
337,20180514,1451,74600,306
338,20180514,1452,74600,6
339,20180514,1453,74600,338
340,20180514,1454,74700,634
341,20180514,1455,74700,239
342,20180514,1456,74600,181
343,20180514,1457,74600,200
344,20180514,1458,74700,209
345,20180514,1459,74700,71
346,20180514,1500,74600,42
347,20180514,1501,74600,704
348,20180514,1502,74500,541
349,20180514,1503,74400,138
350,20180514,1504,74400,14
351,20180514,1505,74400,142
352,20180514,1506,74500,25
353,20180514,1507,74500,47
354,20180514,1508,74500,335
355,20180514,1509,74400,197
356,20180514,1510,74400,1019
357,20180514,1511,74500,280
358,20180514,1512,74500,38
359,20180514,1513,74400,17
360,20180514,1514,74400,300
361,20180514,1515,74500,7
362,20180514,1516,74600,8
363,20180514,1517,74600,9
364,20180514,1518,74500,9
365,20180514,1519,74600,240
366,20180514,1520,74600,94
367,20180514,1530,74700,2946
0,20180515,901,75000,885
1,20180515,902,74900,941
2,20180515,903,76000,1079
3,20180515,904,76000,1042
4,20180515,905,75800,2421
5,20180515,906,75900,475
6,20180515,907,76000,701
7,20180515,908,76100,181
8,20180515,909,76100,78
9,20180515,910,76100,1080
10,20180515,911,75600,1164
11,20180515,912,75600,47
12,20180515,913,75600,737
13,20180515,914,75600,48
14,20180515,915,75600,314
15,20180515,916,75700,248
16,20180515,917,75500,153
17,20180515,918,75500,833
18,20180515,919,75300,1330
19,20180515,920,75100,20
20,20180515,921,75200,46
21,20180515,922,75100,801
22,20180515,923,75200,280
23,20180515,924,75100,432
24,20180515,925,75100,729
25,20180515,926,75300,7
26,20180515,927,75200,556
27,20180515,928,75100,36
28,20180515,929,75000,450
29,20180515,930,75000,446
30,20180515,931,74800,163
31,20180515,932,74800,365
32,20180515,933,75000,48
33,20180515,934,75000,2
34,20180515,935,75000,6
35,20180515,936,75000,359
36,20180515,937,74900,1
37,20180515,938,74900,3
38,20180515,939,74800,6
39,20180515,940,74900,1
40,20180515,941,74900,2
41,20180515,943,74900,1
42,20180515,944,74800,331
43,20180515,945,74900,151
44,20180515,946,74900,13
45,20180515,948,74900,156
46,20180515,949,74900,10
47,20180515,950,74900,22
48,20180515,951,74900,1
49,20180515,952,74800,9
50,20180515,953,74800,45
51,20180515,954,74900,268
52,20180515,955,74900,223
53,20180515,956,74900,13
54,20180515,957,74900,83
55,20180515,958,74900,6
56,20180515,959,75000,120
57,20180515,1000,74900,42
58,20180515,1001,75000,10
59,20180515,1002,75000,93
60,20180515,1003,75000,289
61,20180515,1004,75100,206
62,20180515,1005,75000,100
63,20180515,1006,74900,89
64,20180515,1007,75000,171
65,20180515,1008,74800,26
66,20180515,1010,74800,191
67,20180515,1011,74900,10
68,20180515,1012,74900,126
69,20180515,1013,74900,1
70,20180515,1014,74800,823
71,20180515,1015,74600,1649
72,20180515,1016,74500,21
73,20180515,1017,74400,232
74,20180515,1018,74400,198
75,20180515,1019,74500,2
76,20180515,1020,74400,247
77,20180515,1021,74400,155
78,20180515,1022,74400,6
79,20180515,1023,74400,54
80,20180515,1024,74400,535
81,20180515,1025,74400,21
82,20180515,1026,74400,47
83,20180515,1027,74500,1
84,20180515,1028,74500,247
85,20180515,1029,74400,90
86,20180515,1030,74500,5
87,20180515,1031,74500,1
88,20180515,1032,74500,63
89,20180515,1033,74500,50
90,20180515,1034,74500,3
91,20180515,1035,74400,1
92,20180515,1037,74500,45
93,20180515,1038,74500,21
94,20180515,1039,74400,1
95,20180515,1040,74500,41
96,20180515,1041,74400,36
97,20180515,1042,74400,136
98,20180515,1043,74500,19
99,20180515,1044,74400,1
100,20180515,1045,74400,94
101,20180515,1046,74500,1
102,20180515,1047,74400,1
103,20180515,1048,74400,23
104,20180515,1049,74400,307
105,20180515,1050,74400,3
106,20180515,1051,74400,1
107,20180515,1052,74400,21
108,20180515,1053,74500,330
109,20180515,1054,74400,117
110,20180515,1055,74400,153
111,20180515,1056,74400,163
112,20180515,1057,74300,15
113,20180515,1058,74200,190
114,20180515,1059,74100,884
115,20180515,1100,74100,20
116,20180515,1101,74100,66
117,20180515,1102,74100,41
118,20180515,1103,74100,1007
119,20180515,1104,74200,1
120,20180515,1105,74200,154
121,20180515,1106,74200,2
122,20180515,1107,74200,298
123,20180515,1108,74300,98
124,20180515,1109,74300,20
125,20180515,1110,74400,12
126,20180515,1111,74400,74
127,20180515,1112,74400,423
128,20180515,1113,74500,138
129,20180515,1115,74400,78
130,20180515,1116,74300,11
131,20180515,1117,74300,4
132,20180515,1118,74300,2
133,20180515,1120,74300,3
134,20180515,1121,74200,1628
135,20180515,1122,74100,36
136,20180515,1123,74100,11
137,20180515,1124,74100,3
138,20180515,1125,74100,1
139,20180515,1126,74000,588
140,20180515,1127,74100,477
141,20180515,1128,74300,33
142,20180515,1130,74400,1
143,20180515,1131,74400,26
144,20180515,1132,74500,21
145,20180515,1133,74500,2
146,20180515,1134,74500,1
147,20180515,1135,74400,5
148,20180515,1138,74500,302
149,20180515,1140,74500,38
150,20180515,1141,74500,25
151,20180515,1142,74600,22
152,20180515,1143,74600,14
153,20180515,1144,74500,1
154,20180515,1145,74600,50
155,20180515,1146,74500,137
156,20180515,1147,74500,42
157,20180515,1148,74500,21
158,20180515,1149,74500,372
159,20180515,1150,74400,14
160,20180515,1152,74400,3
161,20180515,1153,74500,3
162,20180515,1155,74500,15
163,20180515,1157,74500,4
164,20180515,1159,74500,1
165,20180515,1200,74400,1
166,20180515,1201,74500,843
167,20180515,1202,74200,90
168,20180515,1203,74100,132
169,20180515,1204,74100,36
170,20180515,1205,74100,42
171,20180515,1207,74200,821
172,20180515,1208,74400,5
173,20180515,1209,74500,1
174,20180515,1211,74500,236
175,20180515,1213,74700,2
176,20180515,1215,74700,10
177,20180515,1216,74700,41
178,20180515,1217,74600,3
179,20180515,1220,74700,2
180,20180515,1221,74700,5
181,20180515,1223,74600,736
182,20180515,1224,74500,9
183,20180515,1225,74600,1
184,20180515,1227,74500,1
185,20180515,1229,74600,1
186,20180515,1230,74600,26
187,20180515,1231,74500,153
188,20180515,1232,74500,231
189,20180515,1233,74400,1
190,20180515,1234,74400,11
191,20180515,1236,74400,831
192,20180515,1237,74600,49
193,20180515,1238,74600,1
194,20180515,1240,74600,1067
195,20180515,1242,74600,725
196,20180515,1244,74900,1
197,20180515,1245,74900,1
198,20180515,1246,74900,1
199,20180515,1247,74900,28
200,20180515,1248,74800,5
201,20180515,1249,74800,118
202,20180515,1250,74800,16
203,20180515,1251,74800,41
204,20180515,1252,74800,426
205,20180515,1253,75000,220
206,20180515,1254,75000,15
207,20180515,1255,75000,6
208,20180515,1256,75000,12
209,20180515,1257,75000,36
210,20180515,1259,75000,2
211,20180515,1300,75000,909
212,20180515,1301,75100,141
213,20180515,1302,75100,601
214,20180515,1303,75100,2513
215,20180515,1304,75400,70
216,20180515,1305,75400,336
217,20180515,1306,75400,91
218,20180515,1307,75400,202
219,20180515,1308,75400,99
220,20180515,1309,75400,89
221,20180515,1310,75500,2249
222,20180515,1311,75600,2770
223,20180515,1312,75700,104
224,20180515,1314,75500,188
225,20180515,1315,75500,2
226,20180515,1316,75500,130
227,20180515,1317,75300,415
228,20180515,1318,75400,508
229,20180515,1319,75400,110
230,20180515,1320,75300,33
231,20180515,1321,75400,5
232,20180515,1322,75300,1
233,20180515,1324,75400,106
234,20180515,1325,75400,960
235,20180515,1326,75600,635
236,20180515,1327,75600,85
237,20180515,1328,75500,822
238,20180515,1329,75800,759
239,20180515,1330,75500,124
240,20180515,1331,75700,190
241,20180515,1332,75700,6498
242,20180515,1333,75900,120
243,20180515,1334,76000,63
244,20180515,1335,76100,180
245,20180515,1336,76000,52
246,20180515,1337,76000,12
247,20180515,1338,75900,205
248,20180515,1339,75800,68
249,20180515,1340,75800,3
250,20180515,1341,75900,1
251,20180515,1342,75800,33
252,20180515,1343,75800,82
253,20180515,1344,75800,48
254,20180515,1345,75800,41
255,20180515,1346,75800,308
256,20180515,1347,75800,234
257,20180515,1348,75900,6
258,20180515,1349,75800,11
259,20180515,1350,75900,5
260,20180515,1351,75900,480
261,20180515,1354,75800,10
262,20180515,1355,75800,2
263,20180515,1356,75800,60
264,20180515,1357,75900,16
265,20180515,1358,75900,241
266,20180515,1359,75800,125
267,20180515,1400,75800,80
268,20180515,1401,75900,2419
269,20180515,1402,76100,10
270,20180515,1403,76100,366
271,20180515,1404,76200,743
272,20180515,1405,76300,454
273,20180515,1406,76200,594
274,20180515,1407,76300,139
275,20180515,1408,76400,429
276,20180515,1409,76400,401
277,20180515,1410,76400,18
278,20180515,1411,76500,261
279,20180515,1412,76500,112
280,20180515,1413,76400,485
281,20180515,1414,76500,25
282,20180515,1415,76400,378
283,20180515,1416,76400,237
284,20180515,1417,76300,412
285,20180515,1418,76300,254
286,20180515,1419,76300,115
287,20180515,1420,76300,6
288,20180515,1421,76400,481
289,20180515,1422,76400,120
290,20180515,1423,76300,255
291,20180515,1424,76300,1
292,20180515,1425,76300,5
293,20180515,1426,76400,480
294,20180515,1427,76500,23
295,20180515,1428,76500,254
296,20180515,1429,76500,140
297,20180515,1430,76400,1
298,20180515,1431,76500,387
299,20180515,1432,76600,369
300,20180515,1433,76600,232
301,20180515,1434,76500,4
302,20180515,1435,76600,10
303,20180515,1436,76600,375
304,20180515,1437,76600,22
305,20180515,1438,76600,251
306,20180515,1440,76600,598
307,20180515,1441,76600,232
308,20180515,1442,76600,41
309,20180515,1443,76500,681
310,20180515,1444,76400,2
311,20180515,1445,76400,239
312,20180515,1446,76500,108
313,20180515,1447,76300,5
314,20180515,1448,76400,367
315,20180515,1449,76300,37
316,20180515,1450,76400,234
317,20180515,1451,76300,230
318,20180515,1452,76300,31
319,20180515,1453,76400,259
320,20180515,1454,76400,117
321,20180515,1455,76400,298
322,20180515,1456,76400,90
323,20180515,1457,76400,40
324,20180515,1458,76400,379
325,20180515,1459,76500,32
326,20180515,1500,76500,350
327,20180515,1501,76500,51
328,20180515,1502,76400,16
329,20180515,1503,76400,38
330,20180515,1504,76400,269
331,20180515,1505,76400,269
332,20180515,1506,76200,369
333,20180515,1507,76100,64
334,20180515,1508,76100,40
335,20180515,1509,76200,20
336,20180515,1510,76100,58
337,20180515,1511,76100,851
338,20180515,1512,76000,41
339,20180515,1513,75900,86
340,20180515,1514,75900,677
341,20180515,1515,75700,346
342,20180515,1516,75700,714
343,20180515,1517,75700,513
344,20180515,1518,75800,7
345,20180515,1519,75700,27
346,20180515,1520,75900,11
347,20180515,1530,76000,6179
348,20180516,901,76100,910
349,20180516,902,76100,17
350,20180516,903,76100,1212
351,20180516,904,75700,452
352,20180516,905,75600,437
353,20180516,906,75300,862
354,20180516,907,75300,371
355,20180516,908,75100,503
356,20180516,909,75100,756
357,20180516,910,74800,185
358,20180516,911,74900,116
359,20180516,912,75000,378
360,20180516,913,75000,141
361,20180516,914,75000,89
362,20180516,915,75000,34
363,20180516,916,75100,147
364,20180516,917,75200,27
365,20180516,918,75300,768
366,20180516,919,75500,814
367,20180516,920,75400,547
368,20180516,921,75400,45
369,20180516,922,75400,479
370,20180516,923,75400,301
371,20180516,924,75200,318
372,20180516,925,75400,82
373,20180516,926,75200,184
374,20180516,927,75300,216
375,20180516,928,75500,392
376,20180516,929,75500,219
377,20180516,930,75600,169
378,20180516,931,75700,649
379,20180516,932,76300,61
380,20180516,933,76200,199
381,20180516,934,76000,76
382,20180516,935,76100,75
383,20180516,936,76000,66
384,20180516,937,76100,245
385,20180516,938,76100,19
386,20180516,939,76100,30
387,20180516,940,76100,445
388,20180516,941,75900,21
389,20180516,942,75900,354
390,20180516,943,75900,25
391,20180516,944,75900,72
392,20180516,945,75900,34
393,20180516,946,75800,64
394,20180516,947,75600,491
395,20180516,948,75400,55
396,20180516,949,75300,931
397,20180516,950,75300,8
398,20180516,951,75300,585
399,20180516,952,75300,30
400,20180516,953,75400,11
401,20180516,954,75300,235
402,20180516,955,75300,8
403,20180516,956,75300,127
404,20180516,957,75400,123
405,20180516,958,75200,135
406,20180516,959,75200,8
407,20180516,1000,75200,24
408,20180516,1001,75200,17
409,20180516,1002,75200,630
410,20180516,1003,75000,1016
411,20180516,1004,74800,745
412,20180516,1005,74600,657
413,20180516,1006,74400,650
414,20180516,1007,74600,23
415,20180516,1008,74600,113
416,20180516,1009,74700,11
417,20180516,1010,74700,506
418,20180516,1011,74900,166
419,20180516,1013,74900,64
420,20180516,1014,74900,209
421,20180516,1015,75000,237
422,20180516,1016,74800,15
423,20180516,1017,74800,63
424,20180516,1018,74800,63
425,20180516,1019,74700,5
426,20180516,1020,74800,344
427,20180516,1021,74800,105
428,20180516,1022,75000,1
429,20180516,1023,75000,185
430,20180516,1024,74800,227
431,20180516,1025,74700,66
432,20180516,1026,74800,110
433,20180516,1027,74700,47
434,20180516,1028,74700,93
435,20180516,1029,74700,4
436,20180516,1030,74700,55
437,20180516,1031,74700,68
438,20180516,1032,74800,26
439,20180516,1033,74700,41
440,20180516,1034,74700,4
441,20180516,1035,74800,6
442,20180516,1036,74700,1320
443,20180516,1037,75100,28
444,20180516,1038,75000,35
445,20180516,1039,75000,130
446,20180516,1040,75000,35
447,20180516,1041,75000,36
448,20180516,1042,75000,154
449,20180516,1043,75000,35
450,20180516,1044,75000,5
451,20180516,1045,75000,41
452,20180516,1046,75000,35
453,20180516,1047,75100,117
454,20180516,1048,75100,313
455,20180516,1049,75200,125
456,20180516,1050,75100,249
457,20180516,1051,75100,167
458,20180516,1052,75100,69
459,20180516,1053,75200,4
460,20180516,1054,75200,2
461,20180516,1055,75100,94
462,20180516,1056,75200,32
463,20180516,1057,75200,497
464,20180516,1058,75100,218
465,20180516,1059,75100,201
466,20180516,1100,75100,5
467,20180516,1101,75200,4
468,20180516,1102,75100,71
469,20180516,1103,75200,116
470,20180516,1104,75100,1
471,20180516,1105,75100,168
472,20180516,1106,75200,29
473,20180516,1107,75200,34
474,20180516,1108,75200,87
475,20180516,1109,75100,6
476,20180516,1110,75200,2
477,20180516,1111,75100,20
478,20180516,1112,75100,965
479,20180516,1113,74900,72
480,20180516,1114,74900,1
481,20180516,1115,75000,74
482,20180516,1116,74900,10
483,20180516,1117,74900,30
484,20180516,1118,75000,8
485,20180516,1119,74900,4
486,20180516,1120,74900,35
487,20180516,1121,74900,4
488,20180516,1122,74900,74
489,20180516,1123,74900,2
490,20180516,1124,75000,1309
491,20180516,1125,75200,80
492,20180516,1126,75200,6
493,20180516,1127,75200,60
494,20180516,1128,75100,6
495,20180516,1129,75100,66
496,20180516,1130,75100,37
497,20180516,1131,75100,12
498,20180516,1132,75200,182
499,20180516,1133,75100,132
500,20180516,1134,75100,308
501,20180516,1135,75200,3
502,20180516,1136,75100,5
503,20180516,1137,75200,14
504,20180516,1138,75100,21
505,20180516,1139,75200,101
506,20180516,1140,75200,133
507,20180516,1142,75100,32
508,20180516,1143,75100,48
509,20180516,1144,75100,64
510,20180516,1145,75000,278
511,20180516,1146,75000,3
512,20180516,1147,75000,28
513,20180516,1148,75000,106
514,20180516,1149,75000,46
515,20180516,1150,75100,1105
516,20180516,1151,74900,4
517,20180516,1152,74900,31
518,20180516,1153,74900,5
519,20180516,1154,74900,28
520,20180516,1155,74900,31
521,20180516,1156,74900,8
522,20180516,1157,75000,212
523,20180516,1158,74900,4
524,20180516,1159,74900,233
525,20180516,1200,75000,36
526,20180516,1201,75000,284
527,20180516,1202,74900,92
528,20180516,1203,75000,2
529,20180516,1204,74900,32
530,20180516,1205,74900,4
531,20180516,1206,74900,28
532,20180516,1207,74900,33
533,20180516,1208,74900,3
534,20180516,1209,74900,52
535,20180516,1210,74900,2
536,20180516,1211,74900,34
537,20180516,1212,74900,53
538,20180516,1213,74900,5
539,20180516,1214,75000,30
540,20180516,1215,74900,23
541,20180516,1216,74900,35
542,20180516,1217,74900,28
543,20180516,1218,74900,5
544,20180516,1219,74900,233
545,20180516,1220,74900,677
546,20180516,1221,74900,108
547,20180516,1222,74900,82
548,20180516,1223,74900,201
549,20180516,1224,74900,132
550,20180516,1225,74900,584
551,20180516,1226,74800,6
552,20180516,1227,74800,49
553,20180516,1228,74900,23
554,20180516,1229,74800,32
555,20180516,1230,74800,617
556,20180516,1231,74800,64
557,20180516,1232,74800,37
558,20180516,1233,74800,3
559,20180516,1234,74800,34
560,20180516,1235,74800,119
561,20180516,1236,74800,31
562,20180516,1237,74800,1013
563,20180516,1238,74700,54
564,20180516,1239,74800,46
565,20180516,1240,74700,3
566,20180516,1241,74700,24
567,20180516,1242,74700,4
568,20180516,1243,74700,329
569,20180516,1244,74700,33
570,20180516,1245,74700,2
571,20180516,1246,74800,33
572,20180516,1247,74700,5
573,20180516,1248,74700,39
574,20180516,1249,74800,43
575,20180516,1250,74700,7
576,20180516,1251,74700,31
577,20180516,1252,74700,4
578,20180516,1253,74700,37
579,20180516,1254,74700,156
580,20180516,1255,74700,6
581,20180516,1256,74700,236
582,20180516,1257,74700,40
583,20180516,1258,74700,5
584,20180516,1259,74700,173
585,20180516,1300,74700,39
586,20180516,1301,74700,4
587,20180516,1303,74700,70
588,20180516,1304,74700,15
589,20180516,1305,74700,1
590,20180516,1306,74700,55
591,20180516,1307,74700,4
592,20180516,1308,74700,4
593,20180516,1310,74700,236
594,20180516,1311,74700,4
595,20180516,1312,74700,31
596,20180516,1313,74700,30
597,20180516,1314,74700,40
598,20180516,1315,74800,384
599,20180516,1316,74600,1915
600,20180516,1317,74700,52
601,20180516,1318,74800,1335
602,20180516,1319,75000,126
603,20180516,1320,75100,29
604,20180516,1321,75000,9
605,20180516,1322,75100,16
606,20180516,1323,75100,30
607,20180516,1324,75100,9
608,20180516,1325,75000,34
609,20180516,1327,75000,34
610,20180516,1328,75000,55
611,20180516,1330,75000,34
612,20180516,1331,75000,9
613,20180516,1332,75000,218
614,20180516,1333,75200,36
615,20180516,1334,75200,27
616,20180516,1335,75100,2
617,20180516,1336,75100,23
618,20180516,1337,75200,180
619,20180516,1338,75200,615
620,20180516,1339,75300,5
621,20180516,1340,75300,5
622,20180516,1341,75400,3
623,20180516,1342,75400,26
624,20180516,1343,75300,21
625,20180516,1344,75400,238
626,20180516,1345,75400,497
627,20180516,1346,75500,116
628,20180516,1347,75600,89
629,20180516,1348,75700,284
630,20180516,1349,75500,8
631,20180516,1350,75500,85
632,20180516,1351,75600,285
633,20180516,1352,75700,386
634,20180516,1353,75800,219
635,20180516,1354,76000,244
636,20180516,1355,75700,279
637,20180516,1356,75600,53
638,20180516,1357,75700,475
639,20180516,1358,75700,8
640,20180516,1359,75700,196
641,20180516,1400,75700,305
642,20180516,1401,75700,207
643,20180516,1402,75700,106
644,20180516,1403,75800,87
645,20180516,1404,75800,91
646,20180516,1405,75800,5
647,20180516,1406,75800,203
648,20180516,1407,75800,210
649,20180516,1408,75800,33
650,20180516,1409,75800,307
651,20180516,1410,75800,16
652,20180516,1411,75900,185
653,20180516,1412,75800,266
654,20180516,1413,75900,13
655,20180516,1414,75800,372
656,20180516,1415,75800,306
657,20180516,1416,75900,395
658,20180516,1417,75900,258
659,20180516,1418,76000,4
660,20180516,1419,76000,715
661,20180516,1420,76100,104
662,20180516,1421,76100,411
663,20180516,1422,76200,516
664,20180516,1423,76200,216
665,20180516,1424,76200,1323
666,20180516,1425,76100,190
667,20180516,1426,76200,209
668,20180516,1427,76200,223
669,20180516,1428,76200,20
670,20180516,1429,76200,264
671,20180516,1430,76200,235
672,20180516,1431,76300,340
673,20180516,1432,76300,1171
674,20180516,1433,76400,105
675,20180516,1434,76500,344
676,20180516,1435,76600,4
677,20180516,1436,76600,251
678,20180516,1437,76700,393
679,20180516,1438,76800,4091
680,20180516,1439,77000,868
681,20180516,1440,76800,684
682,20180516,1441,77000,682
683,20180516,1442,76900,339
684,20180516,1443,76900,4
685,20180516,1444,76900,954
686,20180516,1445,76600,238
687,20180516,1446,76800,91
688,20180516,1447,76700,1498
689,20180516,1448,77100,887
690,20180516,1449,77000,274
691,20180516,1450,77000,136
692,20180516,1451,77100,1840
693,20180516,1452,77000,4435
694,20180516,1453,76700,162
695,20180516,1454,76800,554
696,20180516,1455,76400,89
697,20180516,1456,76500,449
698,20180516,1457,76500,160
699,20180516,1458,76600,2130
700,20180516,1459,76900,409
701,20180516,1500,77000,938
702,20180516,1501,76800,1485
703,20180516,1502,77000,1095
704,20180516,1503,76800,2244
705,20180516,1504,76700,32
706,20180516,1505,76800,31
707,20180516,1506,76800,392
708,20180516,1507,76600,235
709,20180516,1508,76500,172
710,20180516,1509,76500,101
711,20180516,1510,76600,75
712,20180516,1511,76600,293
713,20180516,1512,76600,322
714,20180516,1513,76500,155
715,20180516,1514,76500,172
716,20180516,1515,76500,198
717,20180516,1516,76700,340
718,20180516,1517,76700,118
719,20180516,1518,76600,124
720,20180516,1519,76600,121
721,20180516,1520,76600,160
722,20180516,1530,76300,2553
723,20180517,901,76600,936
724,20180517,902,76500,1486
725,20180517,903,75700,153
726,20180517,904,75900,1
727,20180517,906,76300,1717
728,20180517,907,76300,1
729,20180517,908,76300,11
730,20180517,909,76000,193
731,20180517,910,76100,187
732,20180517,911,76600,369
733,20180517,912,76300,34
734,20180517,913,76200,67
735,20180517,914,76100,946
736,20180517,915,75800,297
737,20180517,916,75900,200
738,20180517,917,75900,52
739,20180517,918,75900,9
740,20180517,919,76000,153
741,20180517,920,75900,121
742,20180517,921,75800,1060
743,20180517,922,75500,811
744,20180517,923,75600,17
745,20180517,924,75400,119
746,20180517,925,75500,23
747,20180517,926,75400,426
748,20180517,927,75500,191
749,20180517,928,75600,574
750,20180517,929,75400,51
751,20180517,930,75500,46
752,20180517,931,75400,50
753,20180517,932,75500,6
754,20180517,933,75500,149
755,20180517,934,75600,63
756,20180517,935,75600,15
757,20180517,936,75600,151
758,20180517,937,75600,112
759,20180517,938,75600,360
760,20180517,939,75700,152
761,20180517,940,75700,90
762,20180517,941,75700,395
763,20180517,942,75800,214
764,20180517,943,75900,144
765,20180517,944,76000,63
766,20180517,945,76000,2
767,20180517,946,76000,248
768,20180517,947,76000,1641
769,20180517,948,76200,15
770,20180517,949,76100,237
771,20180517,950,75900,34
772,20180517,951,76100,3
773,20180517,952,76000,1
774,20180517,953,76000,17
775,20180517,955,76000,8
776,20180517,956,76000,41
777,20180517,957,76000,32
778,20180517,958,76100,2
779,20180517,959,76100,85
780,20180517,1000,76000,32
781,20180517,1002,76100,12
782,20180517,1003,76000,322
783,20180517,1004,75900,189
784,20180517,1005,76000,101
785,20180517,1006,75900,2
786,20180517,1007,75900,17
787,20180517,1008,75900,4
788,20180517,1009,76000,246
789,20180517,1010,76000,23
790,20180517,1012,76100,4
791,20180517,1013,76000,40
792,20180517,1014,76100,2
793,20180517,1015,76000,94
794,20180517,1016,76100,116
795,20180517,1017,76000,55
796,20180517,1019,75900,14
797,20180517,1020,76000,2
798,20180517,1021,76000,10
799,20180517,1022,76000,4
800,20180517,1023,75900,55
801,20180517,1025,75900,59
802,20180517,1026,75900,44
803,20180517,1027,75900,60
804,20180517,1028,76000,105
805,20180517,1030,75900,3
806,20180517,1031,76000,5
807,20180517,1032,76000,140
808,20180517,1033,75900,1
809,20180517,1034,76000,5
810,20180517,1035,75900,89
811,20180517,1036,75800,417
812,20180517,1037,75600,10
813,20180517,1038,75600,53
814,20180517,1039,75600,404
815,20180517,1040,75700,44
816,20180517,1041,75700,52
817,20180517,1042,75700,2
818,20180517,1043,75600,19
819,20180517,1044,75700,1
820,20180517,1046,75700,3
821,20180517,1047,75600,51
822,20180517,1048,75600,8
823,20180517,1049,75700,31
824,20180517,1050,75700,11
825,20180517,1051,75600,733
826,20180517,1052,75600,182
827,20180517,1053,75600,1
828,20180517,1054,75600,3
829,20180517,1055,75500,1
830,20180517,1056,75600,156
831,20180517,1057,75500,413
832,20180517,1058,75600,59
833,20180517,1059,75600,11
834,20180517,1100,75600,18
835,20180517,1101,75500,9
836,20180517,1102,75600,231
837,20180517,1103,75600,9
838,20180517,1104,75600,1
839,20180517,1105,75600,23
840,20180517,1106,75600,102
841,20180517,1108,75500,76
842,20180517,1109,75600,11
843,20180517,1110,75500,53
844,20180517,1111,75500,55
845,20180517,1113,75600,2
846,20180517,1114,75500,569
847,20180517,1115,75500,130
848,20180517,1116,75600,1
849,20180517,1117,75500,422
850,20180517,1118,75400,423
851,20180517,1119,75400,1043
852,20180517,1120,75400,167
853,20180517,1121,75300,223
854,20180517,1122,75300,1603
855,20180517,1123,75100,11
856,20180517,1124,75200,134
857,20180517,1125,75200,376
858,20180517,1126,75300,8
859,20180517,1127,75300,3
860,20180517,1128,75200,3
861,20180517,1129,75200,275
862,20180517,1130,75200,1
863,20180517,1131,75200,67
864,20180517,1132,75200,271
865,20180517,1134,75200,739
866,20180517,1135,75100,260
867,20180517,1136,75100,10
868,20180517,1137,75100,28
869,20180517,1138,75200,136
870,20180517,1139,75200,2
871,20180517,1140,75100,4
872,20180517,1141,75100,5
873,20180517,1143,75200,33
874,20180517,1144,75100,7
875,20180517,1145,75200,6
876,20180517,1146,75100,289
877,20180517,1147,75000,1
878,20180517,1148,75000,5
879,20180517,1149,75100,5
880,20180517,1150,75100,60
881,20180517,1151,75100,54
882,20180517,1152,75100,403
883,20180517,1153,75200,1
884,20180517,1154,75100,4
885,20180517,1155,75100,7
886,20180517,1156,75100,50
887,20180517,1157,75200,223
888,20180517,1159,75200,3
889,20180517,1200,75200,11
890,20180517,1201,75300,103
891,20180517,1202,75300,1
892,20180517,1203,75200,3
893,20180517,1205,75300,152
894,20180517,1207,75200,3
895,20180517,1208,75200,100
896,20180517,1209,75300,1
897,20180517,1210,75300,8
898,20180517,1211,75200,140
899,20180517,1212,75100,34
900,20180517,1213,75200,26
901,20180517,1215,75200,6
902,20180517,1216,75200,709
903,20180517,1217,75300,1
904,20180517,1220,75200,24
905,20180517,1221,75200,4
906,20180517,1222,75100,546
907,20180517,1223,75000,41
908,20180517,1224,75100,28
909,20180517,1225,75100,78
910,20180517,1226,75100,18
911,20180517,1227,75100,121
912,20180517,1228,75100,83
913,20180517,1229,75100,1
914,20180517,1230,75000,42
915,20180517,1231,75100,3
916,20180517,1232,75100,2
917,20180517,1233,75100,69
918,20180517,1234,75100,304
919,20180517,1235,75100,11
920,20180517,1236,75100,118
921,20180517,1237,75100,230
922,20180517,1238,75100,3
923,20180517,1240,75100,20
924,20180517,1242,75200,1
925,20180517,1243,75200,33
926,20180517,1244,75200,206
927,20180517,1245,75100,94
928,20180517,1246,75100,12
929,20180517,1247,75100,9
930,20180517,1248,75100,25
931,20180517,1249,75000,12
932,20180517,1250,75100,136
933,20180517,1251,75100,47
934,20180517,1252,75100,144
935,20180517,1253,75100,24
936,20180517,1254,75100,41
937,20180517,1255,75100,2
938,20180517,1256,75100,11
939,20180517,1257,75000,647
940,20180517,1258,75100,16
941,20180517,1259,75200,1
942,20180517,1300,75100,86
943,20180517,1301,75100,24
944,20180517,1302,75100,1
945,20180517,1303,75100,28
946,20180517,1305,75200,25
947,20180517,1306,75100,1
948,20180517,1308,75200,381
949,20180517,1309,75200,196
950,20180517,1310,75200,101
951,20180517,1311,75200,110
952,20180517,1312,75200,6
953,20180517,1314,75100,3
954,20180517,1316,75200,1
955,20180517,1318,75200,32
956,20180517,1319,75200,41
957,20180517,1320,75100,1079
958,20180517,1322,75100,27
959,20180517,1323,75100,48
960,20180517,1324,75100,194
961,20180517,1327,75100,4
962,20180517,1328,75200,1
963,20180517,1329,75100,208
964,20180517,1330,75200,2
965,20180517,1332,75100,4
966,20180517,1333,75200,2
967,20180517,1336,75100,54
968,20180517,1338,75100,1
969,20180517,1339,75100,41
970,20180517,1340,75100,26
971,20180517,1341,75100,4
972,20180517,1342,75100,1
973,20180517,1343,75100,117
974,20180517,1344,75200,101
975,20180517,1345,75200,132
976,20180517,1346,75200,1285
977,20180517,1347,75300,281
978,20180517,1349,75300,3
979,20180517,1350,75400,100
980,20180517,1351,75400,1
981,20180517,1352,75300,1
982,20180517,1354,75400,4
983,20180517,1355,75400,1
984,20180517,1357,75300,1
985,20180517,1358,75400,5
986,20180517,1359,75300,20
987,20180517,1400,75300,236
988,20180517,1402,75300,67
989,20180517,1403,75200,4
990,20180517,1404,75300,6
991,20180517,1405,75300,5
992,20180517,1406,75300,1211
993,20180517,1407,75400,3
994,20180517,1408,75500,2
995,20180517,1409,75400,112
996,20180517,1410,75400,5
997,20180517,1412,75500,57
998,20180517,1413,75400,930
999,20180517,1414,75300,8
1000,20180517,1415,75400,4
1001,20180517,1416,75300,105
1002,20180517,1417,75300,2
1003,20180517,1418,75400,1
1004,20180517,1419,75300,12
1005,20180517,1420,75300,4
1006,20180517,1421,75300,798
1007,20180517,1422,75300,2666
1008,20180517,1423,75700,93
1009,20180517,1424,75600,10
1010,20180517,1425,75600,103
1011,20180517,1426,75400,52
1012,20180517,1427,75400,37
1013,20180517,1428,75300,4
1014,20180517,1429,75400,482
1015,20180517,1430,75500,4
1016,20180517,1431,75600,122
1017,20180517,1432,75500,62
1018,20180517,1433,75400,44
1019,20180517,1434,75400,9
1020,20180517,1435,75400,34
1021,20180517,1436,75400,3
1022,20180517,1437,75400,31
1023,20180517,1438,75500,17
1024,20180517,1439,75400,114
1025,20180517,1440,75400,306
1026,20180517,1441,75500,386
1027,20180517,1442,75500,527
1028,20180517,1443,75500,381
1029,20180517,1444,75400,11
1030,20180517,1445,75400,5
1031,20180517,1446,75400,208
1032,20180517,1447,75300,1446
1033,20180517,1448,75200,228
1034,20180517,1449,75200,1749
1035,20180517,1450,75100,259
1036,20180517,1451,75000,120
1037,20180517,1452,75000,15
1038,20180517,1453,75000,25
1039,20180517,1454,75100,615
1040,20180517,1456,75200,212
1041,20180517,1457,75200,24
1042,20180517,1458,75100,2206
1043,20180517,1459,75100,16
1044,20180517,1500,75000,259
1045,20180517,1501,75000,329
1046,20180517,1502,75000,92
1047,20180517,1503,75000,330
1048,20180517,1504,75000,384
1049,20180517,1505,75000,683
1050,20180517,1506,75300,89
1051,20180517,1507,75200,171
1052,20180517,1508,75200,99
1053,20180517,1509,75100,7
1054,20180517,1510,75100,14
1055,20180517,1511,75100,136
1056,20180517,1512,75000,47
1057,20180517,1513,75000,97
1058,20180517,1514,75000,39
1059,20180517,1515,74900,79
1060,20180517,1516,74900,84
1061,20180517,1517,74900,137
1062,20180517,1518,75000,234
1063,20180517,1519,75000,280
1064,20180517,1520,75000,663
1065,20180517,1530,74900,5379
0,20180518,901,75200,359
1,20180518,902,75100,238
2,20180518,903,75200,312
3,20180518,904,75300,378
4,20180518,905,75500,89
5,20180518,906,75600,448
6,20180518,907,75500,344
7,20180518,908,75600,284
8,20180518,909,75800,1348
9,20180518,910,75600,87
10,20180518,911,75900,841
11,20180518,912,75800,858
12,20180518,913,76000,107
13,20180518,914,76000,58
14,20180518,915,76000,435
15,20180518,916,76000,136
16,20180518,917,76000,298
17,20180518,918,75900,269
18,20180518,919,75900,235
19,20180518,920,75800,27
20,20180518,921,75800,120
21,20180518,922,75900,1452
22,20180518,923,76100,985
23,20180518,924,76300,16
24,20180518,925,76200,349
25,20180518,926,76300,787
26,20180518,927,76000,216
27,20180518,928,76000,203
28,20180518,929,76000,297
29,20180518,930,75900,674
30,20180518,931,76100,191
31,20180518,932,76000,197
32,20180518,933,76000,41
33,20180518,934,76100,193
34,20180518,935,76000,5
35,20180518,936,76100,234
36,20180518,937,76100,19
37,20180518,938,76000,196
38,20180518,939,76100,516
39,20180518,940,76200,1073
40,20180518,941,76200,45
41,20180518,942,76200,647
42,20180518,943,76100,207
43,20180518,944,76200,216
44,20180518,945,76200,340
45,20180518,946,76100,11
46,20180518,947,76200,679
47,20180518,948,76300,3
48,20180518,949,76200,408
49,20180518,950,76300,224
50,20180518,951,76200,345
51,20180518,952,76300,98
52,20180518,953,76300,253
53,20180518,954,76300,43
54,20180518,955,76300,183
55,20180518,956,76200,37
56,20180518,957,76400,232
57,20180518,958,76200,51
58,20180518,959,76300,241
59,20180518,1000,76300,242
60,20180518,1001,76300,64
61,20180518,1002,76200,6
62,20180518,1003,76200,7
63,20180518,1004,76200,30
64,20180518,1005,76300,557
65,20180518,1006,76400,3374
66,20180518,1007,76500,39
67,20180518,1008,76600,263
68,20180518,1009,76600,113
69,20180518,1010,76500,114
70,20180518,1011,76500,50
71,20180518,1012,76400,62
72,20180518,1013,76400,65
73,20180518,1014,76400,118
74,20180518,1015,76400,6
75,20180518,1016,76400,57
76,20180518,1017,76400,76
77,20180518,1018,76400,117
78,20180518,1019,76400,281
79,20180518,1020,76300,10
80,20180518,1021,76300,57
81,20180518,1022,76300,275
82,20180518,1024,76200,50
83,20180518,1025,76300,15
84,20180518,1026,76200,123
85,20180518,1027,76200,8
86,20180518,1028,76200,2683
87,20180518,1029,75800,525
88,20180518,1030,76000,21
89,20180518,1031,76000,12
90,20180518,1032,75900,9
91,20180518,1033,75900,202
92,20180518,1034,76000,120
93,20180518,1035,75900,8
94,20180518,1037,75900,308
95,20180518,1038,76000,10
96,20180518,1039,75900,6
97,20180518,1040,75900,262
98,20180518,1041,76100,12
99,20180518,1042,76100,20
100,20180518,1044,76100,18
101,20180518,1045,76100,13
102,20180518,1046,76000,13
103,20180518,1047,76000,13
104,20180518,1048,76100,23
105,20180518,1049,76100,13
106,20180518,1050,76100,19
107,20180518,1051,76100,47
108,20180518,1052,76100,94
109,20180518,1053,76100,446
110,20180518,1054,75900,86
111,20180518,1055,75800,97
112,20180518,1056,75800,32
113,20180518,1057,75800,35
114,20180518,1058,75800,73
115,20180518,1059,75800,28
116,20180518,1100,75800,12
117,20180518,1101,75800,57
118,20180518,1102,75800,21
119,20180518,1103,75800,85
120,20180518,1104,75700,17
121,20180518,1105,75700,160
122,20180518,1106,75700,101
123,20180518,1107,75700,219
124,20180518,1108,75600,150
125,20180518,1109,75600,15
126,20180518,1110,75500,170
127,20180518,1111,75600,131
128,20180518,1112,75600,125
129,20180518,1113,75600,46
130,20180518,1114,75500,167
131,20180518,1115,75600,324
132,20180518,1116,75500,32
133,20180518,1117,75500,693
134,20180518,1118,75700,71
135,20180518,1119,75700,124
136,20180518,1120,75700,118
137,20180518,1121,75700,134
138,20180518,1122,75700,106
139,20180518,1123,75700,24
140,20180518,1124,75700,118
141,20180518,1125,75700,89
142,20180518,1126,75600,114
143,20180518,1127,75700,134
144,20180518,1128,75700,106
145,20180518,1129,75600,172
146,20180518,1130,75600,28
147,20180518,1131,75600,198
148,20180518,1132,75600,296
149,20180518,1133,75700,20
150,20180518,1134,75600,253
151,20180518,1135,75500,20
152,20180518,1136,75600,423
153,20180518,1137,75400,28
154,20180518,1138,75400,112
155,20180518,1139,75400,238
156,20180518,1140,75400,22
157,20180518,1141,75500,224
158,20180518,1142,75400,66
159,20180518,1143,75400,119
160,20180518,1144,75500,225
161,20180518,1145,75300,43
162,20180518,1146,75400,115
163,20180518,1147,75400,26
164,20180518,1148,75300,193
165,20180518,1149,75200,176
166,20180518,1150,75200,219
167,20180518,1151,75200,698
168,20180518,1152,75300,147
169,20180518,1153,75400,114
170,20180518,1154,75300,10
171,20180518,1155,75300,108
172,20180518,1156,75400,121
173,20180518,1157,75400,84
174,20180518,1158,75300,106
175,20180518,1200,75300,113
176,20180518,1201,75400,124
177,20180518,1202,75300,32
178,20180518,1203,75300,182
179,20180518,1204,75300,7
180,20180518,1205,75300,158
181,20180518,1206,75300,1
182,20180518,1207,75300,120
183,20180518,1208,75300,144
184,20180518,1209,75300,45
185,20180518,1210,75400,263
186,20180518,1211,75200,6
187,20180518,1212,75200,112
188,20180518,1213,75200,169
189,20180518,1214,75200,4
190,20180518,1215,75200,458
191,20180518,1216,75200,49
192,20180518,1217,75200,101
193,20180518,1218,75200,23
194,20180518,1219,75200,365
195,20180518,1220,75200,133
196,20180518,1221,75100,39
197,20180518,1222,75200,126
198,20180518,1223,75100,93
199,20180518,1224,75100,106
200,20180518,1225,75100,164
201,20180518,1226,75100,34
202,20180518,1227,75100,102
203,20180518,1228,75200,39
204,20180518,1229,75100,327
205,20180518,1230,75100,29
206,20180518,1231,75100,121
207,20180518,1232,75100,659
208,20180518,1233,75200,10
209,20180518,1234,75200,114
210,20180518,1235,75200,6
211,20180518,1236,75200,89
212,20180518,1237,75100,112
213,20180518,1238,75100,151
214,20180518,1239,75200,112
215,20180518,1240,75100,95
216,20180518,1241,75200,150
217,20180518,1242,75100,86
218,20180518,1243,75100,29
219,20180518,1244,75000,105
220,20180518,1245,75100,111
221,20180518,1246,75000,106
222,20180518,1247,75000,467
223,20180518,1248,75200,66
224,20180518,1249,75100,171
225,20180518,1250,75000,10
226,20180518,1251,75000,30
227,20180518,1252,75000,740
228,20180518,1253,75100,110
229,20180518,1254,75100,28
230,20180518,1255,75100,112
231,20180518,1256,75100,100
232,20180518,1257,75100,6
233,20180518,1258,75100,315
234,20180518,1259,75000,33
235,20180518,1300,75000,119
236,20180518,1301,75000,537
237,20180518,1302,75100,9
238,20180518,1303,75000,124
239,20180518,1304,75000,45
240,20180518,1305,75000,118
241,20180518,1306,75000,25
242,20180518,1307,75000,211
243,20180518,1308,75000,193
244,20180518,1309,75000,132
245,20180518,1310,75000,504
246,20180518,1311,75000,166
247,20180518,1312,75000,171
248,20180518,1313,75000,104
249,20180518,1314,75100,27
250,20180518,1315,75000,120
251,20180518,1316,75000,12
252,20180518,1317,75000,100
253,20180518,1318,75000,12
254,20180518,1319,75000,164
255,20180518,1320,75000,100
256,20180518,1321,75100,174
257,20180518,1322,75000,117
258,20180518,1323,75000,41
259,20180518,1324,75100,107
260,20180518,1325,75000,141
261,20180518,1326,75000,6
262,20180518,1327,75000,129
263,20180518,1328,75000,142
264,20180518,1329,75000,54
265,20180518,1330,75000,431
266,20180518,1331,75000,108
267,20180518,1332,75100,345
268,20180518,1333,75100,16
269,20180518,1334,75200,85
270,20180518,1335,75100,14
271,20180518,1336,75100,101
272,20180518,1337,75100,106
273,20180518,1338,75100,13
274,20180518,1339,75100,126
275,20180518,1340,75000,13
276,20180518,1341,75000,647
277,20180518,1342,75000,426
278,20180518,1343,75000,197
279,20180518,1344,75100,215
280,20180518,1345,75200,12
281,20180518,1346,75100,169
282,20180518,1347,75100,7
283,20180518,1348,75100,167
284,20180518,1349,75100,157
285,20180518,1350,75200,351
286,20180518,1351,75100,111
287,20180518,1353,75100,158
288,20180518,1354,75100,105
289,20180518,1355,75100,220
290,20180518,1356,75100,111
291,20180518,1357,75100,5
292,20180518,1358,75200,102
293,20180518,1359,75100,50
294,20180518,1400,75100,124
295,20180518,1401,75100,111
296,20180518,1402,75100,344
297,20180518,1403,75200,105
298,20180518,1404,75200,166
299,20180518,1405,75200,106
300,20180518,1406,75200,5
301,20180518,1407,75200,111
302,20180518,1408,75200,366
303,20180518,1409,75100,385
304,20180518,1410,75400,111
305,20180518,1411,75500,149
306,20180518,1412,75500,44
307,20180518,1413,75500,28
308,20180518,1414,75500,13
309,20180518,1415,75400,10
310,20180518,1416,75400,13
311,20180518,1417,75400,11
312,20180518,1418,75400,7
313,20180518,1419,75400,7
314,20180518,1420,75400,33
315,20180518,1421,75400,9
316,20180518,1422,75400,130
317,20180518,1423,75300,51
318,20180518,1424,75300,38
319,20180518,1425,75300,29
320,20180518,1426,75300,27
321,20180518,1427,75300,254
322,20180518,1428,75200,112
323,20180518,1429,75300,52
324,20180518,1430,75200,25
325,20180518,1431,75200,26
326,20180518,1432,75200,50
327,20180518,1433,75200,15
328,20180518,1435,75300,20
329,20180518,1436,75200,15
330,20180518,1437,75300,9
331,20180518,1438,75200,21
332,20180518,1439,75200,60
333,20180518,1440,75300,122
334,20180518,1441,75300,45
335,20180518,1442,75200,34
336,20180518,1443,75300,190
337,20180518,1444,75300,199
338,20180518,1445,75500,23
339,20180518,1446,75300,16
340,20180518,1447,75500,140
341,20180518,1448,75500,11
342,20180518,1449,75400,15
343,20180518,1450,75500,493
344,20180518,1451,75300,8
345,20180518,1452,75300,26
346,20180518,1453,75300,636
347,20180518,1454,75300,101
348,20180518,1455,75300,31
349,20180518,1456,75300,48
350,20180518,1457,75300,216
351,20180518,1458,75200,7
352,20180518,1459,75300,324
353,20180518,1500,75300,46
354,20180518,1501,75300,12
355,20180518,1502,75400,407
356,20180518,1503,75300,167
357,20180518,1504,75400,282
358,20180518,1505,75400,6
359,20180518,1506,75400,103
360,20180518,1507,75400,6
361,20180518,1508,75400,13
362,20180518,1509,75400,471
363,20180518,1510,75400,133
364,20180518,1511,75400,164
365,20180518,1512,75400,38
366,20180518,1513,75300,1029
367,20180518,1514,75300,868
368,20180518,1515,75400,306
369,20180518,1516,75400,58
370,20180518,1517,75500,204
371,20180518,1518,75400,17
372,20180518,1519,75400,13
373,20180518,1520,75400,495
374,20180518,1530,75300,2754
0,20180521,901,75300,465
1,20180521,902,75400,152
2,20180521,903,75500,46
3,20180521,904,75600,698
4,20180521,905,75500,169
5,20180521,906,75500,131
6,20180521,907,75500,130
7,20180521,908,75500,10
8,20180521,909,75500,361
9,20180521,910,75800,226
10,20180521,911,75800,885
11,20180521,912,75500,29
12,20180521,913,75500,20
13,20180521,914,75400,59
14,20180521,915,75400,28
15,20180521,917,75500,98
16,20180521,918,75400,1006
17,20180521,919,75300,430
18,20180521,920,75100,20
19,20180521,921,75100,11
20,20180521,922,75100,217
21,20180521,923,75100,12
22,20180521,924,75200,408
23,20180521,925,75100,230
24,20180521,926,75000,63
25,20180521,927,75000,771
26,20180521,928,74800,56
27,20180521,929,74900,6
28,20180521,930,74800,234
29,20180521,931,74700,61
30,20180521,932,74700,90
31,20180521,933,74700,36
32,20180521,934,74700,616
33,20180521,935,74700,1
34,20180521,936,74700,321
35,20180521,937,74800,288
36,20180521,938,74800,14
37,20180521,939,74900,347
38,20180521,940,74800,106
39,20180521,941,74900,55
40,20180521,943,74800,25
41,20180521,944,74800,27
42,20180521,945,74900,1052
43,20180521,946,75100,160
44,20180521,947,75300,1
45,20180521,948,75300,259
46,20180521,950,75200,706
47,20180521,951,75600,188
48,20180521,952,75500,232
49,20180521,953,75500,63
50,20180521,954,75500,37
51,20180521,955,75400,50
52,20180521,957,75400,1
53,20180521,958,75400,53
54,20180521,959,75500,332
55,20180521,1000,75400,36
56,20180521,1001,75400,1
57,20180521,1002,75400,122
58,20180521,1003,75400,134
59,20180521,1004,75300,4
60,20180521,1005,75200,28
61,20180521,1006,75200,21
62,20180521,1008,75200,96
63,20180521,1009,75100,162
64,20180521,1010,75200,321
65,20180521,1012,75300,30
66,20180521,1013,75300,19
67,20180521,1014,75200,24
68,20180521,1015,75300,1
69,20180521,1016,75200,1
70,20180521,1017,75200,2
71,20180521,1020,75300,3
72,20180521,1021,75300,2
73,20180521,1023,75300,869
74,20180521,1024,75400,4
75,20180521,1025,75400,94
76,20180521,1026,75500,1
77,20180521,1027,75400,100
78,20180521,1028,75400,373
79,20180521,1029,75300,1
80,20180521,1031,75300,80
81,20180521,1032,75300,385
82,20180521,1034,75400,96
83,20180521,1035,75500,15
84,20180521,1036,75400,10
85,20180521,1038,75400,1
86,20180521,1039,75300,8
87,20180521,1040,75300,143
88,20180521,1041,75300,103
89,20180521,1042,75200,40
90,20180521,1043,75300,3
91,20180521,1044,75300,104
92,20180521,1045,75300,26
93,20180521,1046,75300,365
94,20180521,1047,75300,52
95,20180521,1048,75400,1
96,20180521,1049,75300,113
97,20180521,1050,75400,1
98,20180521,1051,75400,1
99,20180521,1052,75400,3
100,20180521,1054,75400,2
101,20180521,1055,75400,2
102,20180521,1056,75300,100
103,20180521,1057,75400,396
104,20180521,1058,75300,149
105,20180521,1059,75400,20
106,20180521,1100,75400,12
107,20180521,1101,75400,14
108,20180521,1103,75400,57
109,20180521,1104,75400,5
110,20180521,1106,75400,3
111,20180521,1107,75300,205
112,20180521,1109,75400,18
113,20180521,1110,75300,8
114,20180521,1112,75400,2
115,20180521,1113,75400,3
116,20180521,1114,75400,1064
117,20180521,1115,75500,4
118,20180521,1116,75500,8
119,20180521,1117,75500,3
120,20180521,1118,75500,1344
121,20180521,1119,75600,341
122,20180521,1120,75700,21
123,20180521,1121,75600,103
124,20180521,1122,75700,1
125,20180521,1123,75700,41
126,20180521,1124,75700,3
127,20180521,1125,75700,1
128,20180521,1126,75700,6
129,20180521,1127,75600,157
130,20180521,1128,75600,2
131,20180521,1129,75600,81
132,20180521,1130,75500,12
133,20180521,1131,75500,13
134,20180521,1132,75500,1
135,20180521,1133,75500,2
136,20180521,1134,75400,84
137,20180521,1135,75500,15
138,20180521,1136,75400,64
139,20180521,1137,75400,287
140,20180521,1138,75400,82
141,20180521,1139,75400,11
142,20180521,1140,75400,5
143,20180521,1141,75400,41
144,20180521,1142,75300,3
145,20180521,1143,75300,7
146,20180521,1145,75400,12
147,20180521,1146,75400,4
148,20180521,1149,75400,1
149,20180521,1150,75300,75
150,20180521,1151,75400,10
151,20180521,1152,75400,131
152,20180521,1153,75400,1
153,20180521,1155,75400,6
154,20180521,1156,75300,1
155,20180521,1158,75400,1
156,20180521,1159,75400,1
157,20180521,1200,75400,15
158,20180521,1201,75400,36
159,20180521,1202,75400,10
160,20180521,1203,75400,1
161,20180521,1204,75400,96
162,20180521,1207,75400,1
163,20180521,1208,75300,18
164,20180521,1210,75400,4
165,20180521,1211,75300,2
166,20180521,1212,75300,2
167,20180521,1213,75400,11
168,20180521,1214,75400,1
169,20180521,1215,75400,4
170,20180521,1217,75400,3
171,20180521,1218,75400,15
172,20180521,1220,75300,3
173,20180521,1221,75300,3
174,20180521,1223,75400,33
175,20180521,1224,75400,4
176,20180521,1226,75400,675
177,20180521,1227,75300,51
178,20180521,1228,75300,62
179,20180521,1229,75400,7
180,20180521,1230,75400,36
181,20180521,1232,75300,731
182,20180521,1233,75400,1
183,20180521,1234,75400,10
184,20180521,1235,75400,10
185,20180521,1236,75400,11
186,20180521,1237,75400,235
187,20180521,1238,75400,275
188,20180521,1239,75400,73
189,20180521,1240,75400,201
190,20180521,1241,75400,105
191,20180521,1242,75400,382
192,20180521,1243,75400,82
193,20180521,1244,75400,73
194,20180521,1245,75400,328
195,20180521,1246,75400,95
196,20180521,1247,75400,7
197,20180521,1248,75400,86
198,20180521,1250,75400,3
199,20180521,1251,75400,1
200,20180521,1252,75400,153
201,20180521,1253,75400,137
202,20180521,1254,75300,10
203,20180521,1255,75400,143
204,20180521,1257,75500,1
205,20180521,1259,75500,10
206,20180521,1300,75500,41
207,20180521,1301,75400,170
208,20180521,1304,75400,1
209,20180521,1305,75400,3
210,20180521,1306,75400,43
211,20180521,1308,75300,120
212,20180521,1309,75400,96
213,20180521,1310,75400,1
214,20180521,1311,75300,2
215,20180521,1312,75400,1
216,20180521,1313,75300,4
217,20180521,1314,75400,20
218,20180521,1315,75400,31
219,20180521,1317,75400,6
220,20180521,1318,75300,2
221,20180521,1319,75400,10
222,20180521,1320,75300,300
223,20180521,1321,75400,501
224,20180521,1322,75400,3
225,20180521,1323,75400,1
226,20180521,1324,75400,1
227,20180521,1326,75300,1394
228,20180521,1327,75200,37
229,20180521,1328,75200,3
230,20180521,1329,75300,41
231,20180521,1330,75300,162
232,20180521,1331,75300,75
233,20180521,1332,75300,529
234,20180521,1333,75300,69
235,20180521,1334,75300,1
236,20180521,1335,75300,80
237,20180521,1336,75300,31
238,20180521,1337,75300,1
239,20180521,1338,75300,40
240,20180521,1339,75300,525
241,20180521,1340,75200,2
242,20180521,1341,75200,21
243,20180521,1342,75200,1
244,20180521,1343,75200,620
245,20180521,1344,75000,4
246,20180521,1345,75100,21
247,20180521,1346,75100,101
248,20180521,1347,75100,300
249,20180521,1348,75100,91
250,20180521,1349,75100,156
251,20180521,1350,75100,5
252,20180521,1351,75000,22
253,20180521,1352,75100,3
254,20180521,1353,75100,307
255,20180521,1354,75200,1
256,20180521,1355,75100,101
257,20180521,1356,75100,101
258,20180521,1357,75200,1
259,20180521,1358,75200,25
260,20180521,1359,75200,18
261,20180521,1400,75100,1
262,20180521,1401,75200,4
263,20180521,1402,75200,1
264,20180521,1404,75100,1
265,20180521,1405,75200,1
266,20180521,1406,75100,2
267,20180521,1408,75200,75
268,20180521,1410,75200,4
269,20180521,1411,75100,168
270,20180521,1412,75000,1
271,20180521,1413,75000,1
272,20180521,1414,75000,5
273,20180521,1415,75000,9
274,20180521,1416,75000,36
275,20180521,1417,75000,1096
276,20180521,1418,75000,828
277,20180521,1419,74800,300
278,20180521,1420,74900,180
279,20180521,1421,74800,2
280,20180521,1422,74800,51
281,20180521,1423,74800,90
282,20180521,1424,74900,1
283,20180521,1425,74800,13
284,20180521,1426,74800,38
285,20180521,1427,74800,1
286,20180521,1428,74800,27
287,20180521,1429,74700,17
288,20180521,1430,74700,14
289,20180521,1431,74700,21
290,20180521,1432,74700,12
291,20180521,1433,74800,21
292,20180521,1434,74800,53
293,20180521,1435,74700,115
294,20180521,1436,74700,201
295,20180521,1437,74800,2
296,20180521,1438,74800,172
297,20180521,1439,74800,2281
298,20180521,1440,74900,132
299,20180521,1441,74900,681
300,20180521,1442,75000,50
301,20180521,1443,74900,55
302,20180521,1444,75000,1
303,20180521,1445,74900,3
304,20180521,1447,75000,12
305,20180521,1448,75000,32
306,20180521,1449,74900,4
307,20180521,1450,75000,6
308,20180521,1451,74900,1
309,20180521,1452,74900,260
310,20180521,1453,74900,32
311,20180521,1454,75000,3
312,20180521,1455,74900,2
313,20180521,1456,75000,36
314,20180521,1457,74900,121
315,20180521,1459,75000,981
316,20180521,1500,74900,474
317,20180521,1501,75000,72
318,20180521,1502,75000,205
319,20180521,1503,75000,20
320,20180521,1504,75000,73
321,20180521,1505,75000,3
322,20180521,1508,75000,341
323,20180521,1509,74900,785
324,20180521,1510,74800,98
325,20180521,1512,74900,10
326,20180521,1513,74800,1451
327,20180521,1514,74700,165
328,20180521,1515,74800,28
329,20180521,1516,74700,143
330,20180521,1517,74800,199
331,20180521,1518,74700,55
332,20180521,1519,74800,105
333,20180521,1520,74700,214
334,20180521,1530,74700,2705
335,20180523,901,74000,2510
336,20180523,902,74100,275
337,20180523,903,74100,551
338,20180523,905,74100,343
339,20180523,906,74300,161
340,20180523,907,74600,90
341,20180523,908,74500,205
342,20180523,909,74600,522
343,20180523,910,74400,72
344,20180523,911,74500,37
345,20180523,912,74500,157
346,20180523,913,74300,150
347,20180523,914,74200,235
348,20180523,915,74200,1066
349,20180523,916,74200,31
350,20180523,917,74200,7646
351,20180523,918,73900,144
352,20180523,919,73900,144
353,20180523,920,73900,732
354,20180523,921,73700,420
355,20180523,922,73400,200
356,20180523,923,73400,517
357,20180523,924,73500,1026
358,20180523,925,73100,2037
359,20180523,926,72800,1732
360,20180523,927,72700,27
361,20180523,928,72800,931
362,20180523,929,72700,152
363,20180523,930,72800,132
364,20180523,931,72900,263
365,20180523,932,72900,136
366,20180523,933,72900,420
367,20180523,934,73000,173
368,20180523,935,73300,20
369,20180523,936,73300,335
370,20180523,937,73400,1311
371,20180523,938,73800,409
372,20180523,939,73900,265
373,20180523,940,73800,82
374,20180523,941,73800,433
375,20180523,943,73700,7
376,20180523,944,73700,13
377,20180523,945,73700,631
378,20180523,946,73600,775
379,20180523,947,73400,65
380,20180523,948,73400,196
381,20180523,949,73400,140
382,20180523,950,73300,24
383,20180523,951,73300,17
384,20180523,952,73300,203
385,20180523,953,73300,168
386,20180523,954,73200,47
387,20180523,955,73200,545
388,20180523,957,73300,6
389,20180523,958,73200,410
390,20180523,959,73000,754
391,20180523,1000,73000,106
392,20180523,1001,73100,457
393,20180523,1002,73000,81
394,20180523,1003,73000,80
395,20180523,1004,72900,6
396,20180523,1005,73000,54
397,20180523,1006,72900,281
398,20180523,1007,73000,513
399,20180523,1008,72800,1069
400,20180523,1009,72800,101
401,20180523,1010,72800,43
402,20180523,1011,72800,88
403,20180523,1012,72900,868
404,20180523,1013,72700,67
405,20180523,1014,72800,4
406,20180523,1015,72800,2192
407,20180523,1016,72700,101
408,20180523,1017,72700,926
409,20180523,1018,72600,103
410,20180523,1019,72600,211
411,20180523,1020,72600,38
412,20180523,1021,72600,561
413,20180523,1022,72700,24
414,20180523,1023,72700,82
415,20180523,1024,72700,52
416,20180523,1025,72600,153
417,20180523,1026,72700,781
418,20180523,1027,72700,2508
419,20180523,1028,72700,14
420,20180523,1029,72800,676
421,20180523,1030,72800,149
422,20180523,1031,72800,317
423,20180523,1032,72900,61
424,20180523,1033,72900,7
425,20180523,1034,72900,8
426,20180523,1035,72900,69
427,20180523,1036,72900,21
428,20180523,1037,72900,53
429,20180523,1038,72900,17
430,20180523,1039,72900,75
431,20180523,1040,72900,49
432,20180523,1041,72900,78
433,20180523,1042,72900,31
434,20180523,1043,72900,179
435,20180523,1044,72900,1124
436,20180523,1045,73100,316
437,20180523,1046,73100,58
438,20180523,1047,73100,126
439,20180523,1048,73200,393
440,20180523,1049,73100,273
441,20180523,1050,73000,42
442,20180523,1051,72900,17
443,20180523,1052,73000,38
444,20180523,1053,72900,66
445,20180523,1054,73000,868
446,20180523,1055,72800,180
447,20180523,1056,72900,130
448,20180523,1057,72800,316
449,20180523,1058,72800,55
450,20180523,1059,72800,72
451,20180523,1100,72800,44
452,20180523,1101,72800,117
453,20180523,1102,72800,484
454,20180523,1103,72700,247
455,20180523,1104,72800,114
456,20180523,1105,72800,74
457,20180523,1106,72800,107
458,20180523,1107,72800,90
459,20180523,1108,72800,119
460,20180523,1109,72800,672
461,20180523,1110,72800,95
462,20180523,1111,72700,84
463,20180523,1112,72800,39
464,20180523,1113,72800,92
465,20180523,1114,72800,41
466,20180523,1115,72800,151
467,20180523,1116,72800,70
468,20180523,1117,72700,47
469,20180523,1118,72800,3
470,20180523,1119,72800,71
471,20180523,1120,72700,2415
472,20180523,1121,73000,446
473,20180523,1122,73000,1
474,20180523,1124,73000,11
475,20180523,1125,73000,42
476,20180523,1126,72900,46
477,20180523,1127,73000,1
478,20180523,1128,72900,49
479,20180523,1129,73000,80
480,20180523,1130,72900,173
481,20180523,1131,72900,1
482,20180523,1132,72800,418
483,20180523,1133,72800,21
484,20180523,1134,72700,69
485,20180523,1135,72700,291
486,20180523,1136,72700,164
487,20180523,1137,72800,81
488,20180523,1138,72700,2
489,20180523,1139,72800,53
490,20180523,1140,72800,42
491,20180523,1141,72800,447
492,20180523,1142,72800,120
493,20180523,1143,72700,801
494,20180523,1144,72700,130
495,20180523,1145,72600,558
496,20180523,1146,72600,78
497,20180523,1147,72700,59
498,20180523,1148,72700,122
499,20180523,1149,72700,245
500,20180523,1150,72700,5
501,20180523,1151,72700,56
502,20180523,1152,72600,76
503,20180523,1153,72700,78
504,20180523,1154,72700,92
505,20180523,1155,72600,224
506,20180523,1156,72700,1
507,20180523,1157,72700,177
508,20180523,1158,72700,3
509,20180523,1159,72600,76
510,20180523,1200,72600,681
511,20180523,1201,72700,199
512,20180523,1202,72600,124
513,20180523,1203,72700,83
514,20180523,1204,72600,849
515,20180523,1205,72700,55
516,20180523,1206,72700,30
517,20180523,1207,72700,43
518,20180523,1208,72700,109
519,20180523,1209,72600,154
520,20180523,1210,72700,488
521,20180523,1211,72600,496
522,20180523,1212,72600,4
523,20180523,1213,72500,186
524,20180523,1214,72500,114
525,20180523,1215,72600,41
526,20180523,1217,72600,52
527,20180523,1218,72600,69
528,20180523,1219,72600,75
529,20180523,1220,72600,14
530,20180523,1221,72600,39
531,20180523,1222,72600,55
532,20180523,1223,72500,40
533,20180523,1224,72500,122
534,20180523,1225,72600,112
535,20180523,1226,72500,115
536,20180523,1227,72600,40
537,20180523,1228,72500,105
538,20180523,1229,72600,105
539,20180523,1230,72600,803
540,20180523,1231,72500,389
541,20180523,1232,72500,98
542,20180523,1233,72600,206
543,20180523,1234,72500,4003
544,20180523,1235,72400,2482
545,20180523,1236,72400,103
546,20180523,1237,72500,58
547,20180523,1238,72500,266
548,20180523,1239,72500,49
549,20180523,1240,72500,47
550,20180523,1241,72500,44
551,20180523,1242,72500,459
552,20180523,1243,72400,2558
553,20180523,1244,72400,138
554,20180523,1245,72400,1261
555,20180523,1246,72300,1773
556,20180523,1247,72300,5425
557,20180523,1248,72500,87
558,20180523,1249,72500,59
559,20180523,1250,72500,344
560,20180523,1251,72400,9671
561,20180523,1252,72100,508
562,20180523,1253,72200,2
563,20180523,1254,72100,281
564,20180523,1255,72100,30
565,20180523,1256,72000,239
566,20180523,1257,72000,196
567,20180523,1258,72100,712
568,20180523,1259,72200,246
569,20180523,1300,72200,2111
570,20180523,1301,72200,428
571,20180523,1302,72200,677
572,20180523,1303,72400,1
573,20180523,1304,72400,7
574,20180523,1306,72400,1131
575,20180523,1307,72400,261
576,20180523,1308,72600,259
577,20180523,1309,72500,891
578,20180523,1310,72600,21
579,20180523,1311,72600,115
580,20180523,1312,72500,55
581,20180523,1313,72500,88
582,20180523,1314,72500,22
583,20180523,1315,72500,332
584,20180523,1316,72600,1
585,20180523,1317,72500,436
586,20180523,1318,72600,1
587,20180523,1319,72600,574
588,20180523,1320,72400,825
589,20180523,1321,72200,1280
590,20180523,1322,72300,106
591,20180523,1323,72400,246
592,20180523,1324,72400,153
593,20180523,1325,72400,229
594,20180523,1326,72400,542
595,20180523,1327,72400,90
596,20180523,1328,72400,2
597,20180523,1329,72300,49
598,20180523,1330,72400,262
599,20180523,1331,72300,473
600,20180523,1332,72400,1298
601,20180523,1333,72800,125
602,20180523,1334,72700,57
603,20180523,1335,72700,322
604,20180523,1336,72600,208
605,20180523,1337,72700,107
606,20180523,1338,72600,2
607,20180523,1339,72600,151
608,20180523,1340,72700,181
609,20180523,1341,72600,280
610,20180523,1342,72700,80
611,20180523,1343,72600,314
612,20180523,1344,72600,375
613,20180523,1345,72600,789
614,20180523,1346,72500,367
615,20180523,1347,72400,40
616,20180523,1348,72400,942
617,20180523,1349,72500,48
618,20180523,1350,72500,111
619,20180523,1351,72700,80
620,20180523,1352,72700,6
621,20180523,1353,72700,129
622,20180523,1354,72600,2
623,20180523,1355,72700,49
624,20180523,1356,72600,79
625,20180523,1357,72700,66
626,20180523,1358,72700,505
627,20180523,1359,72700,375
628,20180523,1400,72600,1193
629,20180523,1401,72500,378
630,20180523,1402,72500,77
631,20180523,1403,72600,58
632,20180523,1404,72500,2
633,20180523,1405,72600,179
634,20180523,1406,72500,2
635,20180523,1407,72600,29
636,20180523,1408,72500,79
637,20180523,1409,72600,50
638,20180523,1410,72500,79
639,20180523,1411,72600,64
640,20180523,1412,72500,41
641,20180523,1413,72500,161
642,20180523,1414,72500,43
643,20180523,1415,72600,1545
644,20180523,1416,72500,247
645,20180523,1417,72500,35
646,20180523,1418,72500,54
647,20180523,1419,72600,76
648,20180523,1420,72500,33
649,20180523,1421,72500,128
650,20180523,1422,72500,185
651,20180523,1423,72600,95
652,20180523,1424,72500,50
653,20180523,1425,72500,1421
654,20180523,1426,72400,70
655,20180523,1427,72500,337
656,20180523,1428,72400,240
657,20180523,1429,72500,86
658,20180523,1430,72400,149
659,20180523,1431,72500,87
660,20180523,1432,72400,902
661,20180523,1433,72400,426
662,20180523,1434,72400,234
663,20180523,1435,72400,85
664,20180523,1436,72300,2680
665,20180523,1437,72500,1074
666,20180523,1438,72900,235
667,20180523,1439,72900,355
668,20180523,1440,72800,200
669,20180523,1441,72700,136
670,20180523,1442,72600,246
671,20180523,1443,72400,657
672,20180523,1444,72600,150
673,20180523,1445,72600,40
674,20180523,1446,72600,31
675,20180523,1447,72600,372
676,20180523,1448,72500,74
677,20180523,1449,72500,33
678,20180523,1450,72500,244
679,20180523,1451,72400,379
680,20180523,1452,72500,34
681,20180523,1453,72400,111
682,20180523,1454,72500,92
683,20180523,1455,72400,38
684,20180523,1456,72500,44
685,20180523,1457,72400,51
686,20180523,1458,72500,42
687,20180523,1459,72400,351
688,20180523,1500,72500,29
689,20180523,1501,72400,297
690,20180523,1502,72500,35
691,20180523,1503,72400,170
692,20180523,1504,72500,199
693,20180523,1505,72500,42
694,20180523,1506,72500,31
695,20180523,1507,72500,100
696,20180523,1508,72400,39
697,20180523,1509,72400,94
698,20180523,1510,72400,242
699,20180523,1511,72500,656
700,20180523,1512,72400,1863
701,20180523,1513,72600,135
702,20180523,1514,72600,139
703,20180523,1515,72600,139
704,20180523,1516,72500,235
705,20180523,1517,72500,161
706,20180523,1518,72400,135
707,20180523,1519,72500,215
708,20180523,1520,72500,1224
709,20180523,1530,72500,3624
0,20180524,901,72700,686
1,20180524,902,73100,358
2,20180524,903,73400,492
3,20180524,904,73200,174
4,20180524,905,73300,203
5,20180524,906,73300,4685
6,20180524,907,74200,1054
7,20180524,908,73700,135
8,20180524,909,73800,340
9,20180524,910,73400,223
10,20180524,911,73400,3
11,20180524,912,73400,1856
12,20180524,913,73700,614
13,20180524,914,74000,711
14,20180524,915,74200,1004
15,20180524,916,73900,285
16,20180524,917,73800,214
17,20180524,918,73700,820
18,20180524,919,73500,324
19,20180524,920,73600,642
20,20180524,921,74000,913
21,20180524,922,74100,562
22,20180524,923,74100,134
23,20180524,924,74000,190
24,20180524,925,74100,2098
25,20180524,926,74300,1112
26,20180524,927,74400,760
27,20180524,928,74400,1229
28,20180524,929,74400,534
29,20180524,930,74400,986
30,20180524,931,74500,2145
31,20180524,932,74400,157
32,20180524,933,74400,52
33,20180524,935,74400,259
34,20180524,936,74300,1363
35,20180524,937,74100,100
36,20180524,938,74100,188
37,20180524,939,74100,403
38,20180524,940,74000,279
39,20180524,941,74200,85
40,20180524,942,74200,308
41,20180524,943,74400,348
42,20180524,944,74400,448
43,20180524,945,74500,738
44,20180524,946,74200,239
45,20180524,947,74300,199
46,20180524,948,74200,147
47,20180524,949,74300,2
48,20180524,950,74300,11
49,20180524,951,74200,275
50,20180524,952,74300,3
51,20180524,953,74200,96
52,20180524,955,74200,107
53,20180524,956,74300,2617
54,20180524,957,74700,44
55,20180524,958,74600,26
56,20180524,959,74600,968
57,20180524,1000,74200,121
58,20180524,1001,74200,464
59,20180524,1002,74300,217
60,20180524,1003,74400,7
61,20180524,1004,74400,59
62,20180524,1005,74500,30
63,20180524,1006,74500,92
64,20180524,1007,74500,161
65,20180524,1008,74400,82
66,20180524,1009,74400,52
67,20180524,1010,74400,139
68,20180524,1011,74300,167
69,20180524,1012,74300,1
70,20180524,1013,74200,193
71,20180524,1014,74100,468
72,20180524,1015,74300,72
73,20180524,1016,74200,33
74,20180524,1017,74200,3
75,20180524,1018,74200,1
76,20180524,1019,74200,43
77,20180524,1020,74200,1
78,20180524,1021,74200,20
79,20180524,1022,74200,1
80,20180524,1023,74100,44
81,20180524,1024,74200,260
82,20180524,1025,74100,21
83,20180524,1026,74200,370
84,20180524,1027,74100,197
85,20180524,1028,74000,103
86,20180524,1029,74100,3
87,20180524,1030,74000,461
88,20180524,1031,73900,95
89,20180524,1032,73900,1
90,20180524,1033,73900,314
91,20180524,1034,73800,56
92,20180524,1035,73800,168
93,20180524,1036,73800,1105
94,20180524,1037,73600,37
95,20180524,1038,73500,1265
96,20180524,1039,73600,512
97,20180524,1040,73700,35
98,20180524,1041,73700,46
99,20180524,1042,73700,120
100,20180524,1044,73700,11
101,20180524,1045,73600,6
102,20180524,1046,73600,571
103,20180524,1047,73600,20
104,20180524,1048,73600,17
105,20180524,1049,73600,12
106,20180524,1050,73600,221
107,20180524,1051,73500,45
108,20180524,1052,73500,91
109,20180524,1053,73500,134
110,20180524,1054,73600,105
111,20180524,1055,73500,47
112,20180524,1056,73600,4
113,20180524,1057,73600,167
114,20180524,1058,73600,5
115,20180524,1059,73500,42
116,20180524,1100,73600,382
117,20180524,1101,73600,1402
118,20180524,1102,73700,256
119,20180524,1103,73700,101
120,20180524,1104,73700,86
121,20180524,1105,73600,81
122,20180524,1106,73700,13
123,20180524,1108,73700,1
124,20180524,1109,73600,43
125,20180524,1110,73700,529
126,20180524,1111,73500,896
127,20180524,1112,73500,44
128,20180524,1113,73400,940
129,20180524,1114,73500,114
130,20180524,1116,73500,183
131,20180524,1117,73500,1568
132,20180524,1118,73700,324
133,20180524,1119,73700,42
134,20180524,1120,73700,43
135,20180524,1121,73700,471
136,20180524,1122,73700,2
137,20180524,1123,73600,158
138,20180524,1124,73500,50
139,20180524,1125,73500,33
140,20180524,1126,73500,133
141,20180524,1127,73600,1
142,20180524,1128,73500,885
143,20180524,1129,73500,1104
144,20180524,1131,73600,128
145,20180524,1132,73500,42
146,20180524,1133,73600,44
147,20180524,1135,73600,115
148,20180524,1137,73600,3
149,20180524,1138,73500,2
150,20180524,1139,73500,217
151,20180524,1140,73600,5
152,20180524,1141,73600,3
153,20180524,1142,73600,1
154,20180524,1143,73500,47
155,20180524,1144,73600,1
156,20180524,1145,73600,4
157,20180524,1146,73600,1
158,20180524,1147,73500,54
159,20180524,1148,73500,178
160,20180524,1149,73600,2
161,20180524,1150,73600,2640
162,20180524,1151,73800,410
163,20180524,1152,74000,537
164,20180524,1153,73900,411
165,20180524,1154,73900,149
166,20180524,1155,73900,156
167,20180524,1158,73900,43
168,20180524,1159,73900,217
169,20180524,1200,73900,33
170,20180524,1201,73900,98
171,20180524,1202,73900,84
172,20180524,1203,73900,1
173,20180524,1204,73900,451
174,20180524,1205,73900,20
175,20180524,1206,73800,85
176,20180524,1207,73900,196
177,20180524,1208,74000,9
178,20180524,1209,73900,1
179,20180524,1211,73900,5
180,20180524,1212,73900,1
181,20180524,1213,73800,129
182,20180524,1214,73800,327
183,20180524,1215,73900,1085
184,20180524,1216,73800,7
185,20180524,1217,73800,65
186,20180524,1218,73700,1
187,20180524,1219,73700,133
188,20180524,1220,73800,1
189,20180524,1221,73700,771
190,20180524,1222,73800,12
191,20180524,1223,73700,40
192,20180524,1224,73700,131
193,20180524,1225,73800,46
194,20180524,1226,73700,5
195,20180524,1227,73700,7
196,20180524,1228,73700,178
197,20180524,1230,73700,78
198,20180524,1232,73600,130
199,20180524,1233,73700,1
200,20180524,1234,73700,3
201,20180524,1235,73700,3
202,20180524,1236,73600,43
203,20180524,1237,73700,149
204,20180524,1239,73700,4
205,20180524,1240,73700,1487
206,20180524,1241,73500,300
207,20180524,1242,73400,310
208,20180524,1243,73400,1211
209,20180524,1244,73400,226
210,20180524,1245,73500,66
211,20180524,1246,73500,107
212,20180524,1247,73400,306
213,20180524,1248,73500,133
214,20180524,1250,73400,43
215,20180524,1251,73400,44
216,20180524,1252,73400,97
217,20180524,1253,73500,2
218,20180524,1254,73400,84
219,20180524,1255,73500,85
220,20180524,1257,73400,43
221,20180524,1258,73500,16
222,20180524,1259,73400,84
223,20180524,1300,73500,871
224,20180524,1301,73500,43
225,20180524,1303,73600,117
226,20180524,1304,73500,239
227,20180524,1305,73500,45
228,20180524,1306,73600,106
229,20180524,1307,73500,5
230,20180524,1308,73500,1
231,20180524,1309,73500,2
232,20180524,1310,73400,42
233,20180524,1311,73500,2
234,20180524,1312,73500,894
235,20180524,1313,73600,360
236,20180524,1314,73700,116
237,20180524,1315,73800,31
238,20180524,1316,73800,435
239,20180524,1317,73800,183
240,20180524,1318,73800,56
241,20180524,1319,73700,1271
242,20180524,1320,73700,3
243,20180524,1321,73800,341
244,20180524,1322,73700,56
245,20180524,1323,73800,235
246,20180524,1324,73900,49
247,20180524,1325,73900,360
248,20180524,1326,74100,285
249,20180524,1327,74100,213
250,20180524,1328,74200,428
251,20180524,1329,74000,112
252,20180524,1330,74000,153
253,20180524,1331,73900,22
254,20180524,1332,73800,451
255,20180524,1333,74100,228
256,20180524,1334,74100,70
257,20180524,1335,74000,43
258,20180524,1337,74100,85
259,20180524,1338,74100,30
260,20180524,1339,74100,196
261,20180524,1340,74100,152
262,20180524,1341,74000,290
263,20180524,1342,74000,262
264,20180524,1343,73900,84
265,20180524,1344,74100,48
266,20180524,1345,74000,834
267,20180524,1346,74000,1
268,20180524,1347,73900,1
269,20180524,1348,73800,203
270,20180524,1349,73800,7
271,20180524,1350,73900,13
272,20180524,1351,74000,1
273,20180524,1352,73900,57
274,20180524,1354,73900,129
275,20180524,1355,74000,238
276,20180524,1356,73900,185
277,20180524,1357,74000,499
278,20180524,1358,74200,45
279,20180524,1359,74200,13
280,20180524,1400,74100,42
281,20180524,1401,74200,2
282,20180524,1402,74100,968
283,20180524,1403,74300,363
284,20180524,1404,74300,33
285,20180524,1405,74400,41
286,20180524,1407,74300,166
287,20180524,1408,74300,766
288,20180524,1409,74100,263
289,20180524,1411,74100,415
290,20180524,1412,74100,183
291,20180524,1413,74100,343
292,20180524,1414,74200,53
293,20180524,1415,74300,44
294,20180524,1416,74200,311
295,20180524,1417,74200,561
296,20180524,1418,74000,3
297,20180524,1419,74000,193
298,20180524,1420,74000,9
299,20180524,1421,74000,158
300,20180524,1422,74000,47
301,20180524,1423,74100,1
302,20180524,1424,74000,221
303,20180524,1425,74000,1
304,20180524,1426,73900,45
305,20180524,1427,74000,1
306,20180524,1428,74000,15
307,20180524,1429,74000,1461
308,20180524,1430,73900,43
309,20180524,1431,74000,2
310,20180524,1432,74000,258
311,20180524,1433,74000,22
312,20180524,1434,73900,43
313,20180524,1435,74000,2
314,20180524,1436,74000,31
315,20180524,1437,74000,1
316,20180524,1438,73900,43
317,20180524,1439,73900,33
318,20180524,1440,74000,86
319,20180524,1441,74000,47
320,20180524,1442,74000,11
321,20180524,1443,74000,12
322,20180524,1444,73900,780
323,20180524,1445,74000,51
324,20180524,1446,73900,24
325,20180524,1447,74000,272
326,20180524,1448,74000,388
327,20180524,1449,73900,163
328,20180524,1450,74000,543
329,20180524,1451,74100,40
330,20180524,1452,74100,66
331,20180524,1453,74100,88
332,20180524,1454,74100,49
333,20180524,1455,74100,586
334,20180524,1456,74100,200
335,20180524,1457,74100,192
336,20180524,1458,74100,45
337,20180524,1459,74100,35
338,20180524,1500,74100,46
339,20180524,1501,74000,1502
340,20180524,1502,74000,2
341,20180524,1503,74000,3
342,20180524,1504,74000,5
343,20180524,1505,73900,91
344,20180524,1506,74000,3
345,20180524,1507,74000,11
346,20180524,1508,74000,82
347,20180524,1509,74000,258
348,20180524,1510,74000,129
349,20180524,1511,74000,65
350,20180524,1512,74000,11
351,20180524,1513,74000,1258
352,20180524,1514,74100,314
353,20180524,1515,74200,256
354,20180524,1516,74000,174
355,20180524,1517,74300,5
356,20180524,1518,74100,14
357,20180524,1519,74000,4
358,20180524,1520,74100,113
359,20180524,1530,74000,1486
360,20180525,901,74600,775
361,20180525,902,74500,135
362,20180525,903,74300,142
363,20180525,904,74400,484
364,20180525,905,74700,459
365,20180525,906,74500,160
366,20180525,907,74600,94
367,20180525,908,74600,386
368,20180525,909,74500,186
369,20180525,910,74400,47
370,20180525,911,74400,97
371,20180525,912,74300,1409
372,20180525,913,74000,433
373,20180525,914,73900,72
374,20180525,915,74000,188
375,20180525,916,74000,56
376,20180525,917,74000,163
377,20180525,918,73900,335
378,20180525,919,74100,2071
379,20180525,920,74500,539
380,20180525,921,74500,292
381,20180525,922,74500,17
382,20180525,923,74600,291
383,20180525,924,74600,38
384,20180525,925,74600,10
385,20180525,926,74600,399
386,20180525,927,74500,161
387,20180525,928,74500,501
388,20180525,929,74600,1254
389,20180525,930,74800,1089
390,20180525,931,74800,210
391,20180525,932,74900,303
392,20180525,933,74800,60
393,20180525,934,74800,74
394,20180525,935,74800,211
395,20180525,936,74900,627
396,20180525,937,74900,287
397,20180525,938,75000,278
398,20180525,939,75000,3051
399,20180525,940,75300,274
400,20180525,941,75200,876
401,20180525,942,75200,318
402,20180525,943,75100,911
403,20180525,944,75100,1
404,20180525,945,75100,21
405,20180525,946,75100,457
406,20180525,947,74800,196
407,20180525,948,74700,186
408,20180525,949,74800,100
409,20180525,951,74800,238
410,20180525,952,74900,18
411,20180525,953,74900,228
412,20180525,954,74900,42
413,20180525,955,74900,12
414,20180525,956,74900,110
415,20180525,957,75000,13
416,20180525,958,75000,10
417,20180525,959,74900,270
418,20180525,1000,75000,60
419,20180525,1001,74900,230
420,20180525,1002,75000,15
421,20180525,1003,74900,425
422,20180525,1004,74900,2
423,20180525,1005,74800,9
424,20180525,1006,74900,4
425,20180525,1007,74900,10
426,20180525,1008,74900,373
427,20180525,1009,74700,12
428,20180525,1010,74700,225
429,20180525,1011,74600,725
430,20180525,1012,74400,70
431,20180525,1013,74400,3
432,20180525,1014,74500,75
433,20180525,1015,74500,5
434,20180525,1016,74500,946
435,20180525,1017,74700,2
436,20180525,1018,74700,55
437,20180525,1019,74800,179
438,20180525,1020,74800,132
439,20180525,1021,74700,2
440,20180525,1022,74700,3
441,20180525,1023,74700,1
442,20180525,1024,74700,32
443,20180525,1025,74700,3
444,20180525,1026,74600,101
445,20180525,1027,74700,207
446,20180525,1028,74700,128
447,20180525,1029,74700,8
448,20180525,1030,74700,16
449,20180525,1031,74700,19
450,20180525,1032,74700,1
451,20180525,1033,74700,63
452,20180525,1034,74700,11
453,20180525,1035,74600,4
454,20180525,1036,74700,43
455,20180525,1037,74600,17
456,20180525,1038,74700,9
457,20180525,1039,74700,2
458,20180525,1040,74700,112
459,20180525,1041,74700,652
460,20180525,1042,74700,156
461,20180525,1043,74700,154
462,20180525,1044,74800,54
463,20180525,1045,74800,188
464,20180525,1046,74800,1422
465,20180525,1047,74800,28
466,20180525,1048,74800,1
467,20180525,1049,74800,348
468,20180525,1050,74700,1
469,20180525,1051,74700,3
470,20180525,1052,74700,1
471,20180525,1053,74700,1
472,20180525,1054,74700,1
473,20180525,1055,74700,8
474,20180525,1056,74700,114
475,20180525,1057,74600,47
476,20180525,1058,74700,789
477,20180525,1059,74500,806
478,20180525,1100,74500,14
479,20180525,1101,74600,2
480,20180525,1102,74600,6
481,20180525,1103,74600,1
482,20180525,1104,74600,1
483,20180525,1105,74600,1
484,20180525,1106,74600,513
485,20180525,1107,74700,2
486,20180525,1108,74700,1
487,20180525,1109,74700,102
488,20180525,1110,74600,51
489,20180525,1111,74700,13
490,20180525,1112,74600,327
491,20180525,1113,74600,337
492,20180525,1114,74500,105
493,20180525,1115,74600,3
494,20180525,1116,74600,9
495,20180525,1117,74600,10
496,20180525,1118,74600,36
497,20180525,1119,74600,535
498,20180525,1120,74400,162
499,20180525,1121,74500,13
500,20180525,1122,74500,11
501,20180525,1123,74500,2682
502,20180525,1124,74400,84
503,20180525,1125,74300,69
504,20180525,1126,74300,18
505,20180525,1127,74400,12
506,20180525,1128,74300,2
507,20180525,1129,74400,1
508,20180525,1130,74400,32
509,20180525,1131,74400,7
510,20180525,1132,74300,362
511,20180525,1133,74400,2
512,20180525,1134,74400,9
513,20180525,1135,74400,1
514,20180525,1136,74400,6
515,20180525,1137,74400,7
516,20180525,1138,74400,207
517,20180525,1139,74400,299
518,20180525,1140,74300,224
519,20180525,1141,74400,7
520,20180525,1142,74400,14
521,20180525,1143,74400,1
522,20180525,1144,74400,1
523,20180525,1145,74400,2
524,20180525,1146,74400,11
525,20180525,1147,74400,1
526,20180525,1148,74300,2
527,20180525,1149,74400,5
528,20180525,1150,74400,30
529,20180525,1151,74400,3
530,20180525,1152,74400,8
531,20180525,1153,74400,31
532,20180525,1154,74400,3518
533,20180525,1155,74200,11
534,20180525,1156,74200,1
535,20180525,1157,74200,3305
536,20180525,1158,74000,1831
537,20180525,1159,74100,248
538,20180525,1200,74000,252
539,20180525,1201,74000,52
540,20180525,1202,74000,21
541,20180525,1203,74000,249
542,20180525,1204,73900,617
543,20180525,1205,74000,1600
544,20180525,1206,73900,901
545,20180525,1207,74000,106
546,20180525,1208,74000,3
547,20180525,1209,74000,53
548,20180525,1210,73900,434
549,20180525,1211,73900,368
550,20180525,1212,74000,191
551,20180525,1213,73900,21
552,20180525,1214,73900,115
553,20180525,1215,73900,163
554,20180525,1216,73800,22
555,20180525,1217,73900,131
556,20180525,1218,73900,7272
557,20180525,1219,73500,6135
558,20180525,1220,73600,242
559,20180525,1221,73600,869
560,20180525,1222,73600,171
561,20180525,1223,73700,26
562,20180525,1224,73800,392
563,20180525,1225,74000,419
564,20180525,1226,74000,1
565,20180525,1227,74000,4
566,20180525,1228,74000,3
567,20180525,1229,74000,834
568,20180525,1230,74200,11
569,20180525,1231,74200,111
570,20180525,1232,74300,163
571,20180525,1233,74300,1
572,20180525,1234,74300,61
573,20180525,1235,74100,115
574,20180525,1236,74200,362
575,20180525,1237,74100,90
576,20180525,1238,74100,50
577,20180525,1239,74000,122
578,20180525,1240,74100,4
579,20180525,1241,74100,3
580,20180525,1242,74100,41
581,20180525,1243,74100,189
582,20180525,1244,74000,48
583,20180525,1245,74000,29
584,20180525,1246,74000,182
585,20180525,1247,74100,43
586,20180525,1248,74100,4
587,20180525,1249,74100,5
588,20180525,1250,74000,224
589,20180525,1251,74000,112
590,20180525,1252,74100,214
591,20180525,1253,74000,43
592,20180525,1254,74100,104
593,20180525,1255,74000,5
594,20180525,1256,74100,138
595,20180525,1257,74100,8
596,20180525,1258,74100,1
597,20180525,1259,74100,3
598,20180525,1300,74100,141
599,20180525,1301,74100,15
600,20180525,1302,74100,208
601,20180525,1303,74100,39
602,20180525,1304,74000,139
603,20180525,1305,74100,130
604,20180525,1306,74100,104
605,20180525,1307,74100,1
606,20180525,1308,74100,105
607,20180525,1309,74100,7
608,20180525,1310,74100,622
609,20180525,1311,74000,3
610,20180525,1312,74000,148
611,20180525,1313,73900,29
612,20180525,1314,74000,289
613,20180525,1315,73900,386
614,20180525,1316,73900,199
615,20180525,1317,73900,1
616,20180525,1318,73900,313
617,20180525,1319,73800,389
618,20180525,1320,73800,296
619,20180525,1321,73800,41
620,20180525,1322,73800,520
621,20180525,1323,73800,4598
622,20180525,1324,74300,238
623,20180525,1325,74000,49
624,20180525,1326,74100,13
625,20180525,1327,74100,129
626,20180525,1328,74100,217
627,20180525,1329,74100,19
628,20180525,1330,74100,9
629,20180525,1331,74100,157
630,20180525,1332,74000,5
631,20180525,1333,74000,178
632,20180525,1334,74000,116
633,20180525,1335,74000,65
634,20180525,1336,74000,72
635,20180525,1337,74000,1
636,20180525,1338,74100,4
637,20180525,1339,74100,2194
638,20180525,1340,73900,73
639,20180525,1341,73800,847
640,20180525,1342,73900,292
641,20180525,1343,74000,640
642,20180525,1344,74100,6
643,20180525,1345,74100,15
644,20180525,1346,74100,9
645,20180525,1347,74100,296
646,20180525,1348,74100,25
647,20180525,1349,74100,247
648,20180525,1350,74100,26
649,20180525,1351,74100,147
650,20180525,1352,74100,340
651,20180525,1353,74100,5
652,20180525,1354,74000,1413
653,20180525,1355,74200,610
654,20180525,1356,74300,11
655,20180525,1357,74300,60
656,20180525,1358,74300,400
657,20180525,1359,74100,477
658,20180525,1400,74200,2039
659,20180525,1401,74400,5
660,20180525,1402,74400,90
661,20180525,1403,74400,4
662,20180525,1404,74400,54
663,20180525,1405,74400,38
664,20180525,1406,74400,351
665,20180525,1407,74300,271
666,20180525,1408,74300,6
667,20180525,1409,74300,249
668,20180525,1410,74200,1039
669,20180525,1411,74100,4
670,20180525,1412,74000,34
671,20180525,1413,74100,7
672,20180525,1414,74100,117
673,20180525,1415,74100,4
674,20180525,1416,74100,88
675,20180525,1417,74100,95
676,20180525,1418,74100,17
677,20180525,1419,74100,174
678,20180525,1420,74100,1201
679,20180525,1421,74100,220
680,20180525,1422,74100,10
681,20180525,1423,74100,97
682,20180525,1424,74100,17
683,20180525,1425,74100,687
684,20180525,1426,74100,277
685,20180525,1427,74100,6
686,20180525,1428,74000,23
687,20180525,1429,74100,10
688,20180525,1430,74100,42
689,20180525,1431,74100,10
690,20180525,1432,74100,17
691,20180525,1433,74100,5
692,20180525,1434,74100,658
693,20180525,1435,74100,112
694,20180525,1436,74100,9
695,20180525,1437,74100,292
696,20180525,1438,74100,17
697,20180525,1439,74100,15
698,20180525,1440,74100,46
699,20180525,1441,74100,56
700,20180525,1442,74100,425
701,20180525,1443,74100,50
702,20180525,1444,74100,8
703,20180525,1445,74000,102
704,20180525,1446,74100,111
705,20180525,1447,74100,144
706,20180525,1448,74100,280
707,20180525,1449,74100,36
708,20180525,1450,74100,1133
709,20180525,1451,74100,46
710,20180525,1452,74100,729
711,20180525,1453,74100,3
712,20180525,1454,74100,138
713,20180525,1455,74100,165
714,20180525,1456,74100,43
715,20180525,1457,74100,1046
716,20180525,1458,74100,442
717,20180525,1459,74100,962
718,20180525,1500,74100,625
719,20180525,1501,74100,56
720,20180525,1502,74100,73
721,20180525,1503,74100,220
722,20180525,1504,74100,166
723,20180525,1505,74100,185
724,20180525,1506,74100,15
725,20180525,1507,74100,183
726,20180525,1508,74100,2914
727,20180525,1509,74000,612
728,20180525,1510,73900,610
729,20180525,1511,73900,60
730,20180525,1512,73800,797
731,20180525,1513,73900,467
732,20180525,1514,73900,16
733,20180525,1515,73900,103
734,20180525,1516,73800,46
735,20180525,1517,73900,826
736,20180525,1518,73900,17
737,20180525,1519,73900,317
738,20180525,1520,74100,45
739,20180525,1530,74100,3121
0,20180528,901,73000,975
1,20180528,902,72900,2100
2,20180528,903,72400,135
3,20180528,904,72500,192
4,20180528,905,72500,671
5,20180528,906,73000,110
6,20180528,907,73100,205
7,20180528,908,73100,31
8,20180528,909,73100,1248
9,20180528,910,73100,562
10,20180528,911,73000,1024
11,20180528,912,72600,508
12,20180528,913,72500,83
13,20180528,914,72700,357
14,20180528,915,72500,419
15,20180528,916,72900,72
16,20180528,917,72800,207
17,20180528,918,72800,333
18,20180528,919,72600,67
19,20180528,920,72800,140
20,20180528,921,72900,610
21,20180528,922,72800,99
22,20180528,923,72900,286
23,20180528,924,72700,277
24,20180528,925,72800,128
25,20180528,926,72600,6165
26,20180528,927,72300,479
27,20180528,928,72400,181
28,20180528,929,72400,182
29,20180528,930,72400,138
30,20180528,931,72400,134
31,20180528,932,72400,456
32,20180528,933,72500,35
33,20180528,934,72500,209
34,20180528,935,72600,382
35,20180528,936,72600,242
36,20180528,937,72700,388
37,20180528,938,72700,35
38,20180528,939,72800,59
39,20180528,940,72700,6
40,20180528,941,72800,16
41,20180528,942,72700,94
42,20180528,943,72800,10
43,20180528,944,72700,185
44,20180528,945,72600,787
45,20180528,946,72700,143
46,20180528,947,72700,5566
47,20180528,948,72300,888
48,20180528,949,72400,40
49,20180528,950,72800,194
50,20180528,951,72700,92
51,20180528,952,72700,255
52,20180528,953,72800,124
53,20180528,954,72800,35
54,20180528,955,72800,46
55,20180528,956,72800,45
56,20180528,957,72800,125
57,20180528,958,72800,645
58,20180528,959,72800,199
59,20180528,1000,72800,21
60,20180528,1001,72900,1040
61,20180528,1002,73000,221
62,20180528,1003,73200,116
63,20180528,1004,73200,62
64,20180528,1005,73200,752
65,20180528,1006,73000,526
66,20180528,1007,72900,256
67,20180528,1008,73100,26
68,20180528,1009,73000,122
69,20180528,1010,73100,812
70,20180528,1011,72800,176
71,20180528,1012,72900,17
72,20180528,1013,72900,6
73,20180528,1014,72900,141
74,20180528,1015,72900,1
75,20180528,1016,72900,338
76,20180528,1017,72700,639
77,20180528,1018,72900,156
78,20180528,1019,72800,184
79,20180528,1020,72900,1
80,20180528,1022,72900,1
81,20180528,1023,72900,2
82,20180528,1024,72900,1
83,20180528,1025,72800,575
84,20180528,1026,72700,4
85,20180528,1027,72700,341
86,20180528,1029,72700,65
87,20180528,1030,72700,1317
88,20180528,1031,72500,149
89,20180528,1032,72600,51
90,20180528,1033,72500,85
91,20180528,1034,72500,453
92,20180528,1035,72600,136
93,20180528,1036,72600,3777
94,20180528,1037,72300,65
95,20180528,1038,72400,756
96,20180528,1039,72300,80
97,20180528,1040,72300,1072
98,20180528,1041,72300,72
99,20180528,1042,72300,442
100,20180528,1043,72400,21
101,20180528,1044,72400,118
102,20180528,1045,72500,52
103,20180528,1046,72500,235
104,20180528,1047,72500,1
105,20180528,1048,72400,107
106,20180528,1049,72400,516
107,20180528,1050,72400,178
108,20180528,1051,72400,1
109,20180528,1052,72400,301
110,20180528,1053,72400,382
111,20180528,1054,72400,37
112,20180528,1055,72400,11
113,20180528,1056,72300,196
114,20180528,1057,72400,3
115,20180528,1058,72400,32
116,20180528,1059,72400,164
117,20180528,1100,72400,21
118,20180528,1101,72400,95
119,20180528,1102,72300,609
120,20180528,1103,72300,94
121,20180528,1104,72300,670
122,20180528,1105,72300,33
123,20180528,1106,72300,183
124,20180528,1107,72300,567
125,20180528,1108,72300,9
126,20180528,1110,72300,161
127,20180528,1111,72300,104
128,20180528,1112,72300,201
129,20180528,1113,72200,50
130,20180528,1114,72300,101
131,20180528,1115,72300,378
132,20180528,1116,72300,70
133,20180528,1118,72300,6901
134,20180528,1119,72200,771
135,20180528,1120,72100,32
136,20180528,1121,72200,722
137,20180528,1122,72100,165
138,20180528,1123,72100,253
139,20180528,1124,72100,165
140,20180528,1125,72100,154
141,20180528,1126,72100,160
142,20180528,1127,72000,434
143,20180528,1128,72000,686
144,20180528,1129,72100,3267
145,20180528,1130,72000,517
146,20180528,1131,71900,636
147,20180528,1132,71900,413
148,20180528,1133,71700,1021
149,20180528,1134,71700,143
150,20180528,1135,71700,1594
151,20180528,1136,71800,160
152,20180528,1137,71900,129
153,20180528,1138,71900,47
154,20180528,1139,71800,974
155,20180528,1140,71900,474
156,20180528,1141,71900,13
157,20180528,1142,72000,113
158,20180528,1143,71900,90
159,20180528,1144,72000,2
160,20180528,1145,72000,280
161,20180528,1146,72000,102
162,20180528,1147,72000,123
163,20180528,1148,72100,354
164,20180528,1149,72100,42
165,20180528,1150,72100,2
166,20180528,1151,72000,380
167,20180528,1152,72000,186
168,20180528,1153,72100,2
169,20180528,1154,72000,105
170,20180528,1155,72100,21
171,20180528,1156,72100,496
172,20180528,1157,72100,281
173,20180528,1158,72100,36
174,20180528,1159,72000,91
175,20180528,1200,72100,122
176,20180528,1201,72200,408
177,20180528,1202,72300,92
178,20180528,1203,72300,82
179,20180528,1204,72300,13
180,20180528,1205,72200,90
181,20180528,1206,72300,8
182,20180528,1207,72300,129
183,20180528,1208,72200,117
184,20180528,1209,72100,93
185,20180528,1210,72200,181
186,20180528,1211,72200,30
187,20180528,1212,72100,122
188,20180528,1213,72100,54
189,20180528,1214,72100,9
190,20180528,1215,72100,196
191,20180528,1216,72000,608
192,20180528,1217,72100,12
193,20180528,1218,72100,539
194,20180528,1219,72000,888
195,20180528,1220,72000,198
196,20180528,1221,72000,413
197,20180528,1222,72000,81
198,20180528,1223,72100,76
199,20180528,1224,72100,121
200,20180528,1225,72000,58
201,20180528,1226,72100,1
202,20180528,1227,72000,95
203,20180528,1228,72100,21
204,20180528,1229,72100,108
205,20180528,1230,72000,102
206,20180528,1231,72000,161
207,20180528,1232,72000,470
208,20180528,1233,72000,27
209,20180528,1234,71900,816
210,20180528,1235,71900,215
211,20180528,1236,71900,779
212,20180528,1237,71800,21
213,20180528,1238,71800,125
214,20180528,1240,71800,576
215,20180528,1241,71700,814
216,20180528,1242,71700,40
217,20180528,1243,71700,283
218,20180528,1244,71700,147
219,20180528,1245,71800,146
220,20180528,1246,71800,93
221,20180528,1247,71700,160
222,20180528,1248,71700,35
223,20180528,1249,71700,175
224,20180528,1250,71800,46
225,20180528,1251,71800,14
226,20180528,1252,71700,72
227,20180528,1253,71700,185
228,20180528,1254,71700,120
229,20180528,1255,71800,355
230,20180528,1256,71800,64
231,20180528,1257,71700,125
232,20180528,1258,71700,145
233,20180528,1259,71700,120
234,20180528,1300,71800,109
235,20180528,1301,71700,12
236,20180528,1302,71700,109
237,20180528,1303,71700,110
238,20180528,1304,71800,17
239,20180528,1305,71800,372
240,20180528,1306,71700,62
241,20180528,1307,71800,81
242,20180528,1308,71800,474
243,20180528,1309,71800,86
244,20180528,1310,71700,10
245,20180528,1311,71700,265
246,20180528,1312,71700,116
247,20180528,1313,71700,365
248,20180528,1314,71700,184
249,20180528,1315,71700,582
250,20180528,1316,71700,3073
251,20180528,1317,71900,80
252,20180528,1318,71800,127
253,20180528,1319,71800,122
254,20180528,1320,71800,116
255,20180528,1321,71900,72
256,20180528,1322,71800,155
257,20180528,1323,71800,82
258,20180528,1324,71800,152
259,20180528,1325,71800,171
260,20180528,1326,71700,2591
261,20180528,1327,71600,1478
262,20180528,1328,71700,80
263,20180528,1329,71700,96
264,20180528,1330,71700,170
265,20180528,1331,71700,79
266,20180528,1332,71700,235
267,20180528,1333,71800,1011
268,20180528,1334,71800,492
269,20180528,1335,71800,103
270,20180528,1336,72000,792
271,20180528,1337,72100,467
272,20180528,1338,72200,648
273,20180528,1339,72100,436
274,20180528,1340,72200,646
275,20180528,1341,72300,246
276,20180528,1342,72400,56
277,20180528,1343,72300,55
278,20180528,1344,72300,59
279,20180528,1345,72300,9
280,20180528,1346,72200,58
281,20180528,1347,72100,56
282,20180528,1348,72000,69
283,20180528,1349,72100,193
284,20180528,1350,72000,8
285,20180528,1351,72100,8
286,20180528,1352,72000,241
287,20180528,1353,72100,390
288,20180528,1354,72000,2
289,20180528,1355,72100,599
290,20180528,1356,72000,2
291,20180528,1357,72000,312
292,20180528,1358,72100,200
293,20180528,1359,72000,118
294,20180528,1400,72100,94
295,20180528,1401,72000,71
296,20180528,1402,71900,7
297,20180528,1403,72000,10
298,20180528,1404,71900,2
299,20180528,1405,71900,2
300,20180528,1406,72000,8
301,20180528,1407,71900,3
302,20180528,1408,71900,547
303,20180528,1409,71900,463
304,20180528,1410,71900,4
305,20180528,1411,71900,13
306,20180528,1412,71900,3
307,20180528,1413,71800,22
308,20180528,1414,71900,3291
309,20180528,1415,72200,68
310,20180528,1416,72200,196
311,20180528,1417,72100,5
312,20180528,1418,72200,5
313,20180528,1419,72200,60
314,20180528,1420,72100,320
315,20180528,1421,72100,129
316,20180528,1422,72200,4
317,20180528,1423,72200,29
318,20180528,1424,72200,47
319,20180528,1425,72200,25
320,20180528,1426,72100,2
321,20180528,1427,72200,28
322,20180528,1428,72200,83
323,20180528,1429,72000,7
324,20180528,1430,72000,4
325,20180528,1431,72100,6
326,20180528,1432,72100,13
327,20180528,1433,72000,31
328,20180528,1434,72100,7
329,20180528,1435,72000,202
330,20180528,1436,72100,392
331,20180528,1437,72000,18
332,20180528,1438,71900,42
333,20180528,1439,71900,80
334,20180528,1440,72000,207
335,20180528,1441,72000,1112
336,20180528,1442,71900,74
337,20180528,1443,72000,13
338,20180528,1444,71900,2
339,20180528,1445,72000,226
340,20180528,1446,72000,10
341,20180528,1447,72000,242
342,20180528,1448,72000,32
343,20180528,1449,72000,13
344,20180528,1450,72000,91
345,20180528,1451,71900,141
346,20180528,1452,71900,16
347,20180528,1453,71900,852
348,20180528,1454,72000,310
349,20180528,1455,72000,465
350,20180528,1456,72000,1226
351,20180528,1457,72200,3
352,20180528,1458,72100,256
353,20180528,1459,72100,87
354,20180528,1500,72200,13
355,20180528,1501,72100,105
356,20180528,1502,72100,23
357,20180528,1503,72100,4
358,20180528,1504,72100,123
359,20180528,1505,72000,109
360,20180528,1506,72000,911
361,20180528,1507,72000,243
362,20180528,1508,72100,361
363,20180528,1509,72000,388
364,20180528,1510,72000,850
365,20180528,1511,72000,396
366,20180528,1512,72100,153
367,20180528,1513,72100,131
368,20180528,1514,72000,181
369,20180528,1515,72000,607
370,20180528,1516,71900,363
371,20180528,1517,72100,493
372,20180528,1518,71900,117
373,20180528,1519,72000,444
374,20180528,1520,72100,68
375,20180528,1530,72100,1941
376,20180529,901,72300,1070
377,20180529,902,72600,133
378,20180529,903,72500,172
379,20180529,904,72700,576
380,20180529,905,72400,10
381,20180529,906,72400,549
382,20180529,907,72400,1303
383,20180529,908,72400,140
384,20180529,909,72600,1656
385,20180529,910,72700,324
386,20180529,911,72800,536
387,20180529,912,72700,162
388,20180529,913,72800,244
389,20180529,914,72700,541
390,20180529,915,72700,80
391,20180529,916,72900,3563
392,20180529,917,73200,785
393,20180529,918,73300,655
394,20180529,919,73500,972
395,20180529,920,73600,286
396,20180529,921,73400,53
397,20180529,922,73500,450
398,20180529,923,73500,1336
399,20180529,924,73500,808
400,20180529,925,73200,661
401,20180529,926,73100,735
402,20180529,927,72700,166
403,20180529,928,72800,332
404,20180529,929,72800,1126
405,20180529,930,73000,36
406,20180529,931,73000,161
407,20180529,932,73000,47
408,20180529,933,73100,383
409,20180529,934,72900,39
410,20180529,935,73000,713
411,20180529,936,72800,76
412,20180529,937,72800,57
413,20180529,938,72800,59
414,20180529,939,72700,152
415,20180529,940,72800,53
416,20180529,941,72700,282
417,20180529,942,72700,88
418,20180529,943,72900,91
419,20180529,944,72800,91
420,20180529,945,72700,32
421,20180529,946,72800,64
422,20180529,947,72700,81
423,20180529,948,72700,102
424,20180529,949,72900,139
425,20180529,950,72800,53
426,20180529,951,72900,882
427,20180529,952,73000,26
428,20180529,953,73000,34
429,20180529,954,73000,32
430,20180529,955,73000,86
431,20180529,956,73000,649
432,20180529,957,73000,91
433,20180529,958,72900,25
434,20180529,959,73000,761
435,20180529,1000,72900,163
436,20180529,1001,72900,48
437,20180529,1002,72900,20
438,20180529,1003,73000,16
439,20180529,1004,72900,287
440,20180529,1005,73000,76
441,20180529,1006,72800,94
442,20180529,1007,72900,286
443,20180529,1008,72700,18
444,20180529,1009,72700,58
445,20180529,1010,72700,1050
446,20180529,1011,72700,70
447,20180529,1012,72800,277
448,20180529,1013,72600,30
449,20180529,1014,72600,53
450,20180529,1015,72600,20
451,20180529,1016,72600,358
452,20180529,1017,72600,88
453,20180529,1018,72500,78
454,20180529,1019,72600,41
455,20180529,1020,72500,14
456,20180529,1021,72500,117
457,20180529,1022,72500,68
458,20180529,1023,72500,159
459,20180529,1024,72600,131
460,20180529,1025,72400,3
461,20180529,1026,72500,115
462,20180529,1027,72400,75
463,20180529,1028,72400,102
464,20180529,1029,72300,31
465,20180529,1030,72300,21
466,20180529,1031,72400,96
467,20180529,1032,72300,38
468,20180529,1033,72400,137
469,20180529,1034,72400,95
470,20180529,1035,72400,78
471,20180529,1036,72300,26
472,20180529,1037,72400,120
473,20180529,1038,72300,67
474,20180529,1039,72400,723
475,20180529,1040,72400,104
476,20180529,1041,72400,34
477,20180529,1042,72400,93
478,20180529,1043,72400,15
479,20180529,1044,72400,75
480,20180529,1045,72500,83
481,20180529,1046,72400,30
482,20180529,1047,72400,68
483,20180529,1048,72500,42
484,20180529,1049,72400,62
485,20180529,1050,72500,141
486,20180529,1051,72400,29
487,20180529,1052,72500,66
488,20180529,1053,72400,74
489,20180529,1054,72500,128
490,20180529,1055,72400,91
491,20180529,1056,72500,79
492,20180529,1057,72400,21
493,20180529,1058,72500,179
494,20180529,1059,72400,487
495,20180529,1100,72400,351
496,20180529,1101,72300,89
497,20180529,1102,72400,50
498,20180529,1103,72300,123
499,20180529,1104,72400,40
500,20180529,1105,72300,27
501,20180529,1106,72400,89
502,20180529,1107,72300,97
503,20180529,1108,72400,93
504,20180529,1109,72300,302
505,20180529,1110,72400,121
506,20180529,1111,72300,97
507,20180529,1112,72200,72
508,20180529,1113,72200,159
509,20180529,1114,72300,209
510,20180529,1115,72200,118
511,20180529,1116,72300,613
512,20180529,1117,72200,272
513,20180529,1118,72200,802
514,20180529,1119,72000,144
515,20180529,1120,72000,161
516,20180529,1121,72000,481
517,20180529,1122,71900,231
518,20180529,1123,71900,35
519,20180529,1124,72000,211
520,20180529,1125,71900,113
521,20180529,1126,71900,185
522,20180529,1127,71900,58
523,20180529,1128,71900,81
524,20180529,1129,72000,1302
525,20180529,1130,72100,206
526,20180529,1131,72200,48
527,20180529,1132,72000,35
528,20180529,1133,72000,151
529,20180529,1134,72000,148
530,20180529,1135,72100,128
531,20180529,1136,72100,58
532,20180529,1137,72200,31
533,20180529,1138,72200,215
534,20180529,1139,72000,86
535,20180529,1140,72100,68
536,20180529,1141,72000,43
537,20180529,1142,72000,16
538,20180529,1143,71900,70
539,20180529,1144,72000,88
540,20180529,1145,71900,34
541,20180529,1146,71900,127
542,20180529,1147,71900,23
543,20180529,1148,71900,67
544,20180529,1149,72000,130
545,20180529,1150,71900,92
546,20180529,1151,72000,670
547,20180529,1152,72100,483
548,20180529,1153,72100,2032
549,20180529,1154,71900,34
550,20180529,1155,71900,94
551,20180529,1156,72000,56
552,20180529,1157,71900,171
553,20180529,1158,72000,17
554,20180529,1159,71900,99
555,20180529,1200,71900,68
556,20180529,1201,71900,965
557,20180529,1202,71800,116
558,20180529,1203,71800,48
559,20180529,1204,71700,103
560,20180529,1205,71700,618
561,20180529,1206,71900,537
562,20180529,1207,71800,157
563,20180529,1208,71800,28
564,20180529,1209,71900,64
565,20180529,1210,71900,38
566,20180529,1211,71900,147
567,20180529,1212,71800,122
568,20180529,1213,71800,78
569,20180529,1214,71800,251
570,20180529,1215,71900,12
571,20180529,1216,71800,96
572,20180529,1217,71800,102
573,20180529,1218,71800,89
574,20180529,1219,71800,42
575,20180529,1220,71900,118
576,20180529,1221,71900,439
577,20180529,1222,72000,19
578,20180529,1223,72000,153
579,20180529,1224,72000,323
580,20180529,1225,72000,86
581,20180529,1226,71900,42
582,20180529,1227,71900,55
583,20180529,1228,71900,378
584,20180529,1229,71800,17
585,20180529,1230,71900,64
586,20180529,1231,71800,557
587,20180529,1232,71800,171
588,20180529,1233,71800,2907
589,20180529,1234,71600,418
590,20180529,1235,71900,127
591,20180529,1236,71800,90
592,20180529,1237,71700,672
593,20180529,1238,71700,378
594,20180529,1239,71600,131
595,20180529,1240,71700,84
596,20180529,1241,71600,244
597,20180529,1242,71700,1189
598,20180529,1243,71800,286
599,20180529,1244,71700,218
600,20180529,1245,71800,29
601,20180529,1246,71700,7626
602,20180529,1247,71500,428
603,20180529,1248,71700,185
604,20180529,1249,71900,417
605,20180529,1250,71900,210
606,20180529,1251,71700,50
607,20180529,1252,71800,42
608,20180529,1253,71800,82
609,20180529,1254,71800,184
610,20180529,1255,71700,150
611,20180529,1256,71800,119
612,20180529,1257,71800,85
613,20180529,1258,71800,194
614,20180529,1259,71700,61
615,20180529,1300,71700,136
616,20180529,1301,71700,133
617,20180529,1302,71600,57
618,20180529,1303,71700,189
619,20180529,1304,71600,207
620,20180529,1305,71700,232
621,20180529,1306,71900,601
622,20180529,1307,71900,575
623,20180529,1308,72000,31
624,20180529,1309,72000,669
625,20180529,1310,72000,912
626,20180529,1311,72100,27
627,20180529,1312,72000,173
628,20180529,1313,72000,71
629,20180529,1314,72000,94
630,20180529,1315,72000,116
631,20180529,1316,72000,110
632,20180529,1317,71900,325
633,20180529,1318,72000,87
634,20180529,1319,72000,107
635,20180529,1320,72000,44
636,20180529,1321,72100,124
637,20180529,1322,72000,191
638,20180529,1323,71800,92
639,20180529,1324,71800,401
640,20180529,1325,71900,786
641,20180529,1326,71800,211
642,20180529,1327,71800,30
643,20180529,1328,71900,93
644,20180529,1329,71800,33
645,20180529,1330,71800,120
646,20180529,1331,71800,470
647,20180529,1332,72000,742
648,20180529,1333,72200,68
649,20180529,1334,72100,52
650,20180529,1335,72100,80
651,20180529,1336,72100,15
652,20180529,1337,72200,265
653,20180529,1338,72100,1307
654,20180529,1339,72400,633
655,20180529,1340,72400,137
656,20180529,1341,72500,1631
657,20180529,1342,72600,140
658,20180529,1343,72500,512
659,20180529,1344,72600,92
660,20180529,1345,72400,139
661,20180529,1346,72400,1783
662,20180529,1347,72600,238
663,20180529,1348,72600,75
664,20180529,1349,72600,90
665,20180529,1350,72600,100
666,20180529,1351,72600,194
667,20180529,1352,72500,256
668,20180529,1353,72600,113
669,20180529,1354,72400,137
670,20180529,1355,72500,161
671,20180529,1356,72400,159
672,20180529,1357,72400,184
673,20180529,1358,72400,120
674,20180529,1359,72300,151
675,20180529,1400,72400,109
676,20180529,1401,72300,109
677,20180529,1402,72300,55
678,20180529,1403,72400,132
679,20180529,1404,72300,284
680,20180529,1405,72300,102
681,20180529,1406,72200,287
682,20180529,1407,72400,23
683,20180529,1408,72300,17
684,20180529,1409,72300,241
685,20180529,1410,72400,258
686,20180529,1411,72300,123
687,20180529,1412,72300,128
688,20180529,1413,72200,104
689,20180529,1414,72300,133
690,20180529,1415,72200,30
691,20180529,1416,72200,236
692,20180529,1417,72200,206
693,20180529,1418,72200,168
694,20180529,1419,72300,66
695,20180529,1420,72300,166
696,20180529,1421,72400,701
697,20180529,1422,72400,494
698,20180529,1423,72500,1156
699,20180529,1424,72400,297
700,20180529,1425,72500,78
701,20180529,1426,72400,38
702,20180529,1427,72500,67
703,20180529,1428,72400,156
704,20180529,1429,72500,368
705,20180529,1430,72500,113
706,20180529,1431,72600,137
707,20180529,1432,72500,115
708,20180529,1433,72500,239
709,20180529,1434,72500,242
710,20180529,1435,72600,119
711,20180529,1436,72500,162
712,20180529,1437,72500,155
713,20180529,1438,72600,56
714,20180529,1439,72500,272
715,20180529,1440,72600,82
716,20180529,1441,72400,194
717,20180529,1442,72600,16
718,20180529,1443,72600,377
719,20180529,1444,72500,339
720,20180529,1445,72500,65
721,20180529,1446,72500,79
722,20180529,1447,72500,121
723,20180529,1448,72500,60
724,20180529,1449,72400,176
725,20180529,1450,72300,175
726,20180529,1451,72300,81
727,20180529,1452,72400,167
728,20180529,1453,72300,48
729,20180529,1454,72400,45
730,20180529,1455,72300,43
731,20180529,1456,72400,577
732,20180529,1457,72300,179
733,20180529,1458,72300,138
734,20180529,1459,72200,256
735,20180529,1500,72300,883
736,20180529,1501,72200,228
737,20180529,1502,72300,337
738,20180529,1503,72300,69
739,20180529,1504,72300,279
740,20180529,1505,72200,56
741,20180529,1506,72300,79
742,20180529,1507,72200,804
743,20180529,1508,72200,368
744,20180529,1509,72200,707
745,20180529,1510,72200,674
746,20180529,1511,72100,128
747,20180529,1512,72100,131
748,20180529,1513,72100,848
749,20180529,1514,72000,547
750,20180529,1515,71900,401
751,20180529,1516,71900,1526
752,20180529,1517,71700,1834
753,20180529,1518,71700,386
754,20180529,1519,71900,22
755,20180529,1520,71800,138
756,20180529,1530,72200,2062
0,20180530,901,72800,1799
1,20180530,902,72700,349
2,20180530,903,72700,114
3,20180530,904,72800,110
4,20180530,905,72800,433
5,20180530,906,72600,342
6,20180530,907,72600,520
7,20180530,908,72400,83
8,20180530,909,72400,183
9,20180530,910,72400,912
10,20180530,911,72300,283
11,20180530,912,72300,1251
12,20180530,913,72500,365
13,20180530,914,72500,52
14,20180530,915,72500,1057
15,20180530,916,72600,327
16,20180530,917,72600,143
17,20180530,918,72600,116
18,20180530,919,72600,1067
19,20180530,920,72300,107
20,20180530,921,72200,3177
21,20180530,922,71800,338
22,20180530,923,71800,250
23,20180530,924,71900,144
24,20180530,925,71900,391
25,20180530,926,71800,27
26,20180530,927,71800,37
27,20180530,928,71800,24
28,20180530,929,71800,16
29,20180530,930,71700,1044
30,20180530,931,71700,286
31,20180530,932,71700,238
32,20180530,933,71700,1616
33,20180530,934,71600,189
34,20180530,935,71600,1089
35,20180530,936,71600,119
36,20180530,937,71600,650
37,20180530,938,71600,105
38,20180530,939,71700,78
39,20180530,940,71600,207
40,20180530,941,71700,45
41,20180530,942,71700,162
42,20180530,943,71700,399
43,20180530,944,72100,621
44,20180530,945,72000,7
45,20180530,946,72000,374
46,20180530,947,72000,18
47,20180530,948,72100,80
48,20180530,949,72200,95
49,20180530,950,72200,550
50,20180530,951,72000,252
51,20180530,952,72000,109
52,20180530,953,71900,87
53,20180530,954,71800,167
54,20180530,955,71800,326
55,20180530,956,71600,1332
56,20180530,957,71800,14
57,20180530,958,71700,54
58,20180530,959,71800,56
59,20180530,1000,71800,43
60,20180530,1001,71800,511
61,20180530,1002,71800,323
62,20180530,1003,71800,18
63,20180530,1004,71800,46
64,20180530,1005,71800,373
65,20180530,1006,71900,88
66,20180530,1007,71900,11
67,20180530,1008,71900,145
68,20180530,1009,71900,141
69,20180530,1010,71900,103
70,20180530,1011,71900,413
71,20180530,1012,71800,105
72,20180530,1013,71900,27
73,20180530,1014,71800,155
74,20180530,1015,71900,146
75,20180530,1016,71800,68
76,20180530,1017,71900,105
77,20180530,1018,71800,9
78,20180530,1019,71800,107
79,20180530,1020,71800,91
80,20180530,1021,71700,87
81,20180530,1022,71800,405
82,20180530,1023,71700,1
83,20180530,1024,71700,9
84,20180530,1025,71700,107
85,20180530,1026,71600,23
86,20180530,1027,71700,262
87,20180530,1028,71700,309
88,20180530,1029,71800,51
89,20180530,1030,71700,16
90,20180530,1031,71800,428
91,20180530,1032,71800,9
92,20180530,1033,71700,413
93,20180530,1034,71700,52
94,20180530,1035,71700,681
95,20180530,1036,71700,37
96,20180530,1037,71800,109
97,20180530,1038,71900,103
98,20180530,1039,71900,7
99,20180530,1040,71900,5
100,20180530,1041,71900,666
101,20180530,1042,72000,22
102,20180530,1043,72000,932
103,20180530,1044,72000,32
104,20180530,1045,72000,11
105,20180530,1047,72000,29
106,20180530,1048,71900,608
107,20180530,1049,71900,3
108,20180530,1050,71900,31
109,20180530,1051,71800,7
110,20180530,1052,71900,11
111,20180530,1053,71900,109
112,20180530,1054,71900,411
113,20180530,1055,71800,17
114,20180530,1056,71800,618
115,20180530,1057,71800,160
116,20180530,1058,71800,149
117,20180530,1059,71800,35
118,20180530,1100,71800,67
119,20180530,1101,71800,106
120,20180530,1102,71800,13
121,20180530,1103,71800,62
122,20180530,1104,71700,199
123,20180530,1105,71800,46
124,20180530,1106,71700,1
125,20180530,1107,71800,511
126,20180530,1108,71700,100
127,20180530,1109,71800,67
128,20180530,1110,71800,167
129,20180530,1111,71700,114
130,20180530,1112,71700,933
131,20180530,1113,71700,131
132,20180530,1114,71600,30
133,20180530,1115,71600,126
134,20180530,1116,71700,492
135,20180530,1117,71700,61
136,20180530,1118,71600,11
137,20180530,1119,71700,16
138,20180530,1120,71700,340
139,20180530,1121,71700,151
140,20180530,1122,71600,95
141,20180530,1123,71700,367
142,20180530,1124,71600,989
143,20180530,1125,71500,1277
144,20180530,1126,71600,172
145,20180530,1127,71500,2066
146,20180530,1128,71400,2640
147,20180530,1129,71300,2146
148,20180530,1130,71400,249
149,20180530,1131,71300,117
150,20180530,1132,71300,199
151,20180530,1133,71200,214
152,20180530,1134,71200,172
153,20180530,1135,71300,94
154,20180530,1136,71300,5
155,20180530,1137,71200,65
156,20180530,1138,71300,50
157,20180530,1139,71300,31
158,20180530,1140,71300,50
159,20180530,1141,71300,709
160,20180530,1142,71100,152
161,20180530,1143,71100,118
162,20180530,1144,71100,323
163,20180530,1145,71200,28
164,20180530,1146,71100,2854
165,20180530,1147,71000,6335
166,20180530,1148,70800,1261
167,20180530,1149,70800,706
168,20180530,1150,70800,75
169,20180530,1151,70700,358
170,20180530,1152,70700,194
171,20180530,1153,70600,866
172,20180530,1154,70600,187
173,20180530,1155,70600,52
174,20180530,1156,70500,44
175,20180530,1157,70600,360
176,20180530,1158,70600,288
177,20180530,1159,70600,24
178,20180530,1200,70600,3506
179,20180530,1201,70900,156
180,20180530,1202,70900,64
181,20180530,1203,70900,82
182,20180530,1204,70900,267
183,20180530,1205,71000,7
184,20180530,1206,70900,117
185,20180530,1207,71000,56
186,20180530,1208,70900,445
187,20180530,1209,71000,415
188,20180530,1210,71000,693
189,20180530,1211,71100,134
190,20180530,1212,71100,185
191,20180530,1213,71000,66
192,20180530,1214,71000,194
193,20180530,1215,71000,6
194,20180530,1216,71100,52
195,20180530,1217,71000,14
196,20180530,1218,71000,24
197,20180530,1219,71100,80
198,20180530,1220,71100,23
199,20180530,1221,71100,24
200,20180530,1222,71000,65
201,20180530,1223,71000,210
202,20180530,1224,71000,36
203,20180530,1225,71000,49
204,20180530,1226,71100,81
205,20180530,1227,71000,16
206,20180530,1228,71000,74
207,20180530,1229,71000,493
208,20180530,1230,70900,206
209,20180530,1231,70800,67
210,20180530,1232,70700,450
211,20180530,1233,70800,217
212,20180530,1234,70800,6
213,20180530,1235,70800,1080
214,20180530,1236,71100,241
215,20180530,1237,71000,293
216,20180530,1238,70900,109
217,20180530,1239,70900,77
218,20180530,1240,70900,16
219,20180530,1241,70900,16
220,20180530,1242,70900,172
221,20180530,1243,70800,21
222,20180530,1244,70900,154
223,20180530,1245,70700,144
224,20180530,1246,70800,53
225,20180530,1247,70800,68
226,20180530,1248,70800,234
227,20180530,1249,70800,143
228,20180530,1250,70700,45
229,20180530,1251,70700,112
230,20180530,1252,70800,164
231,20180530,1253,70800,33
232,20180530,1254,70800,72
233,20180530,1255,70800,83
234,20180530,1256,70800,20
235,20180530,1257,70800,703
236,20180530,1258,70800,231
237,20180530,1259,70800,10
238,20180530,1300,70700,63
239,20180530,1301,70700,733
240,20180530,1302,70700,349
241,20180530,1303,70700,84
242,20180530,1304,70700,22
243,20180530,1305,70600,40
244,20180530,1306,70600,87
245,20180530,1307,70600,8
246,20180530,1308,70600,42
247,20180530,1309,70600,164
248,20180530,1310,70700,87
249,20180530,1311,70700,317
250,20180530,1312,70700,233
251,20180530,1313,70700,1931
252,20180530,1314,70900,122
253,20180530,1315,70800,94
254,20180530,1316,70800,30
255,20180530,1317,70800,53
256,20180530,1318,70800,255
257,20180530,1319,70800,55
258,20180530,1320,70800,136
259,20180530,1321,70800,21
260,20180530,1322,70900,502
261,20180530,1323,70800,252
262,20180530,1324,71000,21
263,20180530,1325,70900,29
264,20180530,1326,70900,547
265,20180530,1327,70800,48
266,20180530,1328,70800,33
267,20180530,1329,70900,175
268,20180530,1330,70800,74
269,20180530,1331,70900,10
270,20180530,1332,70900,65
271,20180530,1333,70900,57
272,20180530,1334,70900,205
273,20180530,1335,70800,153
274,20180530,1336,70900,11
275,20180530,1337,70800,199
276,20180530,1338,70800,92
277,20180530,1339,70800,183
278,20180530,1340,70900,84
279,20180530,1341,70800,168
280,20180530,1342,70900,66
281,20180530,1343,70900,140
282,20180530,1344,70800,284
283,20180530,1345,70900,179
284,20180530,1346,70800,1583
285,20180530,1347,70700,87
286,20180530,1348,70600,49
287,20180530,1349,70700,108
288,20180530,1350,70700,737
289,20180530,1351,70700,19
290,20180530,1352,70700,2263
291,20180530,1353,71000,81
292,20180530,1354,71000,810
293,20180530,1355,71200,82
294,20180530,1356,71200,363
295,20180530,1357,71100,146
296,20180530,1358,71000,493
297,20180530,1359,71100,150
298,20180530,1400,71100,170
299,20180530,1401,71100,219
300,20180530,1402,71200,100
301,20180530,1403,71100,175
302,20180530,1404,71100,88
303,20180530,1405,71000,77
304,20180530,1406,71100,64
305,20180530,1407,71100,77
306,20180530,1408,71100,13
307,20180530,1409,71100,128
308,20180530,1410,71100,71
309,20180530,1411,71100,17
310,20180530,1412,71100,33
311,20180530,1413,71100,189
312,20180530,1414,71100,127
313,20180530,1415,71100,264
314,20180530,1416,71100,113
315,20180530,1417,71100,31
316,20180530,1418,71100,113
317,20180530,1419,71100,195
318,20180530,1420,71100,330
319,20180530,1421,71100,958
320,20180530,1422,71100,3389
321,20180530,1423,71500,167
322,20180530,1424,71400,105
323,20180530,1425,71300,588
324,20180530,1426,71200,691
325,20180530,1427,71100,156
326,20180530,1428,71100,641
327,20180530,1429,71100,201
328,20180530,1430,71200,588
329,20180530,1431,71300,15
330,20180530,1432,71300,279
331,20180530,1433,71400,535
332,20180530,1434,71100,9
333,20180530,1435,71200,872
334,20180530,1436,71300,107
335,20180530,1437,71300,240
336,20180530,1438,71200,150
337,20180530,1439,71300,71
338,20180530,1440,71300,11
339,20180530,1441,71300,164
340,20180530,1442,71300,79
341,20180530,1443,71300,177
342,20180530,1444,71200,165
343,20180530,1445,71300,949
344,20180530,1446,71100,45
345,20180530,1447,71000,209
346,20180530,1448,70900,49
347,20180530,1449,71000,60
348,20180530,1450,70900,1620
349,20180530,1451,71200,218
350,20180530,1452,71300,159
351,20180530,1453,71300,64
352,20180530,1454,71300,54
353,20180530,1455,71300,54
354,20180530,1456,71300,236
355,20180530,1457,71300,551
356,20180530,1458,71400,35
357,20180530,1459,71500,102
358,20180530,1500,71400,197
359,20180530,1501,71500,107
360,20180530,1502,71400,37
361,20180530,1503,71500,254
362,20180530,1504,71500,446
363,20180530,1505,71500,187
364,20180530,1506,71500,889
365,20180530,1507,71100,154
366,20180530,1508,71100,904
367,20180530,1509,71300,50
368,20180530,1510,71400,64
369,20180530,1511,71300,327
370,20180530,1512,71300,140
371,20180530,1513,71200,326
372,20180530,1514,71200,116
373,20180530,1515,71100,154
374,20180530,1516,71200,381
375,20180530,1517,71300,414
376,20180530,1518,71200,188
377,20180530,1519,71200,98
378,20180530,1520,71300,260
379,20180530,1530,71300,5047
380,20180531,901,72000,1559
381,20180531,902,71800,372
382,20180531,903,71800,188
383,20180531,904,71800,970
384,20180531,905,71500,1276
385,20180531,906,71800,2122
386,20180531,907,71500,203
387,20180531,908,71400,5
388,20180531,909,71400,942
389,20180531,910,71500,324
390,20180531,911,71500,296
391,20180531,912,71400,171
392,20180531,913,71500,213
393,20180531,914,71200,20
394,20180531,915,71200,138
395,20180531,917,71200,388
396,20180531,918,71000,651
397,20180531,919,70900,136
398,20180531,920,71200,86
399,20180531,921,71100,157
400,20180531,922,71000,115
401,20180531,923,71000,176
402,20180531,924,71000,87
403,20180531,925,71000,235
404,20180531,926,71000,599
405,20180531,927,71400,188
406,20180531,928,71500,31
407,20180531,929,71500,16
408,20180531,930,71400,170
409,20180531,931,71400,446
410,20180531,932,71300,105
411,20180531,933,71300,211
412,20180531,934,71500,84
413,20180531,935,71300,60
414,20180531,936,71400,66
415,20180531,937,71400,540
416,20180531,938,71200,436
417,20180531,939,71200,510
418,20180531,940,71300,12
419,20180531,941,71300,78
420,20180531,942,71200,249
421,20180531,943,71200,72
422,20180531,944,71200,65
423,20180531,945,71100,126
424,20180531,946,71300,114
425,20180531,947,71200,131
426,20180531,948,71200,47
427,20180531,949,71300,9
428,20180531,950,71300,279
429,20180531,951,71200,39
430,20180531,952,71200,54
431,20180531,953,71200,467
432,20180531,954,71000,111
433,20180531,955,71100,149
434,20180531,956,71000,156
435,20180531,957,71100,59
436,20180531,958,71100,70
437,20180531,959,71000,37
438,20180531,1000,71100,632
439,20180531,1001,70900,32
440,20180531,1002,71000,86
441,20180531,1003,70900,231
442,20180531,1004,71000,277
443,20180531,1005,70900,29
444,20180531,1006,71000,68
445,20180531,1007,71000,367
446,20180531,1008,71000,12
447,20180531,1009,71000,406
448,20180531,1010,71100,97
449,20180531,1011,71000,66
450,20180531,1012,71100,42
451,20180531,1013,71100,69
452,20180531,1014,71000,72
453,20180531,1015,71100,107
454,20180531,1017,71100,198
455,20180531,1018,70900,24
456,20180531,1019,71000,391
457,20180531,1020,71000,93
458,20180531,1021,71000,133
459,20180531,1022,71000,32
460,20180531,1023,71000,106
461,20180531,1024,70900,32
462,20180531,1026,71000,330
463,20180531,1027,71000,135
464,20180531,1028,71100,1
465,20180531,1029,71000,5
466,20180531,1030,71100,84
467,20180531,1031,71100,44
468,20180531,1032,71000,299
469,20180531,1033,71100,69
470,20180531,1034,71000,210
471,20180531,1035,71100,20
472,20180531,1036,71000,51
473,20180531,1037,71000,107
474,20180531,1038,71000,30
475,20180531,1039,71100,1355
476,20180531,1040,71200,369
477,20180531,1041,71300,106
478,20180531,1042,71200,100
479,20180531,1043,71200,77
480,20180531,1044,71200,137
481,20180531,1045,71300,73
482,20180531,1046,71200,22
483,20180531,1047,71100,79
484,20180531,1048,71200,219
485,20180531,1049,71200,7
486,20180531,1050,71200,93
487,20180531,1051,71200,244
488,20180531,1052,71200,159
489,20180531,1053,71200,79
490,20180531,1054,71300,22
491,20180531,1055,71200,9
492,20180531,1056,71200,99
493,20180531,1057,71200,5
494,20180531,1058,71200,282
495,20180531,1059,71100,38
496,20180531,1100,71200,118
497,20180531,1101,71100,31
498,20180531,1102,71200,5
499,20180531,1103,71200,66
500,20180531,1104,71200,70
501,20180531,1105,71200,83
502,20180531,1106,71200,132
503,20180531,1107,71200,47
504,20180531,1108,71200,863
505,20180531,1109,71300,96
506,20180531,1110,71300,102
507,20180531,1111,71200,35
508,20180531,1112,71200,8
509,20180531,1113,71200,110
510,20180531,1114,71300,82
511,20180531,1115,71200,111
512,20180531,1116,71200,50
513,20180531,1117,71200,112
514,20180531,1118,71300,37
515,20180531,1119,71200,37
516,20180531,1120,71200,59
517,20180531,1121,71300,65
518,20180531,1122,71300,164
519,20180531,1123,71300,133
520,20180531,1124,71200,64
521,20180531,1125,71300,113
522,20180531,1126,71300,176
523,20180531,1127,71300,132
524,20180531,1128,71200,146
525,20180531,1129,71200,230
526,20180531,1130,71100,166
527,20180531,1131,71100,17
528,20180531,1132,71100,41
529,20180531,1133,71000,574
530,20180531,1134,71000,565
531,20180531,1135,71100,11
532,20180531,1136,71100,115
533,20180531,1137,71100,273
534,20180531,1138,71000,54
535,20180531,1139,71100,63
536,20180531,1140,71100,26
537,20180531,1141,71000,22
538,20180531,1142,71100,62
539,20180531,1143,71000,168
540,20180531,1144,71100,162
541,20180531,1145,71100,11
542,20180531,1146,71000,189
543,20180531,1147,71000,29
544,20180531,1148,70900,30
545,20180531,1149,71000,57
546,20180531,1150,71000,76
547,20180531,1151,71000,134
548,20180531,1152,71000,100
549,20180531,1153,71000,53
550,20180531,1154,71000,147
551,20180531,1155,71000,18
552,20180531,1156,71000,344
553,20180531,1157,71000,208
554,20180531,1158,71000,88
555,20180531,1159,71000,74
556,20180531,1200,71000,79
557,20180531,1201,71000,11
558,20180531,1202,71000,763
559,20180531,1203,71000,113
560,20180531,1204,71000,33
561,20180531,1205,71000,203
562,20180531,1206,70900,108
563,20180531,1207,70900,2133
564,20180531,1208,70800,5
565,20180531,1209,70800,116
566,20180531,1210,70800,913
567,20180531,1211,70700,75
568,20180531,1212,70600,1958
569,20180531,1213,71000,21
570,20180531,1214,70900,187
571,20180531,1215,70800,75
572,20180531,1216,70800,92
573,20180531,1217,70900,545
574,20180531,1218,71000,53
575,20180531,1219,71000,363
576,20180531,1220,71000,32
577,20180531,1221,70900,614
578,20180531,1222,70800,332
579,20180531,1223,70700,41
580,20180531,1224,70800,26
581,20180531,1225,70800,156
582,20180531,1226,70800,11
583,20180531,1227,70800,68
584,20180531,1228,70800,12
585,20180531,1229,70700,71
586,20180531,1230,70800,7
587,20180531,1231,70800,97
588,20180531,1232,70800,70
589,20180531,1233,70800,33
590,20180531,1234,70800,58
591,20180531,1235,70800,134
592,20180531,1236,70700,227
593,20180531,1237,70800,34
594,20180531,1238,70800,59
595,20180531,1239,70700,763
596,20180531,1240,70800,102
597,20180531,1241,70700,160
598,20180531,1242,70900,86
599,20180531,1243,70900,27
600,20180531,1244,70900,71
601,20180531,1245,70900,304
602,20180531,1246,70800,34
603,20180531,1247,70800,49
604,20180531,1248,70700,681
605,20180531,1249,70600,587
606,20180531,1250,70700,22
607,20180531,1251,70600,41
608,20180531,1252,70700,270
609,20180531,1253,70700,661
610,20180531,1254,70600,97
611,20180531,1255,70600,89
612,20180531,1256,70700,173
613,20180531,1257,70700,333
614,20180531,1258,70700,125
615,20180531,1259,70700,149
616,20180531,1300,70700,1160
617,20180531,1301,70900,11
618,20180531,1302,70900,193
619,20180531,1303,70900,186
620,20180531,1304,71000,230
621,20180531,1305,70900,63
622,20180531,1306,71000,47
623,20180531,1307,71000,237
624,20180531,1308,70900,68
625,20180531,1309,70800,66
626,20180531,1310,70900,475
627,20180531,1311,71000,48
628,20180531,1312,71000,54
629,20180531,1313,71000,766
630,20180531,1314,70700,56
631,20180531,1315,70700,56
632,20180531,1316,70800,17
633,20180531,1317,70800,671
634,20180531,1318,70800,103
635,20180531,1319,70800,19
636,20180531,1320,70800,164
637,20180531,1321,70800,2519
638,20180531,1322,70500,2416
639,20180531,1323,70500,526
640,20180531,1324,70500,150
641,20180531,1325,70500,274
642,20180531,1326,70500,88
643,20180531,1327,70500,2839
644,20180531,1328,70800,979
645,20180531,1329,71000,188
646,20180531,1330,71000,391
647,20180531,1331,71100,128
648,20180531,1332,71100,22
649,20180531,1333,71100,199
650,20180531,1334,71000,45
651,20180531,1335,71100,549
652,20180531,1336,70900,206
653,20180531,1337,70900,102
654,20180531,1338,70900,147
655,20180531,1339,71000,27
656,20180531,1340,71000,384
657,20180531,1341,70900,53
658,20180531,1342,70900,403
659,20180531,1343,70900,127
660,20180531,1344,70900,667
661,20180531,1345,70900,83
662,20180531,1346,70900,312
663,20180531,1347,71100,30
664,20180531,1348,70900,310
665,20180531,1349,71100,109
666,20180531,1350,70900,90
667,20180531,1351,71000,126
668,20180531,1352,70900,35
669,20180531,1353,71000,129
670,20180531,1354,70900,403
671,20180531,1355,71000,93
672,20180531,1356,70900,78
673,20180531,1357,71000,46
674,20180531,1358,70900,187
675,20180531,1359,71000,133
676,20180531,1400,71000,452
677,20180531,1401,71000,117
678,20180531,1402,71000,487
679,20180531,1403,71000,51
680,20180531,1404,70900,203
681,20180531,1405,70900,438
682,20180531,1406,70900,59
683,20180531,1407,70900,897
684,20180531,1408,70900,253
685,20180531,1409,71000,140
686,20180531,1410,71100,24
687,20180531,1411,71000,292
688,20180531,1412,71100,67
689,20180531,1413,71000,49
690,20180531,1414,71000,150
691,20180531,1415,71000,372
692,20180531,1416,71000,366
693,20180531,1417,71100,688
694,20180531,1418,71000,65
695,20180531,1419,71100,96
696,20180531,1420,71000,843
697,20180531,1421,71100,83
698,20180531,1422,71200,1079
699,20180531,1423,71100,226
700,20180531,1424,71100,114
701,20180531,1425,71200,53
702,20180531,1426,71100,1209
703,20180531,1427,71200,228
704,20180531,1428,71100,102
705,20180531,1429,71200,182
706,20180531,1430,71200,637
707,20180531,1431,71300,143
708,20180531,1432,71300,52
709,20180531,1433,71300,309
710,20180531,1434,71300,177
711,20180531,1435,71300,1747
712,20180531,1436,71400,70
713,20180531,1437,71300,486
714,20180531,1438,71400,93
715,20180531,1439,71400,159
716,20180531,1440,71400,251
717,20180531,1441,71500,260
718,20180531,1442,71500,94
719,20180531,1443,71500,72
720,20180531,1444,71400,647
721,20180531,1445,71400,1190
722,20180531,1446,71200,916
723,20180531,1447,71100,153
724,20180531,1448,71100,458
725,20180531,1449,71100,361
726,20180531,1450,71000,43
727,20180531,1451,71100,110
728,20180531,1452,71100,101
729,20180531,1453,71100,80
730,20180531,1454,71100,224
731,20180531,1455,71000,631
732,20180531,1456,71200,274
733,20180531,1457,71200,137
734,20180531,1458,71200,111
735,20180531,1459,71200,73
736,20180531,1500,71200,176
737,20180531,1501,71200,396
738,20180531,1502,71200,305
739,20180531,1503,71000,723
740,20180531,1504,71000,1161
741,20180531,1505,70800,16
742,20180531,1506,70900,303
743,20180531,1507,70900,44
744,20180531,1508,71000,312
745,20180531,1509,71000,425
746,20180531,1510,70900,132
747,20180531,1511,70900,294
748,20180531,1512,70800,904
749,20180531,1513,70700,492
750,20180531,1514,70800,42
751,20180531,1515,70800,195
752,20180531,1516,70800,770
753,20180531,1517,71000,339
754,20180531,1518,71000,119
755,20180531,1519,70800,251
756,20180531,1520,70900,183
757,20180531,1530,71000,75653
758,20180601,901,70800,696
759,20180601,902,71100,70
760,20180601,903,71000,68
761,20180601,904,71100,169
762,20180601,905,70900,1
763,20180601,906,71000,45
764,20180601,907,70800,944
765,20180601,908,70800,130
766,20180601,909,71000,88
767,20180601,910,71100,28
768,20180601,911,71100,655
769,20180601,912,71600,462
770,20180601,913,71500,1551
771,20180601,914,71500,915
772,20180601,915,71600,535
773,20180601,916,71700,1229
774,20180601,917,71900,764
775,20180601,918,71600,314
776,20180601,919,71900,2561
777,20180601,920,72000,923
778,20180601,921,72100,613
779,20180601,922,71800,185
780,20180601,923,71800,2
781,20180601,924,71800,56
782,20180601,925,71900,82
783,20180601,926,71800,64
784,20180601,927,71800,193
785,20180601,928,71800,401
786,20180601,929,71700,565
787,20180601,930,71700,154
788,20180601,931,71700,16
789,20180601,932,71700,1755
790,20180601,933,71800,155
791,20180601,934,71900,71
792,20180601,935,71900,446
793,20180601,936,72000,134
794,20180601,937,71900,23
795,20180601,938,71900,26
796,20180601,939,71900,197
797,20180601,940,71800,102
798,20180601,941,71800,2
799,20180601,942,71900,34
800,20180601,943,71900,866
801,20180601,944,72000,23
802,20180601,945,71900,117
803,20180601,946,71900,187
804,20180601,947,71800,43
805,20180601,948,71800,27
806,20180601,949,71800,23
807,20180601,950,71800,3
808,20180601,951,71800,1995
809,20180601,952,71500,49
810,20180601,953,71500,400
811,20180601,954,71600,16
812,20180601,955,71500,43
813,20180601,956,71500,285
814,20180601,957,71400,162
815,20180601,958,71400,24
816,20180601,959,71400,48
817,20180601,1000,71300,153
818,20180601,1001,71200,6
819,20180601,1002,71100,328
820,20180601,1003,71200,42
821,20180601,1004,71200,9
822,20180601,1005,71100,671
823,20180601,1006,71200,576
824,20180601,1007,71400,81
825,20180601,1008,71500,282
826,20180601,1009,71300,869
827,20180601,1010,71600,14
828,20180601,1011,71600,55
829,20180601,1012,71700,4
830,20180601,1013,71700,8
831,20180601,1014,71600,16
832,20180601,1015,71600,37
833,20180601,1016,71600,181
834,20180601,1017,71500,19
835,20180601,1018,71500,60
836,20180601,1019,71500,11
837,20180601,1020,71500,24
838,20180601,1021,71500,16
839,20180601,1022,71500,62
840,20180601,1023,71500,76
841,20180601,1024,71400,95
842,20180601,1025,71500,115
843,20180601,1026,71400,28
844,20180601,1027,71500,60
845,20180601,1028,71500,161
846,20180601,1029,71400,302
847,20180601,1030,71500,7
848,20180601,1031,71400,35
849,20180601,1032,71400,16
850,20180601,1033,71400,74
851,20180601,1034,71500,66
852,20180601,1035,71500,45
853,20180601,1036,71400,20
854,20180601,1037,71500,7
855,20180601,1038,71500,249
856,20180601,1039,71400,17
857,20180601,1040,71400,107
858,20180601,1041,71400,174
859,20180601,1042,71500,53
860,20180601,1043,71500,156
861,20180601,1044,71400,24
862,20180601,1045,71400,680
863,20180601,1046,71400,15
864,20180601,1047,71500,35
865,20180601,1048,71400,21
866,20180601,1049,71400,12
867,20180601,1050,71300,270
868,20180601,1051,71400,15
869,20180601,1052,71400,69
870,20180601,1053,71400,113
871,20180601,1054,71400,15
872,20180601,1055,71400,62
873,20180601,1056,71400,14
874,20180601,1057,71300,264
875,20180601,1058,71300,66
876,20180601,1059,71400,306
877,20180601,1100,71500,137
878,20180601,1101,71500,14
879,20180601,1102,71500,32
880,20180601,1103,71400,32
881,20180601,1104,71400,402
882,20180601,1105,71500,46
883,20180601,1106,71600,99
884,20180601,1107,71700,10
885,20180601,1108,71700,567
886,20180601,1109,71600,155
887,20180601,1110,71600,10
888,20180601,1111,71600,551
889,20180601,1112,71500,39
890,20180601,1113,71500,19
891,20180601,1114,71400,25
892,20180601,1115,71500,20
893,20180601,1116,71500,69
894,20180601,1117,71500,120
895,20180601,1118,71400,13
896,20180601,1119,71500,86
897,20180601,1120,71400,26
898,20180601,1121,71500,28
899,20180601,1122,71400,24
900,20180601,1123,71500,37
901,20180601,1124,71500,17
902,20180601,1125,71400,8
903,20180601,1126,71500,35
904,20180601,1127,71400,48
905,20180601,1128,71400,22
906,20180601,1129,71400,19
907,20180601,1130,71500,36
908,20180601,1131,71500,22
909,20180601,1132,71500,14
910,20180601,1133,71500,18
911,20180601,1134,71500,61
912,20180601,1135,71500,17
913,20180601,1136,71500,117
914,20180601,1137,71500,26
915,20180601,1138,71400,111
916,20180601,1139,71400,15
917,20180601,1140,71400,363
918,20180601,1141,71400,43
919,20180601,1142,71400,84
920,20180601,1143,71500,35
921,20180601,1144,71400,118
922,20180601,1145,71400,25
923,20180601,1146,71500,32
924,20180601,1147,71400,67
925,20180601,1148,71500,411
926,20180601,1149,71300,11
927,20180601,1150,71300,22
928,20180601,1151,71400,30
929,20180601,1152,71400,24
930,20180601,1153,71400,15
931,20180601,1154,71400,182
932,20180601,1155,71300,277
933,20180601,1156,71400,61
934,20180601,1157,71300,23
935,20180601,1158,71300,29
936,20180601,1159,71200,84
937,20180601,1200,71200,20
938,20180601,1201,71200,670
939,20180601,1202,71200,97
940,20180601,1203,71200,331
941,20180601,1204,71200,18
942,20180601,1205,71200,34
943,20180601,1206,71300,227
944,20180601,1207,71300,28
945,20180601,1208,71500,27
946,20180601,1209,71500,71
947,20180601,1210,71500,158
948,20180601,1211,71200,25
949,20180601,1212,71200,21
950,20180601,1213,71200,38
951,20180601,1214,71300,217
952,20180601,1215,71100,194
953,20180601,1216,71300,45
954,20180601,1217,71200,19
955,20180601,1218,71200,213
956,20180601,1219,71100,17
957,20180601,1220,71200,19
958,20180601,1221,71300,11
959,20180601,1222,71300,34
960,20180601,1223,71400,21
961,20180601,1224,71300,48
962,20180601,1225,71400,118
963,20180601,1226,71200,48
964,20180601,1227,71100,14
965,20180601,1228,71100,35
966,20180601,1229,71200,122
967,20180601,1230,71200,338
968,20180601,1231,71200,64
969,20180601,1232,71100,213
970,20180601,1233,71300,17
971,20180601,1234,71300,12
972,20180601,1235,71300,14
973,20180601,1236,71400,23
974,20180601,1237,71400,31
975,20180601,1238,71300,275
976,20180601,1239,71400,212
977,20180601,1240,71100,27
978,20180601,1241,71100,5
979,20180601,1242,71100,85
980,20180601,1243,71200,22
981,20180601,1244,71100,284
982,20180601,1245,71300,67
983,20180601,1246,71300,27
984,20180601,1247,71200,28
985,20180601,1248,71200,12
986,20180601,1249,71300,56
987,20180601,1250,71300,124
988,20180601,1251,71300,25
989,20180601,1252,71100,41
990,20180601,1253,71200,52
991,20180601,1254,71100,46
992,20180601,1255,71200,84
993,20180601,1256,71200,19
994,20180601,1257,71100,54
995,20180601,1258,71200,14
996,20180601,1259,71100,32
997,20180601,1300,71100,78
998,20180601,1301,71100,43
999,20180601,1302,71100,30
1000,20180601,1303,71200,27
1001,20180601,1304,71100,38
1002,20180601,1305,71200,21
1003,20180601,1306,71100,36
1004,20180601,1307,71200,280
1005,20180601,1308,71200,771
1006,20180601,1309,71200,46
1007,20180601,1310,71200,35
1008,20180601,1311,71100,144
1009,20180601,1312,71200,33
1010,20180601,1313,71200,22
1011,20180601,1314,71100,36
1012,20180601,1315,71200,19
1013,20180601,1316,71200,43
1014,20180601,1317,71100,43
1015,20180601,1318,71200,273
1016,20180601,1319,71200,29
1017,20180601,1320,71200,25
1018,20180601,1321,71200,1268
1019,20180601,1322,71300,51
1020,20180601,1323,71400,67
1021,20180601,1324,71300,63
1022,20180601,1325,71500,37
1023,20180601,1326,71500,44
1024,20180601,1327,71400,207
1025,20180601,1328,71400,60
1026,20180601,1329,71400,14
1027,20180601,1330,71300,14
1028,20180601,1331,71300,50
1029,20180601,1332,71400,70
1030,20180601,1333,71400,536
1031,20180601,1334,71200,214
1032,20180601,1335,71200,26
1033,20180601,1336,71200,33
1034,20180601,1337,71300,159
1035,20180601,1338,71200,58
1036,20180601,1339,71200,142
1037,20180601,1340,71300,148
1038,20180601,1341,71500,25
1039,20180601,1342,71500,38
1040,20180601,1343,71400,28
1041,20180601,1344,71400,82
1042,20180601,1345,71500,36
1043,20180601,1346,71400,77
1044,20180601,1347,71500,248
1045,20180601,1348,71400,94
1046,20180601,1349,71300,446
1047,20180601,1350,71500,39
1048,20180601,1351,71500,380
1049,20180601,1352,71500,268
1050,20180601,1353,71400,253
1051,20180601,1354,71600,74
1052,20180601,1355,71500,77
1053,20180601,1356,71600,126
1054,20180601,1357,71500,28
1055,20180601,1358,71500,18
1056,20180601,1359,71400,27
1057,20180601,1400,71500,581
1058,20180601,1401,71500,361
1059,20180601,1402,71600,90
1060,20180601,1403,71500,15
1061,20180601,1404,71600,14
1062,20180601,1405,71500,173
1063,20180601,1406,71500,284
1064,20180601,1407,71500,53
1065,20180601,1408,71600,129
1066,20180601,1409,71500,27
1067,20180601,1410,71500,9
1068,20180601,1411,71500,129
1069,20180601,1412,71600,346
1070,20180601,1413,71700,165
1071,20180601,1414,71700,384
1072,20180601,1415,71500,251
1073,20180601,1416,71700,60
1074,20180601,1417,71600,509
1075,20180601,1418,71700,752
1076,20180601,1419,71800,162
1077,20180601,1420,71700,1963
1078,20180601,1421,72000,1262
1079,20180601,1422,72200,144
1080,20180601,1423,72100,87
1081,20180601,1424,72200,130
1082,20180601,1425,72100,97
1083,20180601,1426,72000,49
1084,20180601,1427,72000,34
1085,20180601,1428,72100,16
1086,20180601,1429,72100,165
1087,20180601,1430,72100,10
1088,20180601,1431,72000,35
1089,20180601,1432,72000,21
1090,20180601,1433,72100,597
1091,20180601,1434,71900,397
1092,20180601,1435,71800,293
1093,20180601,1436,72100,63
1094,20180601,1437,72000,558
1095,20180601,1438,72100,34
1096,20180601,1439,72000,14
1097,20180601,1440,71900,26
1098,20180601,1441,72000,520
1099,20180601,1442,72000,11
1100,20180601,1443,72100,23
1101,20180601,1444,72100,106
1102,20180601,1445,72000,261
1103,20180601,1446,72100,273
1104,20180601,1447,72000,110
1105,20180601,1448,72100,28
1106,20180601,1449,72100,257
1107,20180601,1450,72100,81
1108,20180601,1451,72000,546
1109,20180601,1452,72000,16
1110,20180601,1453,71900,290
1111,20180601,1454,72000,20
1112,20180601,1455,71900,32
1113,20180601,1456,72000,1506
1114,20180601,1457,72000,285
1115,20180601,1458,72000,449
1116,20180601,1459,72000,207
1117,20180601,1500,72000,61
1118,20180601,1501,72000,220
1119,20180601,1502,72100,260
1120,20180601,1503,71900,66
1121,20180601,1504,72000,320
1122,20180601,1505,72000,171
1123,20180601,1506,72000,258
1124,20180601,1507,72000,60
1125,20180601,1508,72100,31
1126,20180601,1509,72100,354
1127,20180601,1510,72000,184
1128,20180601,1511,72000,412
1129,20180601,1512,72100,192
1130,20180601,1513,72000,703
1131,20180601,1514,72000,17
1132,20180601,1515,72000,173
1133,20180601,1516,72100,63
1134,20180601,1517,72000,394
1135,20180601,1518,71900,291
1136,20180601,1519,71900,1
1137,20180601,1520,72000,215
1138,20180601,1530,71800,4412
0,20180604,901,71900,444
1,20180604,902,71600,67
2,20180604,903,71500,451
3,20180604,904,71600,206
4,20180604,905,71300,723
5,20180604,906,71600,87
6,20180604,907,71300,2296
7,20180604,908,71100,730
8,20180604,909,71000,186
9,20180604,910,71200,121
10,20180604,911,71200,49
11,20180604,912,71300,147
12,20180604,913,71300,63
13,20180604,914,71300,43
14,20180604,915,71300,539
15,20180604,916,71000,81
16,20180604,917,71100,404
17,20180604,918,71100,127
18,20180604,919,71100,673
19,20180604,920,71000,151
20,20180604,921,71000,122
21,20180604,922,71100,211
22,20180604,923,71100,141
23,20180604,924,71100,61
24,20180604,925,71000,126
25,20180604,926,71200,137
26,20180604,927,71000,215
27,20180604,928,71000,213
28,20180604,929,71100,64
29,20180604,930,71000,3189
30,20180604,931,70800,419
31,20180604,932,70700,417
32,20180604,933,70700,151
33,20180604,934,70800,150
34,20180604,935,70800,225
35,20180604,936,70700,261
36,20180604,937,70700,1078
37,20180604,938,70600,106
38,20180604,939,70600,264
39,20180604,940,70700,328
40,20180604,941,70600,165
41,20180604,942,70600,1046
42,20180604,943,70600,370
43,20180604,944,70600,454
44,20180604,945,70600,881
45,20180604,946,70600,451
46,20180604,947,70500,2406
47,20180604,948,70400,1828
48,20180604,949,70300,169
49,20180604,950,70400,1676
50,20180604,951,70400,274
51,20180604,952,70300,230
52,20180604,953,70500,84
53,20180604,954,70500,243
54,20180604,955,70500,468
55,20180604,956,70400,1367
56,20180604,957,70400,268
57,20180604,958,70300,271
58,20180604,959,70300,389
59,20180604,1000,70300,65
60,20180604,1001,70300,811
61,20180604,1002,70300,89
62,20180604,1003,70300,170
63,20180604,1004,70300,123
64,20180604,1005,70300,72
65,20180604,1006,70300,348
66,20180604,1007,70300,191
67,20180604,1008,70300,171
68,20180604,1009,70300,157
69,20180604,1010,70300,741
70,20180604,1011,70500,127
71,20180604,1012,70600,754
72,20180604,1013,70800,159
73,20180604,1014,70600,685
74,20180604,1015,70600,96
75,20180604,1016,70500,59
76,20180604,1017,70600,148
77,20180604,1018,70500,470
78,20180604,1019,70500,226
79,20180604,1020,70400,28
80,20180604,1021,70400,210
81,20180604,1022,70400,63
82,20180604,1023,70400,116
83,20180604,1024,70500,640
84,20180604,1025,70500,113
85,20180604,1026,70600,116
86,20180604,1027,70500,36
87,20180604,1028,70500,329
88,20180604,1029,70400,140
89,20180604,1030,70400,83
90,20180604,1031,70500,56
91,20180604,1032,70400,825
92,20180604,1033,70400,1067
93,20180604,1034,70300,72
94,20180604,1035,70400,144
95,20180604,1036,70300,104
96,20180604,1037,70400,378
97,20180604,1038,70300,168
98,20180604,1039,70300,114
99,20180604,1040,70200,1114
100,20180604,1041,70200,460
101,20180604,1042,70200,467
102,20180604,1043,70200,240
103,20180604,1044,70200,797
104,20180604,1045,70100,83
105,20180604,1046,70100,166
106,20180604,1047,70100,185
107,20180604,1048,70200,674
108,20180604,1049,70200,86
109,20180604,1050,70200,85
110,20180604,1051,70100,183
111,20180604,1052,70200,175
112,20180604,1053,70100,503
113,20180604,1054,70200,432
114,20180604,1055,70100,1836
115,20180604,1056,70100,82
116,20180604,1057,70000,302
117,20180604,1058,70000,181
118,20180604,1059,70100,102
119,20180604,1100,70100,603
120,20180604,1101,70100,654
121,20180604,1102,70100,159
122,20180604,1103,70000,325
123,20180604,1104,70100,66
124,20180604,1105,70000,290
125,20180604,1106,70100,306
126,20180604,1107,70000,6966
127,20180604,1108,69700,769
128,20180604,1109,69600,481
129,20180604,1110,69700,242
130,20180604,1111,69700,1367
131,20180604,1112,69700,1116
132,20180604,1113,69800,202
133,20180604,1114,69700,112
134,20180604,1115,69800,163
135,20180604,1116,69800,283
136,20180604,1117,69700,182
137,20180604,1118,69700,161
138,20180604,1119,69700,528
139,20180604,1120,69800,495
140,20180604,1121,69700,245
141,20180604,1122,69700,404
142,20180604,1123,69600,356
143,20180604,1124,69600,346
144,20180604,1125,69700,315
145,20180604,1126,69700,102
146,20180604,1127,69800,120
147,20180604,1128,69700,805
148,20180604,1129,69700,91
149,20180604,1130,69600,146
150,20180604,1131,69700,358
151,20180604,1132,69600,113
152,20180604,1133,69600,2245
153,20180604,1134,69600,84
154,20180604,1135,69700,425
155,20180604,1136,69700,250
156,20180604,1137,69600,85
157,20180604,1138,69600,1184
158,20180604,1139,69500,1806
159,20180604,1140,69500,1419
160,20180604,1141,69400,582
161,20180604,1142,69500,284
162,20180604,1143,69400,105
163,20180604,1144,69500,308
164,20180604,1145,69500,26
165,20180604,1146,69400,192
166,20180604,1147,69400,221
167,20180604,1148,69400,573
168,20180604,1149,69500,244
169,20180604,1150,69400,362
170,20180604,1151,69400,396
171,20180604,1152,69400,326
172,20180604,1153,69400,586
173,20180604,1154,69500,246
174,20180604,1155,69400,130
175,20180604,1156,69500,117
176,20180604,1157,69400,328
177,20180604,1158,69400,117
178,20180604,1159,69400,354
179,20180604,1200,69400,354
180,20180604,1201,69400,2974
181,20180604,1202,69500,640
182,20180604,1203,69400,395
183,20180604,1204,69400,101
184,20180604,1205,69500,576
185,20180604,1206,69600,222
186,20180604,1207,69500,147
187,20180604,1208,69500,43
188,20180604,1209,69500,217
189,20180604,1210,69600,188
190,20180604,1211,69500,650
191,20180604,1212,69500,155
192,20180604,1213,69500,212
193,20180604,1214,69500,46
194,20180604,1215,69600,61
195,20180604,1216,69500,269
196,20180604,1217,69500,43
197,20180604,1218,69500,81
198,20180604,1219,69500,219
199,20180604,1220,69600,54
200,20180604,1221,69500,61
201,20180604,1222,69500,294
202,20180604,1223,69500,159
203,20180604,1224,69500,331
204,20180604,1225,69600,316
205,20180604,1226,69600,122
206,20180604,1227,69500,198
207,20180604,1228,69500,508
208,20180604,1229,69500,916
209,20180604,1230,69500,84
210,20180604,1231,69500,59
211,20180604,1232,69400,1004
212,20180604,1233,69400,1204
213,20180604,1234,69400,1339
214,20180604,1235,69400,488
215,20180604,1236,69300,43
216,20180604,1237,69300,1990
217,20180604,1238,69200,294
218,20180604,1239,69200,295
219,20180604,1240,69300,203
220,20180604,1241,69200,339
221,20180604,1242,69200,371
222,20180604,1243,69200,159
223,20180604,1244,69200,3349
224,20180604,1245,69200,50
225,20180604,1246,69100,119
226,20180604,1247,69100,1583
227,20180604,1248,69200,400
228,20180604,1249,69300,292
229,20180604,1250,69200,571
230,20180604,1251,69200,54
231,20180604,1252,69100,95
232,20180604,1253,69100,553
233,20180604,1254,69100,299
234,20180604,1255,69100,52
235,20180604,1256,69100,304
236,20180604,1257,69100,1524
237,20180604,1258,69000,92
238,20180604,1259,69000,139
239,20180604,1300,69000,281
240,20180604,1301,69000,181
241,20180604,1302,69000,119
242,20180604,1303,69000,388
243,20180604,1304,69000,167
244,20180604,1305,69000,673
245,20180604,1306,69300,271
246,20180604,1307,69200,73
247,20180604,1308,69100,215
248,20180604,1309,69000,129
249,20180604,1310,69000,800
250,20180604,1311,69100,308
251,20180604,1312,69000,74
252,20180604,1313,69000,196
253,20180604,1314,69000,224
254,20180604,1315,69100,256
255,20180604,1316,69100,513
256,20180604,1317,69100,356
257,20180604,1318,69000,150
258,20180604,1319,69100,437
259,20180604,1320,69200,545
260,20180604,1321,69300,283
261,20180604,1322,69200,308
262,20180604,1323,69000,319
263,20180604,1324,69100,242
264,20180604,1325,69000,789
265,20180604,1326,69000,429
266,20180604,1327,69000,166
267,20180604,1328,69000,389
268,20180604,1329,69000,499
269,20180604,1330,68900,330
270,20180604,1331,69000,198
271,20180604,1332,68900,435
272,20180604,1333,68900,1994
273,20180604,1334,68800,252
274,20180604,1335,68900,474
275,20180604,1336,68800,263
276,20180604,1337,68800,215
277,20180604,1338,68800,455
278,20180604,1339,68900,199
279,20180604,1340,68900,346
280,20180604,1341,68800,500
281,20180604,1342,68800,209
282,20180604,1343,68900,309
283,20180604,1344,68900,439
284,20180604,1345,68800,1908
285,20180604,1346,69000,159
286,20180604,1347,68800,288
287,20180604,1348,68900,423
288,20180604,1349,68900,299
289,20180604,1350,68900,292
290,20180604,1351,68900,1369
291,20180604,1352,68800,260
292,20180604,1353,68900,213
293,20180604,1354,68700,1335
294,20180604,1355,69100,379
295,20180604,1356,69100,308
296,20180604,1357,69200,260
297,20180604,1358,69000,720
298,20180604,1359,69200,419
299,20180604,1400,69200,424
300,20180604,1401,69100,342
301,20180604,1402,69100,267
302,20180604,1403,69000,316
303,20180604,1404,69100,291
304,20180604,1405,69100,198
305,20180604,1406,69100,642
306,20180604,1407,69200,301
307,20180604,1408,69100,364
308,20180604,1409,69200,183
309,20180604,1410,69200,268
310,20180604,1411,69100,332
311,20180604,1412,69200,259
312,20180604,1413,69100,220
313,20180604,1414,69100,299
314,20180604,1415,69100,391
315,20180604,1416,69100,232
316,20180604,1417,69100,475
317,20180604,1418,69100,207
318,20180604,1419,69100,338
319,20180604,1420,69100,354
320,20180604,1421,69000,382
321,20180604,1422,69000,274
322,20180604,1423,69200,271
323,20180604,1424,69000,162
324,20180604,1425,69200,500
325,20180604,1426,69100,528
326,20180604,1427,69200,281
327,20180604,1428,69100,231
328,20180604,1429,69200,224
329,20180604,1430,69100,222
330,20180604,1431,69200,251
331,20180604,1432,69200,276
332,20180604,1433,69100,307
333,20180604,1434,69100,447
334,20180604,1435,69200,276
335,20180604,1436,69100,239
336,20180604,1437,69200,511
337,20180604,1438,69200,301
338,20180604,1439,69200,166
339,20180604,1440,69300,253
340,20180604,1441,69200,230
341,20180604,1442,69200,361
342,20180604,1443,69100,206
343,20180604,1444,69100,250
344,20180604,1445,69100,1224
345,20180604,1446,69100,240
346,20180604,1447,69000,691
347,20180604,1448,69100,251
348,20180604,1449,69100,395
349,20180604,1450,69300,341
350,20180604,1451,69200,238
351,20180604,1452,69200,214
352,20180604,1453,69100,356
353,20180604,1454,69200,236
354,20180604,1455,69200,414
355,20180604,1456,69200,201
356,20180604,1457,69100,295
357,20180604,1458,69000,253
358,20180604,1459,69100,353
359,20180604,1500,69100,570
360,20180604,1501,69100,427
361,20180604,1502,69000,129
362,20180604,1503,69000,384
363,20180604,1504,69200,269
364,20180604,1505,69100,214
365,20180604,1506,69100,267
366,20180604,1507,69100,68
367,20180604,1508,69000,208
368,20180604,1509,69100,79
369,20180604,1510,69200,2191
370,20180604,1511,69500,390
371,20180604,1512,69500,335
372,20180604,1513,69300,382
373,20180604,1514,69400,60
374,20180604,1515,69500,274
375,20180604,1516,69400,217
376,20180604,1517,69500,508
377,20180604,1518,69400,575
378,20180604,1519,69500,50
379,20180604,1520,69500,170
380,20180604,1530,69400,4594
0,20180605,901,69600,779
1,20180605,902,69800,414
2,20180605,903,70000,407
3,20180605,904,70000,1456
4,20180605,905,69500,2748
5,20180605,906,69700,735
6,20180605,907,69500,789
7,20180605,908,69500,209
8,20180605,909,69700,875
9,20180605,910,69500,469
10,20180605,911,69500,180
11,20180605,912,69500,605
12,20180605,913,69400,106
13,20180605,914,69500,100
14,20180605,915,69500,1339
15,20180605,916,69200,182
16,20180605,917,69100,751
17,20180605,918,69100,3109
18,20180605,919,69300,125
19,20180605,920,69300,140
20,20180605,921,69200,125
21,20180605,922,69100,128
22,20180605,923,69200,57
23,20180605,924,69100,555
24,20180605,925,69100,1199
25,20180605,926,69100,171
26,20180605,927,69100,31
27,20180605,928,69000,327
28,20180605,929,69100,584
29,20180605,930,69100,74
30,20180605,931,69100,657
31,20180605,932,69100,946
32,20180605,933,68900,772
33,20180605,934,68800,279
34,20180605,935,68800,1288
35,20180605,936,68700,1497
36,20180605,937,68700,65
37,20180605,938,68600,341
38,20180605,939,68500,1053
39,20180605,940,68400,3350
40,20180605,941,68300,1193
41,20180605,942,68300,243
42,20180605,943,68200,1001
43,20180605,944,68100,117
44,20180605,945,68200,9784
45,20180605,946,68500,176
46,20180605,947,68600,775
47,20180605,948,68500,63
48,20180605,949,68500,51
49,20180605,950,68500,141
50,20180605,951,68600,3
51,20180605,952,68500,367
52,20180605,953,68500,130
53,20180605,954,68500,116
54,20180605,955,68500,43
55,20180605,956,68400,5497
56,20180605,957,68900,123
57,20180605,958,68800,195
58,20180605,959,68700,77
59,20180605,1000,68700,56
60,20180605,1001,68700,867
61,20180605,1002,68800,126
62,20180605,1003,68800,223
63,20180605,1004,68800,8
64,20180605,1005,68800,64
65,20180605,1006,68800,320
66,20180605,1007,68800,51
67,20180605,1008,68700,784
68,20180605,1009,68700,38
69,20180605,1010,68700,638
70,20180605,1011,68600,60
71,20180605,1012,68600,8
72,20180605,1013,68500,152
73,20180605,1014,68600,405
74,20180605,1015,68500,121
75,20180605,1016,68400,2223
76,20180605,1017,68300,10
77,20180605,1018,68300,25
78,20180605,1019,68300,3
79,20180605,1020,68200,54
80,20180605,1021,68300,42
81,20180605,1022,68300,152
82,20180605,1023,68300,7122
83,20180605,1024,68400,367
84,20180605,1025,68500,2
85,20180605,1026,68500,100
86,20180605,1027,68400,189
87,20180605,1028,68400,84
88,20180605,1029,68400,29
89,20180605,1030,68400,235
90,20180605,1031,68400,315
91,20180605,1032,68400,522
92,20180605,1033,68400,182
93,20180605,1034,68500,1
94,20180605,1035,68500,115
95,20180605,1036,68500,255
96,20180605,1037,68600,2
97,20180605,1038,68600,105
98,20180605,1039,68600,10
99,20180605,1040,68600,49
100,20180605,1041,68600,514
101,20180605,1042,68500,12
102,20180605,1043,68500,7
103,20180605,1044,68500,46
104,20180605,1045,68500,103
105,20180605,1046,68500,2282
106,20180605,1047,68300,52
107,20180605,1048,68300,192
108,20180605,1049,68300,21
109,20180605,1050,68300,83
110,20180605,1051,68300,76
111,20180605,1052,68300,129
112,20180605,1053,68200,227
113,20180605,1054,68300,524
114,20180605,1055,68300,801
115,20180605,1056,68300,131
116,20180605,1057,68300,87
117,20180605,1058,68300,250
118,20180605,1059,68200,35
119,20180605,1100,68300,280
120,20180605,1101,68200,93
121,20180605,1102,68300,45
122,20180605,1103,68200,292
123,20180605,1104,68300,178
124,20180605,1105,68300,111
125,20180605,1106,68300,281
126,20180605,1107,68200,70
127,20180605,1108,68300,100
128,20180605,1109,68300,61
129,20180605,1110,68300,168
130,20180605,1111,68200,4714
131,20180605,1112,68100,559
132,20180605,1113,68000,472
133,20180605,1114,68100,3981
134,20180605,1115,67700,2023
135,20180605,1116,67800,871
136,20180605,1117,68000,244
137,20180605,1118,67800,141
138,20180605,1119,67800,123
139,20180605,1120,67800,49
140,20180605,1121,67800,168
141,20180605,1122,67800,498
142,20180605,1123,67800,485
143,20180605,1124,67800,73
144,20180605,1125,67700,222
145,20180605,1126,67700,1901
146,20180605,1127,67600,3259
147,20180605,1128,67500,2002
148,20180605,1129,67500,221
149,20180605,1130,67500,330
150,20180605,1131,67400,291
151,20180605,1132,67400,216
152,20180605,1133,67400,90
153,20180605,1134,67400,81
154,20180605,1135,67300,699
155,20180605,1136,67300,580
156,20180605,1137,67200,237
157,20180605,1138,67200,851
158,20180605,1139,67300,580
159,20180605,1140,67300,4967
160,20180605,1141,67000,3999
161,20180605,1142,67600,80
162,20180605,1143,67400,11
163,20180605,1144,67400,182
164,20180605,1145,67400,632
165,20180605,1146,67500,130
166,20180605,1147,67500,412
167,20180605,1148,67300,220
168,20180605,1149,67300,294
169,20180605,1150,67200,641
170,20180605,1151,67300,95
171,20180605,1152,67300,735
172,20180605,1153,67300,24
173,20180605,1154,67300,106
174,20180605,1155,67200,66
175,20180605,1156,67300,121
176,20180605,1157,67200,55
177,20180605,1158,67300,280
178,20180605,1159,67100,402
179,20180605,1200,67300,71
180,20180605,1201,67200,280
181,20180605,1202,67200,85
182,20180605,1203,67300,62
183,20180605,1204,67300,237
184,20180605,1205,67200,140
185,20180605,1206,67300,42
186,20180605,1207,67200,264
187,20180605,1208,67300,122
188,20180605,1209,67300,1527
189,20180605,1210,67400,172
190,20180605,1211,67300,354
191,20180605,1212,67200,437
192,20180605,1213,67300,25
193,20180605,1214,67300,122
194,20180605,1215,67300,96
195,20180605,1216,67300,422
196,20180605,1217,67300,113
197,20180605,1218,67300,155
198,20180605,1219,67200,89
199,20180605,1220,67300,137
200,20180605,1221,67300,579
201,20180605,1222,67600,582
202,20180605,1223,67600,325
203,20180605,1224,67500,470
204,20180605,1225,67400,62
205,20180605,1226,67400,13
206,20180605,1227,67300,899
207,20180605,1228,67300,346
208,20180605,1229,67300,107
209,20180605,1230,67400,32
210,20180605,1231,67300,157
211,20180605,1232,67300,74
212,20180605,1233,67400,75
213,20180605,1234,67400,50
214,20180605,1235,67400,251
215,20180605,1236,67400,360
216,20180605,1237,67400,35
217,20180605,1238,67300,2394
218,20180605,1239,67600,30
219,20180605,1240,67700,269
220,20180605,1241,67600,411
221,20180605,1242,67500,114
222,20180605,1243,67400,220
223,20180605,1244,67400,66
224,20180605,1245,67500,166
225,20180605,1246,67500,51
226,20180605,1247,67400,41
227,20180605,1248,67500,663
228,20180605,1249,67500,359
229,20180605,1250,67400,103
230,20180605,1251,67400,68
231,20180605,1252,67400,439
232,20180605,1253,67500,436
233,20180605,1254,67400,55
234,20180605,1255,67400,83
235,20180605,1256,67500,45
236,20180605,1257,67500,70
237,20180605,1258,67500,30
238,20180605,1259,67400,323
239,20180605,1300,67400,162
240,20180605,1301,67500,414
241,20180605,1302,67400,1136
242,20180605,1303,67600,73
243,20180605,1304,67500,29
244,20180605,1305,67400,65
245,20180605,1306,67500,51
246,20180605,1307,67400,533
247,20180605,1308,67300,989
248,20180605,1309,67500,18
249,20180605,1310,67400,209
250,20180605,1311,67600,132
251,20180605,1312,67400,268
252,20180605,1313,67500,485
253,20180605,1314,67500,175
254,20180605,1315,67500,93
255,20180605,1316,67500,138
256,20180605,1317,67400,109
257,20180605,1318,67500,82
258,20180605,1319,67400,52
259,20180605,1320,67500,423
260,20180605,1321,67500,56
261,20180605,1322,67400,228
262,20180605,1323,67500,654
263,20180605,1324,67500,601
264,20180605,1325,67600,191
265,20180605,1326,67600,123
266,20180605,1327,67500,96
267,20180605,1328,67500,125
268,20180605,1329,67600,145
269,20180605,1330,67500,149
270,20180605,1331,67600,298
271,20180605,1332,67500,621
272,20180605,1333,67500,281
273,20180605,1334,67400,29
274,20180605,1335,67500,37
275,20180605,1336,67500,171
276,20180605,1337,67400,124
277,20180605,1338,67400,100
278,20180605,1339,67500,75
279,20180605,1340,67500,852
280,20180605,1341,67500,76
281,20180605,1342,67500,36
282,20180605,1343,67400,154
283,20180605,1344,67500,238
284,20180605,1345,67400,1958
285,20180605,1346,67400,109
286,20180605,1347,67400,1772
287,20180605,1348,67400,249
288,20180605,1349,67400,498
289,20180605,1350,67400,140
290,20180605,1351,67300,380
291,20180605,1352,67300,1278
292,20180605,1353,67400,29
293,20180605,1354,67300,259
294,20180605,1355,67400,653
295,20180605,1356,67400,106
296,20180605,1357,67400,329
297,20180605,1358,67300,141
298,20180605,1359,67400,300
299,20180605,1400,67300,95
300,20180605,1401,67400,101
301,20180605,1402,67400,131
302,20180605,1403,67300,176
303,20180605,1404,67300,93
304,20180605,1405,67400,36
305,20180605,1406,67300,89
306,20180605,1407,67400,178
307,20180605,1408,67300,61
308,20180605,1409,67300,141
309,20180605,1410,67300,167
310,20180605,1411,67400,1264
311,20180605,1412,67300,718
312,20180605,1413,67200,78
313,20180605,1414,67200,107
314,20180605,1415,67200,94
315,20180605,1416,67300,2318
316,20180605,1417,67400,61
317,20180605,1418,67400,133
318,20180605,1419,67400,93
319,20180605,1420,67500,219
320,20180605,1421,67500,143
321,20180605,1422,67400,228
322,20180605,1423,67500,39
323,20180605,1424,67400,111
324,20180605,1425,67500,11
325,20180605,1426,67500,57
326,20180605,1427,67500,59
327,20180605,1428,67500,143
328,20180605,1429,67500,70
329,20180605,1430,67500,37
330,20180605,1431,67500,96
331,20180605,1432,67400,100
332,20180605,1433,67500,40
333,20180605,1434,67400,111
334,20180605,1435,67500,89
335,20180605,1436,67500,112
336,20180605,1437,67500,104
337,20180605,1438,67400,61
338,20180605,1439,67400,123
339,20180605,1440,67400,470
340,20180605,1441,67500,123
341,20180605,1442,67400,103
342,20180605,1443,67400,246
343,20180605,1444,67400,304
344,20180605,1445,67400,184
345,20180605,1446,67500,39
346,20180605,1447,67400,309
347,20180605,1448,67400,326
348,20180605,1449,67400,108
349,20180605,1450,67400,159
350,20180605,1451,67500,181
351,20180605,1452,67500,104
352,20180605,1453,67500,528
353,20180605,1454,67500,33
354,20180605,1455,67500,52
355,20180605,1456,67500,124
356,20180605,1457,67400,1408
357,20180605,1458,67500,3937
358,20180605,1459,67300,98
359,20180605,1500,67400,1261
360,20180605,1501,67400,631
361,20180605,1502,67400,1024
362,20180605,1503,67300,710
363,20180605,1504,67300,274
364,20180605,1505,67200,511
365,20180605,1506,67300,1063
366,20180605,1507,67300,144
367,20180605,1508,67300,65
368,20180605,1509,67200,2972
369,20180605,1510,67500,60
370,20180605,1511,67400,146
371,20180605,1512,67500,94
372,20180605,1513,67500,77
373,20180605,1514,67500,111
374,20180605,1515,67500,231
375,20180605,1516,67500,424
376,20180605,1517,67500,134
377,20180605,1518,67600,139
378,20180605,1519,67700,399
379,20180605,1520,67600,175
380,20180605,1530,67600,4041
381,20180607,901,68000,2215
382,20180607,902,68300,344
383,20180607,903,68100,548
384,20180607,904,68200,1677
385,20180607,905,68600,842
386,20180607,906,68600,1251
387,20180607,907,68600,97
388,20180607,908,68500,1132
389,20180607,909,68500,583
390,20180607,910,68600,123
391,20180607,911,68500,910
392,20180607,912,68500,329
393,20180607,913,68500,1267
394,20180607,914,68600,96
395,20180607,915,68600,93
396,20180607,916,68500,165
397,20180607,917,68600,126
398,20180607,918,68400,202
399,20180607,919,68400,102
400,20180607,920,68400,20
401,20180607,921,68400,31
402,20180607,922,68500,432
403,20180607,923,68400,132
404,20180607,924,68400,49
405,20180607,925,68400,1099
406,20180607,926,68400,79
407,20180607,927,68300,174
408,20180607,928,68200,432
409,20180607,929,68100,467
410,20180607,930,68300,20
411,20180607,931,68100,25
412,20180607,932,68200,65
413,20180607,933,68200,62
414,20180607,934,68200,538
415,20180607,935,68200,37
416,20180607,936,68200,382
417,20180607,937,68300,120
418,20180607,938,68200,45
419,20180607,939,68200,21
420,20180607,940,68300,474
421,20180607,941,68200,28
422,20180607,942,68000,216
423,20180607,943,68200,29
424,20180607,944,68200,26
425,20180607,945,68100,26
426,20180607,946,68200,24
427,20180607,947,68200,180
428,20180607,948,68200,22
429,20180607,949,68200,121
430,20180607,950,68100,180
431,20180607,951,68200,938
432,20180607,952,68400,710
433,20180607,953,68400,85
434,20180607,954,68400,415
435,20180607,955,68400,37
436,20180607,956,68400,47
437,20180607,957,68400,595
438,20180607,958,68300,20
439,20180607,959,68300,49
440,20180607,1000,68300,19
441,20180607,1001,68200,124
442,20180607,1002,68200,234
443,20180607,1003,68300,74
444,20180607,1004,68200,19
445,20180607,1005,68300,52
446,20180607,1006,68200,34
447,20180607,1007,68300,48
448,20180607,1008,68100,18
449,20180607,1009,68200,24
450,20180607,1010,68200,365
451,20180607,1011,68200,35
452,20180607,1012,68200,110
453,20180607,1013,68200,69
454,20180607,1014,68300,154
455,20180607,1015,68300,24
456,20180607,1016,68300,22
457,20180607,1017,68300,19
458,20180607,1018,68200,53
459,20180607,1019,68300,2625
460,20180607,1020,68500,1925
461,20180607,1021,68500,170
462,20180607,1022,68500,95
463,20180607,1023,68600,359
464,20180607,1024,68500,242
465,20180607,1025,68500,137
466,20180607,1026,68500,29
467,20180607,1027,68500,500
468,20180607,1028,68600,1103
469,20180607,1029,68700,355
470,20180607,1030,68700,2855
471,20180607,1031,68900,1547
472,20180607,1032,68800,495
473,20180607,1033,68800,205
474,20180607,1034,68900,132
475,20180607,1035,68800,386
476,20180607,1036,68900,59
477,20180607,1037,68800,161
478,20180607,1038,68900,27
479,20180607,1039,68900,516
480,20180607,1040,68600,261
481,20180607,1041,68600,305
482,20180607,1042,68700,434
483,20180607,1043,68600,71
484,20180607,1044,68600,260
485,20180607,1045,68500,544
486,20180607,1046,68500,580
487,20180607,1047,68400,21
488,20180607,1048,68400,198
489,20180607,1049,68400,103
490,20180607,1050,68500,335
491,20180607,1051,68600,51
492,20180607,1052,68700,406
493,20180607,1053,68400,39
494,20180607,1054,68400,130
495,20180607,1055,68400,69
496,20180607,1056,68500,81
497,20180607,1057,68400,125
498,20180607,1058,68500,379
499,20180607,1059,68500,51
500,20180607,1100,68600,32
501,20180607,1101,68600,158
502,20180607,1102,68600,100
503,20180607,1103,68500,31
504,20180607,1104,68600,31
505,20180607,1105,68600,47
506,20180607,1106,68400,26
507,20180607,1107,68400,24
508,20180607,1108,68400,18
509,20180607,1109,68500,30
510,20180607,1110,68400,36
511,20180607,1111,68500,33
512,20180607,1112,68400,869
513,20180607,1113,68600,44
514,20180607,1114,68500,393
515,20180607,1115,68500,213
516,20180607,1116,68500,176
517,20180607,1117,68500,163
518,20180607,1118,68600,89
519,20180607,1119,68500,75
520,20180607,1120,68500,85
521,20180607,1121,68400,253
522,20180607,1122,68600,69
523,20180607,1123,68600,56
524,20180607,1124,68400,88
525,20180607,1125,68400,62
526,20180607,1126,68500,270
527,20180607,1127,68500,12
528,20180607,1128,68500,158
529,20180607,1129,68600,78
530,20180607,1130,68500,546
531,20180607,1131,68600,67
532,20180607,1132,68400,195
533,20180607,1133,68500,46
534,20180607,1134,68500,146
535,20180607,1135,68500,311
536,20180607,1136,68500,6
537,20180607,1137,68500,136
538,20180607,1138,68400,29
539,20180607,1139,68500,29
540,20180607,1140,68500,21
541,20180607,1141,68400,21
542,20180607,1142,68500,395
543,20180607,1143,68600,8
544,20180607,1144,68500,61
545,20180607,1145,68500,11
546,20180607,1146,68500,38
547,20180607,1147,68600,21
548,20180607,1148,68600,2680
549,20180607,1149,68300,8
550,20180607,1150,68300,27
551,20180607,1151,68400,490
552,20180607,1152,68500,116
553,20180607,1153,68400,43
554,20180607,1154,68400,20
555,20180607,1155,68500,58
556,20180607,1156,68500,4
557,20180607,1157,68500,55
558,20180607,1158,68500,33
559,20180607,1159,68400,69
560,20180607,1200,68400,466
561,20180607,1201,68500,62
562,20180607,1202,68600,8
563,20180607,1203,68600,4
564,20180607,1204,68600,143
565,20180607,1205,68600,118
566,20180607,1206,68600,21
567,20180607,1208,68600,268
568,20180607,1209,68600,7
569,20180607,1210,68500,36
570,20180607,1211,68500,307
571,20180607,1212,68600,471
572,20180607,1213,68700,37
573,20180607,1214,68600,33
574,20180607,1215,68700,27
575,20180607,1216,68700,17
576,20180607,1217,68600,5
577,20180607,1218,68700,270
578,20180607,1219,68800,31
579,20180607,1220,68700,209
580,20180607,1221,68800,155
581,20180607,1222,68700,17
582,20180607,1223,68800,489
583,20180607,1224,68900,28
584,20180607,1225,68800,81
585,20180607,1226,68900,8
586,20180607,1227,68800,2682
587,20180607,1228,69000,639
588,20180607,1229,69000,51
589,20180607,1230,69000,344
590,20180607,1231,69100,89
591,20180607,1232,69100,127
592,20180607,1233,68900,29
593,20180607,1234,69000,309
594,20180607,1235,69000,14
595,20180607,1236,68900,78
596,20180607,1237,68900,194
597,20180607,1238,69000,11
598,20180607,1239,68900,9
599,20180607,1240,68900,256
600,20180607,1241,68900,249
601,20180607,1242,68900,582
602,20180607,1243,68900,16
603,20180607,1244,69000,31
604,20180607,1245,69000,14
605,20180607,1246,69000,76
606,20180607,1247,69000,78
607,20180607,1248,68900,63
608,20180607,1249,69000,383
609,20180607,1250,68800,78
610,20180607,1251,68700,791
611,20180607,1252,69000,115
612,20180607,1253,68900,143
613,20180607,1254,69000,17
614,20180607,1255,69000,117
615,20180607,1256,68800,21
616,20180607,1257,68900,7
617,20180607,1258,68900,8
618,20180607,1259,68900,7
619,20180607,1300,68900,288
620,20180607,1301,68900,7
621,20180607,1302,69000,221
622,20180607,1303,68900,82
623,20180607,1304,69000,116
624,20180607,1305,68900,322
625,20180607,1306,68900,115
626,20180607,1307,68800,108
627,20180607,1308,68800,82
628,20180607,1309,68800,267
629,20180607,1310,68700,80
630,20180607,1311,68700,162
631,20180607,1312,68800,155
632,20180607,1313,68700,24
633,20180607,1314,68700,74
634,20180607,1315,68800,27
635,20180607,1316,68700,119
636,20180607,1317,68800,401
637,20180607,1318,68600,191
638,20180607,1319,68700,37
639,20180607,1320,68600,368
640,20180607,1321,68500,377
641,20180607,1322,68600,215
642,20180607,1323,68500,78
643,20180607,1324,68600,207
644,20180607,1325,68500,96
645,20180607,1326,68600,103
646,20180607,1327,68600,535
647,20180607,1328,68600,52
648,20180607,1329,68600,115
649,20180607,1330,68500,14
650,20180607,1331,68400,327
651,20180607,1332,68600,313
652,20180607,1333,68500,27
653,20180607,1334,68600,184
654,20180607,1335,68700,52
655,20180607,1336,68700,253
656,20180607,1337,68600,66
657,20180607,1338,68600,375
658,20180607,1339,68500,973
659,20180607,1340,68400,80
660,20180607,1341,68500,92
661,20180607,1342,68500,24
662,20180607,1343,68600,91
663,20180607,1344,68500,372
664,20180607,1345,68700,164
665,20180607,1346,68500,50
666,20180607,1347,68700,93
667,20180607,1348,68600,972
668,20180607,1349,68500,1320
669,20180607,1350,68400,25
670,20180607,1351,68300,1820
671,20180607,1352,68600,355
672,20180607,1353,68400,2330
673,20180607,1354,68600,191
674,20180607,1355,68800,40
675,20180607,1356,68700,186
676,20180607,1357,68600,1245
677,20180607,1358,68700,84
678,20180607,1359,68600,197
679,20180607,1400,68700,82
680,20180607,1401,68600,141
681,20180607,1402,68500,41
682,20180607,1403,68400,78
683,20180607,1404,68500,41
684,20180607,1405,68500,112
685,20180607,1406,68500,104
686,20180607,1407,68400,169
687,20180607,1408,68400,102
688,20180607,1409,68400,269
689,20180607,1410,68400,581
690,20180607,1411,68300,120
691,20180607,1412,68400,91
692,20180607,1413,68400,67
693,20180607,1414,68300,161
694,20180607,1415,68500,50
695,20180607,1416,68500,123
696,20180607,1417,68400,188
697,20180607,1418,68500,82
698,20180607,1419,68500,28
699,20180607,1420,68400,381
700,20180607,1421,68500,500
701,20180607,1422,68600,1103
702,20180607,1423,68500,228
703,20180607,1424,68400,348
704,20180607,1425,68400,497
705,20180607,1426,68300,376
706,20180607,1427,68300,258
707,20180607,1428,68400,42
708,20180607,1429,68300,83
709,20180607,1430,68300,29
710,20180607,1431,68300,206
711,20180607,1432,68400,392
712,20180607,1433,68400,500
713,20180607,1434,68400,298
714,20180607,1435,68500,424
715,20180607,1436,68400,94
716,20180607,1437,68600,608
717,20180607,1438,68500,97
718,20180607,1439,68500,37
719,20180607,1440,68500,1568
720,20180607,1441,68700,1413
721,20180607,1442,68400,91
722,20180607,1443,68500,40
723,20180607,1444,68500,103
724,20180607,1445,68500,15
725,20180607,1446,68500,132
726,20180607,1447,68400,95
727,20180607,1448,68500,31
728,20180607,1449,68400,713
729,20180607,1450,68400,474
730,20180607,1451,68300,830
731,20180607,1452,68200,2089
732,20180607,1453,68300,74
733,20180607,1454,68300,164
734,20180607,1455,68300,611
735,20180607,1456,68300,63
736,20180607,1457,68400,55
737,20180607,1458,68400,85
738,20180607,1459,68300,401
739,20180607,1500,68300,506
740,20180607,1501,68200,74
741,20180607,1502,68300,484
742,20180607,1503,68300,488
743,20180607,1504,68500,726
744,20180607,1505,68600,1891
745,20180607,1506,68600,92
746,20180607,1507,68600,196
747,20180607,1508,68700,29
748,20180607,1509,68600,197
749,20180607,1510,68700,208
750,20180607,1511,68500,210
751,20180607,1512,68700,45
752,20180607,1513,68600,591
753,20180607,1514,68600,55
754,20180607,1515,68700,758
755,20180607,1516,68700,1395
756,20180607,1517,68600,38
757,20180607,1518,68600,114
758,20180607,1519,68700,66
759,20180607,1520,68600,80
760,20180607,1530,68800,6336
0,20180608,901,69100,2392
1,20180608,902,69500,320
2,20180608,903,69500,353
3,20180608,904,69400,203
4,20180608,905,69200,446
5,20180608,906,69100,86
6,20180608,907,69200,281
7,20180608,908,69200,266
8,20180608,909,69200,117
9,20180608,910,69300,244
10,20180608,911,69300,156
11,20180608,912,69100,2
12,20180608,913,69200,164
13,20180608,914,69200,17
14,20180608,915,69200,29
15,20180608,916,69300,208
16,20180608,917,69300,27
17,20180608,918,69400,457
18,20180608,919,69600,253
19,20180608,920,69700,550
20,20180608,921,69600,77
21,20180608,922,69400,310
22,20180608,923,69500,11
23,20180608,924,69600,323
24,20180608,925,69700,913
25,20180608,926,69300,8
26,20180608,927,69300,95
27,20180608,928,69400,72
28,20180608,929,69400,22
29,20180608,930,69500,112
30,20180608,931,69400,538
31,20180608,932,69400,79
32,20180608,933,69400,23
33,20180608,934,69500,77
34,20180608,935,69400,100
35,20180608,936,69400,29
36,20180608,937,69500,7
37,20180608,938,69400,2
38,20180608,939,69500,31
39,20180608,940,69400,9
40,20180608,941,69400,770
41,20180608,942,69300,124
42,20180608,943,69300,337
43,20180608,944,69300,81
44,20180608,945,69400,21
45,20180608,946,69400,102
46,20180608,947,69300,1425
47,20180608,948,69000,305
48,20180608,949,69100,8
49,20180608,950,69000,62
50,20180608,951,69000,270
51,20180608,952,69000,305
52,20180608,953,68900,10
53,20180608,954,69000,774
54,20180608,955,69300,147
55,20180608,956,69200,46
56,20180608,957,69200,51
57,20180608,958,69200,31
58,20180608,959,69100,60
59,20180608,1000,69200,103
60,20180608,1001,69200,11
61,20180608,1002,69100,618
62,20180608,1003,69000,220
63,20180608,1004,69000,4
64,20180608,1005,69100,100
65,20180608,1006,69100,64
66,20180608,1007,69100,89
67,20180608,1008,69300,21
68,20180608,1009,69300,11
69,20180608,1010,69200,26
70,20180608,1011,69300,25
71,20180608,1012,69200,19
72,20180608,1013,69300,8
73,20180608,1014,69200,58
74,20180608,1015,69300,15
75,20180608,1016,69300,22
76,20180608,1017,69200,34
77,20180608,1018,69300,49
78,20180608,1019,69300,119
79,20180608,1020,69200,28
80,20180608,1021,69200,734
81,20180608,1022,69200,40
82,20180608,1023,69200,190
83,20180608,1024,69200,1
84,20180608,1025,69200,79
85,20180608,1026,69100,202
86,20180608,1027,69200,403
87,20180608,1028,69100,611
88,20180608,1029,69000,108
89,20180608,1030,69000,63
90,20180608,1031,68900,22
91,20180608,1032,68900,13
92,20180608,1033,69000,3
93,20180608,1034,68900,21
94,20180608,1035,69000,14
95,20180608,1036,69000,186
96,20180608,1037,68900,16
97,20180608,1038,68900,61
98,20180608,1039,69000,15
99,20180608,1040,68900,32
100,20180608,1041,69000,10
101,20180608,1042,69000,56
102,20180608,1043,69000,36
103,20180608,1044,69000,7
104,20180608,1045,69000,24
105,20180608,1046,68900,17
106,20180608,1047,69000,397
107,20180608,1048,69100,99
108,20180608,1049,69200,222
109,20180608,1050,69200,361
110,20180608,1051,69100,14
111,20180608,1052,69200,141
112,20180608,1053,69100,153
113,20180608,1054,69200,31
114,20180608,1055,69200,112
115,20180608,1056,69000,189
116,20180608,1057,69100,39
117,20180608,1058,69100,1
118,20180608,1059,69200,28
119,20180608,1100,69100,7
120,20180608,1101,69100,11
121,20180608,1102,69100,5
122,20180608,1103,69200,4
123,20180608,1104,69200,23
124,20180608,1105,69200,393
125,20180608,1106,69200,28
126,20180608,1107,69200,46
127,20180608,1108,69300,23
128,20180608,1109,69300,118
129,20180608,1110,69200,40
130,20180608,1111,69300,58
131,20180608,1112,69300,273
132,20180608,1113,69200,4
133,20180608,1114,69200,692
134,20180608,1115,69100,33
135,20180608,1116,69100,34
136,20180608,1117,69000,1
137,20180608,1118,69100,121
138,20180608,1119,69000,18
139,20180608,1120,69100,526
140,20180608,1121,68900,120
141,20180608,1122,69000,77
142,20180608,1123,68900,85
143,20180608,1124,69000,17
144,20180608,1125,69000,17
145,20180608,1126,69000,49
146,20180608,1127,69000,41
147,20180608,1128,69000,511
148,20180608,1129,69100,141
149,20180608,1130,69200,4
150,20180608,1131,69100,26
151,20180608,1132,69100,24
152,20180608,1133,69200,32
153,20180608,1134,69200,162
154,20180608,1135,69200,9
155,20180608,1136,69200,21
156,20180608,1137,69200,22
157,20180608,1138,69200,24
158,20180608,1139,69200,6
159,20180608,1140,69100,41
160,20180608,1141,69100,7
161,20180608,1142,69200,69
162,20180608,1143,69100,37
163,20180608,1144,69100,5
164,20180608,1145,69100,15
165,20180608,1146,69200,10
166,20180608,1147,69100,105
167,20180608,1148,69200,43
168,20180608,1149,69200,240
169,20180608,1150,69300,66
170,20180608,1151,69200,8
171,20180608,1152,69200,13
172,20180608,1153,69200,582
173,20180608,1154,69200,20
174,20180608,1155,69200,7
175,20180608,1156,69100,348
176,20180608,1157,69100,1
177,20180608,1158,69100,66
178,20180608,1159,69000,4
179,20180608,1200,69000,4
180,20180608,1201,69100,29
181,20180608,1202,69100,3
182,20180608,1203,69000,3
183,20180608,1204,69100,22
184,20180608,1205,69000,157
185,20180608,1206,69000,40
186,20180608,1208,69000,439
187,20180608,1209,68900,10
188,20180608,1210,69000,1
189,20180608,1211,69000,578
190,20180608,1212,68900,10
191,20180608,1213,68900,3
192,20180608,1214,69000,2
193,20180608,1215,69000,142
194,20180608,1216,68900,9
195,20180608,1217,69000,174
196,20180608,1218,68900,10
197,20180608,1219,68900,32
198,20180608,1221,68900,16
199,20180608,1222,69000,14
200,20180608,1223,69000,67
201,20180608,1224,69000,41
202,20180608,1225,69000,11
203,20180608,1226,69100,49
204,20180608,1228,69100,46
205,20180608,1229,69000,74
206,20180608,1230,69000,14
207,20180608,1231,69100,1
208,20180608,1232,69000,27
209,20180608,1233,69100,11
210,20180608,1235,69000,10
211,20180608,1236,69000,11
212,20180608,1237,69000,14
213,20180608,1238,69100,14
214,20180608,1239,69000,11
215,20180608,1240,69100,40
216,20180608,1241,69000,13
217,20180608,1242,69100,29
218,20180608,1243,69000,26
219,20180608,1244,69100,59
220,20180608,1245,69100,42
221,20180608,1246,69000,58
222,20180608,1247,69100,123
223,20180608,1248,69100,30
224,20180608,1249,69100,790
225,20180608,1250,68900,2
226,20180608,1251,69000,454
227,20180608,1252,69000,487
228,20180608,1253,69100,4
229,20180608,1254,69100,203
230,20180608,1255,69200,174
231,20180608,1256,69100,88
232,20180608,1257,69100,96
233,20180608,1258,69200,52
234,20180608,1259,69200,43
235,20180608,1301,69200,12
236,20180608,1302,69200,55
237,20180608,1303,69200,3
238,20180608,1304,69200,32
239,20180608,1306,69100,28
240,20180608,1307,69200,3
241,20180608,1308,69100,1
242,20180608,1309,69100,33
243,20180608,1310,69200,1
244,20180608,1312,69200,38
245,20180608,1313,69200,94
246,20180608,1314,69200,3
247,20180608,1315,69200,1
248,20180608,1316,69100,29
249,20180608,1317,69200,14
250,20180608,1318,69200,18
251,20180608,1319,69200,21
252,20180608,1320,69200,362
253,20180608,1321,69100,21
254,20180608,1322,69200,42
255,20180608,1323,69100,83
256,20180608,1324,69200,13
257,20180608,1325,69200,29
258,20180608,1326,69100,65
259,20180608,1327,69100,255
260,20180608,1328,69200,1
261,20180608,1329,69100,11
262,20180608,1330,69200,24
263,20180608,1332,69200,5
264,20180608,1333,69100,13
265,20180608,1334,69200,45
266,20180608,1335,69100,20
267,20180608,1336,69200,444
268,20180608,1337,69100,357
269,20180608,1338,69100,2
270,20180608,1339,69000,153
271,20180608,1340,69000,102
272,20180608,1341,69100,28
273,20180608,1342,69100,7
274,20180608,1343,69000,119
275,20180608,1344,69000,1026
276,20180608,1345,69000,37
277,20180608,1346,68900,36
278,20180608,1348,69000,23
279,20180608,1349,68900,5
280,20180608,1350,68900,7
281,20180608,1351,69000,214
282,20180608,1352,69000,28
283,20180608,1353,69000,34
284,20180608,1354,69000,6
285,20180608,1355,69000,24
286,20180608,1356,69000,87
287,20180608,1357,69000,70
288,20180608,1358,69000,95
289,20180608,1359,69000,322
290,20180608,1400,69000,116
291,20180608,1401,69000,2
292,20180608,1402,69000,37
293,20180608,1403,69000,9
294,20180608,1404,69000,222
295,20180608,1405,69000,1
296,20180608,1406,68900,97
297,20180608,1407,69000,30
298,20180608,1408,69000,113
299,20180608,1409,69000,36
300,20180608,1410,69000,35
301,20180608,1411,69000,57
302,20180608,1412,69000,21
303,20180608,1413,69000,109
304,20180608,1414,68900,291
305,20180608,1415,68900,2
306,20180608,1416,68900,24
307,20180608,1417,68900,102
308,20180608,1418,68900,2172
309,20180608,1419,68900,79
310,20180608,1420,68800,42
311,20180608,1421,68800,1055
312,20180608,1422,68800,556
313,20180608,1423,68800,166
314,20180608,1424,68800,38
315,20180608,1425,68700,68
316,20180608,1426,68700,215
317,20180608,1427,68700,18
318,20180608,1428,68700,111
319,20180608,1429,68700,28
320,20180608,1430,68700,9
321,20180608,1431,68800,64
322,20180608,1432,68800,102
323,20180608,1433,68700,35
324,20180608,1434,68700,6
325,20180608,1435,68800,37
326,20180608,1436,68700,4
327,20180608,1437,68800,441
328,20180608,1438,68700,2290
329,20180608,1439,68400,210
330,20180608,1440,68400,393
331,20180608,1441,68400,340
332,20180608,1442,68300,581
333,20180608,1443,68300,320
334,20180608,1444,68100,773
335,20180608,1445,68000,4500
336,20180608,1446,68300,39
337,20180608,1447,68200,161
338,20180608,1448,68200,37
339,20180608,1449,68300,126
340,20180608,1450,68300,322
341,20180608,1451,68200,77
342,20180608,1452,68200,101
343,20180608,1453,68200,21
344,20180608,1454,68200,7
345,20180608,1455,68300,2
346,20180608,1456,68300,57
347,20180608,1457,68200,293
348,20180608,1458,68200,5
349,20180608,1459,68300,170
350,20180608,1500,68300,32
351,20180608,1501,68300,38
352,20180608,1502,68200,86
353,20180608,1503,68300,140
354,20180608,1504,68200,29
355,20180608,1505,68300,113
356,20180608,1507,68300,95
357,20180608,1508,68200,427
358,20180608,1509,68300,300
359,20180608,1510,68300,62
360,20180608,1511,68200,173
361,20180608,1512,68200,15
362,20180608,1513,68100,100
363,20180608,1514,68100,38
364,20180608,1515,68200,37
365,20180608,1516,68100,1099
366,20180608,1517,68200,1464
367,20180608,1518,68000,378
368,20180608,1519,68000,1714
369,20180608,1520,68100,175
370,20180608,1530,68100,7082
0,20180611,901,68000,659
1,20180611,902,68500,14
2,20180611,903,68500,1
3,20180611,904,68500,45
4,20180611,905,68500,210
5,20180611,906,68600,92
6,20180611,907,68500,163
7,20180611,908,68600,18
8,20180611,909,68500,169
9,20180611,910,68700,96
10,20180611,911,68700,76
11,20180611,912,68700,249
12,20180611,913,68700,73
13,20180611,914,68700,149
14,20180611,915,68600,1
15,20180611,916,68600,1
16,20180611,917,68500,133
17,20180611,918,68500,9
18,20180611,919,68400,105
19,20180611,920,68500,53
20,20180611,921,68400,114
21,20180611,922,68400,56
22,20180611,923,68400,8
23,20180611,924,68400,64
24,20180611,925,68500,7
25,20180611,926,68500,149
26,20180611,927,68500,2
27,20180611,928,68500,688
28,20180611,929,68200,4
29,20180611,930,68400,4
30,20180611,931,68400,390
31,20180611,932,68000,85
32,20180611,933,68100,125
33,20180611,934,68100,758
34,20180611,935,68000,487
35,20180611,936,68500,13
36,20180611,937,68500,93
37,20180611,938,68300,172
38,20180611,939,68500,427
39,20180611,940,68400,20
40,20180611,941,68600,6
41,20180611,942,68600,99
42,20180611,943,68600,138
43,20180611,944,68400,8
44,20180611,945,68400,62
45,20180611,946,68400,13
46,20180611,947,68400,75
47,20180611,948,68400,1231
48,20180611,949,68000,49
49,20180611,950,68100,849
50,20180611,951,68500,44
51,20180611,953,68500,168
52,20180611,954,68500,63
53,20180611,955,68500,20
54,20180611,956,68500,699
55,20180611,957,68300,93
56,20180611,958,68600,33
57,20180611,959,68500,165
58,20180611,1000,68500,104
59,20180611,1001,68600,50
60,20180611,1002,68500,220
61,20180611,1003,68600,41
62,20180611,1004,68600,80
63,20180611,1005,68600,33
64,20180611,1006,68500,16
65,20180611,1007,68600,34
66,20180611,1008,68600,34
67,20180611,1009,68500,30
68,20180611,1010,68600,30
69,20180611,1011,68500,54
70,20180611,1012,68600,48
71,20180611,1013,68600,26
72,20180611,1014,68600,30
73,20180611,1015,68600,51
74,20180611,1016,68600,21
75,20180611,1017,68600,33
76,20180611,1018,68600,20
77,20180611,1019,68500,43
78,20180611,1020,68600,267
79,20180611,1021,68600,49
80,20180611,1022,68700,21
81,20180611,1023,68700,115
82,20180611,1024,68600,923
83,20180611,1025,68700,54
84,20180611,1026,68600,26
85,20180611,1027,68700,64
86,20180611,1028,68600,63
87,20180611,1029,68700,29
88,20180611,1030,68700,10
89,20180611,1031,68700,53
90,20180611,1032,68700,204
91,20180611,1033,68700,22
92,20180611,1034,68700,59
93,20180611,1035,68600,52
94,20180611,1036,68700,199
95,20180611,1037,68600,58
96,20180611,1038,68600,22
97,20180611,1039,68700,68
98,20180611,1040,68700,228
99,20180611,1041,68700,37
100,20180611,1042,68700,20
101,20180611,1043,68700,17
102,20180611,1044,68600,130
103,20180611,1045,68600,46
104,20180611,1046,68600,46
105,20180611,1047,68600,27
106,20180611,1049,68700,18
107,20180611,1050,68700,61
108,20180611,1051,68700,26
109,20180611,1052,68600,170
110,20180611,1053,68800,386
111,20180611,1054,68900,29
112,20180611,1055,68900,32
113,20180611,1056,68800,16
114,20180611,1057,68800,137
115,20180611,1058,68800,7
116,20180611,1059,68800,25
117,20180611,1101,68800,39
118,20180611,1102,68800,2
119,20180611,1103,68800,105
120,20180611,1104,68900,2
121,20180611,1105,68800,328
122,20180611,1106,68800,11
123,20180611,1107,68800,25
124,20180611,1108,68800,1
125,20180611,1109,68800,54
126,20180611,1110,68900,35
127,20180611,1111,68900,1
128,20180611,1112,68900,621
129,20180611,1113,68900,248
130,20180611,1114,68900,141
131,20180611,1115,68800,126
132,20180611,1116,68900,188
133,20180611,1117,68800,6
134,20180611,1118,68800,28
135,20180611,1119,68800,10
136,20180611,1120,68800,51
137,20180611,1121,68900,16
138,20180611,1122,68900,49
139,20180611,1123,68900,1
140,20180611,1124,68900,32
141,20180611,1125,68900,4
142,20180611,1126,68900,26
143,20180611,1127,68900,599
144,20180611,1128,69000,28
145,20180611,1129,69000,35
146,20180611,1130,69000,32
147,20180611,1131,69000,597
148,20180611,1132,69000,50
149,20180611,1133,69100,893
150,20180611,1134,69100,400
151,20180611,1135,69100,19
152,20180611,1136,69000,42
153,20180611,1137,69000,273
154,20180611,1138,69000,236
155,20180611,1139,69000,169
156,20180611,1140,69000,29
157,20180611,1141,68900,22
158,20180611,1142,69000,28
159,20180611,1143,69000,105
160,20180611,1144,68900,144
161,20180611,1145,68900,2
162,20180611,1146,68900,21
163,20180611,1147,68800,174
164,20180611,1148,68800,274
165,20180611,1149,68800,19
166,20180611,1150,68900,25
167,20180611,1151,68900,11
168,20180611,1152,68900,113
169,20180611,1153,68900,9
170,20180611,1154,68900,31
171,20180611,1155,68900,46
172,20180611,1156,68900,362
173,20180611,1157,68800,62
174,20180611,1158,68800,718
175,20180611,1159,68800,9
176,20180611,1200,68800,45
177,20180611,1201,68900,12
178,20180611,1202,68900,328
179,20180611,1203,68900,13
180,20180611,1204,68900,45
181,20180611,1205,68900,13
182,20180611,1206,68900,28
183,20180611,1207,68900,18
184,20180611,1208,68900,53
185,20180611,1209,68900,155
186,20180611,1210,69000,27
187,20180611,1211,69000,17
188,20180611,1212,69000,30
189,20180611,1213,69000,29
190,20180611,1214,69000,38
191,20180611,1215,69000,9
192,20180611,1216,69000,41
193,20180611,1217,69000,18
194,20180611,1218,69000,29
195,20180611,1219,69000,46
196,20180611,1220,69000,32
197,20180611,1221,69000,19
198,20180611,1222,69000,47
199,20180611,1223,69000,14
200,20180611,1224,69000,69
201,20180611,1225,68900,11
202,20180611,1226,69000,65
203,20180611,1227,69000,42
204,20180611,1228,69000,76
205,20180611,1229,69000,8
206,20180611,1230,69000,47
207,20180611,1231,69000,37
208,20180611,1232,69000,20
209,20180611,1233,69000,58
210,20180611,1234,69000,8
211,20180611,1235,68900,62
212,20180611,1236,69000,16
213,20180611,1237,69000,42
214,20180611,1238,69000,173
215,20180611,1239,69000,268
216,20180611,1240,69100,25
217,20180611,1241,69100,84
218,20180611,1242,69000,69
219,20180611,1243,69100,194
220,20180611,1244,69100,11
221,20180611,1245,69100,47
222,20180611,1246,69100,12
223,20180611,1247,69100,31
224,20180611,1248,69100,37
225,20180611,1249,69100,69
226,20180611,1250,69000,559
227,20180611,1251,69000,27
228,20180611,1252,69000,37
229,20180611,1253,69000,61
230,20180611,1254,68900,224
231,20180611,1255,68900,22
232,20180611,1256,68900,44
233,20180611,1257,68900,113
234,20180611,1258,68900,56
235,20180611,1259,69000,119
236,20180611,1300,69000,5
237,20180611,1301,69000,30
238,20180611,1302,69000,143
239,20180611,1303,68900,30
240,20180611,1304,69000,6
241,20180611,1305,69000,141
242,20180611,1306,68900,19
243,20180611,1307,68900,44
244,20180611,1308,69000,3
245,20180611,1309,69000,30
246,20180611,1310,69000,40
247,20180611,1311,69000,59
248,20180611,1312,69000,238
249,20180611,1313,69000,1017
250,20180611,1314,69100,162
251,20180611,1315,69000,234
252,20180611,1316,69000,14
253,20180611,1317,69000,215
254,20180611,1318,69100,5
255,20180611,1319,69000,50
256,20180611,1320,69100,19
257,20180611,1321,69100,50
258,20180611,1322,69100,18
259,20180611,1323,69100,199
260,20180611,1324,69100,22
261,20180611,1325,69100,33
262,20180611,1326,69000,591
263,20180611,1327,69100,35
264,20180611,1328,69100,46
265,20180611,1329,69100,74
266,20180611,1330,69100,417
267,20180611,1331,69100,28
268,20180611,1332,69100,10
269,20180611,1333,69100,29
270,20180611,1334,69000,160
271,20180611,1335,69000,331
272,20180611,1336,69100,17
273,20180611,1337,69100,33
274,20180611,1338,69000,18
275,20180611,1339,69000,45
276,20180611,1340,69100,50
277,20180611,1341,69100,25
278,20180611,1342,69100,158
279,20180611,1343,69100,29
280,20180611,1344,69000,66
281,20180611,1345,69000,61
282,20180611,1346,69100,1915
283,20180611,1347,69100,2759
284,20180611,1348,69300,61
285,20180611,1349,69300,124
286,20180611,1350,69300,16
287,20180611,1351,69300,61
288,20180611,1352,69300,55
289,20180611,1353,69300,66
290,20180611,1354,69300,36
291,20180611,1355,69300,24
292,20180611,1356,69300,2110
293,20180611,1357,69400,15
294,20180611,1358,69400,152
295,20180611,1359,69300,243
296,20180611,1400,69300,54
297,20180611,1401,69300,12
298,20180611,1402,69300,31
299,20180611,1403,69300,59
300,20180611,1404,69300,164
301,20180611,1405,69400,80
302,20180611,1406,69500,134
303,20180611,1407,69400,32
304,20180611,1408,69400,115
305,20180611,1409,69400,13
306,20180611,1410,69400,182
307,20180611,1411,69300,81
308,20180611,1412,69300,166
309,20180611,1413,69400,20
310,20180611,1414,69400,32
311,20180611,1415,69400,25
312,20180611,1416,69400,31
313,20180611,1417,69400,15
314,20180611,1418,69400,1259
315,20180611,1419,69500,129
316,20180611,1420,69400,274
317,20180611,1421,69500,1990
318,20180611,1422,69800,446
319,20180611,1423,69900,223
320,20180611,1424,69700,494
321,20180611,1425,69700,22
322,20180611,1426,69700,735
323,20180611,1427,69600,162
324,20180611,1428,69700,163
325,20180611,1429,69600,13
326,20180611,1430,69700,77
327,20180611,1431,69700,71
328,20180611,1432,69600,22
329,20180611,1433,69600,14
330,20180611,1434,69700,30
331,20180611,1435,69700,242
332,20180611,1436,69600,23
333,20180611,1437,69500,18
334,20180611,1438,69600,26
335,20180611,1439,69600,266
336,20180611,1440,69400,84
337,20180611,1441,69400,5
338,20180611,1442,69400,760
339,20180611,1443,69200,49
340,20180611,1444,69200,34
341,20180611,1445,69300,77
342,20180611,1446,69500,24
343,20180611,1447,69500,196
344,20180611,1448,69300,26
345,20180611,1449,69400,106
346,20180611,1450,69300,18
347,20180611,1451,69200,55
348,20180611,1452,69300,252
349,20180611,1453,69100,42
350,20180611,1454,69100,316
351,20180611,1455,69200,11
352,20180611,1456,69200,32
353,20180611,1457,69200,339
354,20180611,1458,69300,91
355,20180611,1459,69400,208
356,20180611,1500,69400,108
357,20180611,1501,69500,1560
358,20180611,1502,69500,158
359,20180611,1503,69600,85
360,20180611,1504,69500,695
361,20180611,1505,69500,110
362,20180611,1506,69500,41
363,20180611,1507,69500,41
364,20180611,1508,69500,105
365,20180611,1509,69400,5
366,20180611,1510,69500,41
367,20180611,1511,69500,29
368,20180611,1512,69500,88
369,20180611,1513,69500,653
370,20180611,1514,69500,90
371,20180611,1515,69600,12
372,20180611,1516,69600,94
373,20180611,1517,69600,901
374,20180611,1518,69500,291
375,20180611,1519,69600,70
376,20180611,1520,69500,734
377,20180611,1530,69600,4276
378,20180612,901,69500,715
379,20180612,902,69400,152
380,20180612,903,69400,202
381,20180612,904,69800,210
382,20180612,905,69400,11
383,20180612,906,69800,158
384,20180612,907,69400,18
385,20180612,908,69700,68
386,20180612,909,69800,64
387,20180612,910,69800,825
388,20180612,911,69900,490
389,20180612,912,70000,364
390,20180612,913,69900,513
391,20180612,914,69800,63
392,20180612,915,69800,288
393,20180612,916,69800,110
394,20180612,917,69600,76
395,20180612,918,69800,105
396,20180612,919,69700,312
397,20180612,920,69800,6
398,20180612,921,69700,15
399,20180612,922,69700,97
400,20180612,923,69700,79
401,20180612,924,69600,4
402,20180612,925,69700,204
403,20180612,926,69700,60
404,20180612,927,69600,6
405,20180612,929,69700,84
406,20180612,930,69700,50
407,20180612,931,69600,235
408,20180612,932,69500,63
409,20180612,933,69500,96
410,20180612,934,69600,246
411,20180612,935,69500,3
412,20180612,936,69500,65
413,20180612,937,69500,233
414,20180612,938,69600,11
415,20180612,939,69600,4
416,20180612,940,69600,26
417,20180612,941,69600,82
418,20180612,942,69600,426
419,20180612,943,69700,14
420,20180612,944,69800,2141
421,20180612,945,70200,35
422,20180612,946,70100,340
423,20180612,947,70100,334
424,20180612,948,70000,62
425,20180612,949,70100,6
426,20180612,950,70000,1
427,20180612,951,70000,20
428,20180612,952,70100,24
429,20180612,953,70000,14
430,20180612,954,70000,231
431,20180612,955,69800,373
432,20180612,956,70000,14
433,20180612,957,70000,63
434,20180612,958,69800,404
435,20180612,1000,70000,17
436,20180612,1001,69900,4
437,20180612,1002,69900,125
438,20180612,1003,69900,164
439,20180612,1004,70000,115
440,20180612,1006,69900,246
441,20180612,1008,69900,1077
442,20180612,1009,70100,184
443,20180612,1010,70100,137
444,20180612,1011,70200,574
445,20180612,1012,70300,411
446,20180612,1013,70200,371
447,20180612,1014,70000,10
448,20180612,1015,70300,3
449,20180612,1016,70300,1
450,20180612,1017,70300,59
451,20180612,1018,70100,60
452,20180612,1020,70200,166
453,20180612,1021,70200,76
454,20180612,1022,70200,22
455,20180612,1023,70200,39
456,20180612,1024,70200,23
457,20180612,1025,70200,173
458,20180612,1026,70300,10
459,20180612,1027,70300,200
460,20180612,1029,70200,429
461,20180612,1030,70400,3
462,20180612,1031,70400,3064
463,20180612,1032,70700,161
464,20180612,1033,70700,217
465,20180612,1034,70700,767
466,20180612,1035,70800,132
467,20180612,1036,70800,243
468,20180612,1037,70800,245
469,20180612,1038,70900,126
470,20180612,1039,70800,205
471,20180612,1040,70800,377
472,20180612,1041,70800,455
473,20180612,1042,70900,255
474,20180612,1043,70700,281
475,20180612,1044,70600,430
476,20180612,1045,70600,182
477,20180612,1046,70600,1
478,20180612,1047,70600,12
479,20180612,1048,70600,50
480,20180612,1049,70700,38
481,20180612,1050,70700,903
482,20180612,1051,70400,82
483,20180612,1052,70400,59
484,20180612,1053,70500,133
485,20180612,1054,70500,1088
486,20180612,1055,70500,94
487,20180612,1056,70400,1
488,20180612,1057,70400,4
489,20180612,1058,70400,218
490,20180612,1059,70300,415
491,20180612,1100,70300,29
492,20180612,1101,70200,217
493,20180612,1102,70300,301
494,20180612,1103,70300,63
495,20180612,1104,70300,33
496,20180612,1105,70300,252
497,20180612,1106,70200,47
498,20180612,1107,70200,37
499,20180612,1108,70200,2
500,20180612,1109,70200,24
501,20180612,1110,70200,39
502,20180612,1111,70200,188
503,20180612,1112,70200,281
504,20180612,1113,70200,202
505,20180612,1114,70200,150
506,20180612,1115,70300,3
507,20180612,1116,70300,225
508,20180612,1117,70200,222
509,20180612,1118,70300,273
510,20180612,1119,70500,6
511,20180612,1120,70500,327
512,20180612,1121,70600,30
513,20180612,1122,70600,37
514,20180612,1123,70600,7
515,20180612,1124,70600,51
516,20180612,1125,70500,70
517,20180612,1126,70600,2
518,20180612,1127,70600,570
519,20180612,1128,70400,27
520,20180612,1129,70500,35
521,20180612,1130,70400,30
522,20180612,1131,70500,22
523,20180612,1132,70500,365
524,20180612,1133,70400,45
525,20180612,1134,70500,120
526,20180612,1135,70500,389
527,20180612,1136,70400,37
528,20180612,1137,70400,19
529,20180612,1138,70300,284
530,20180612,1139,70400,8
531,20180612,1140,70300,53
532,20180612,1141,70400,42
533,20180612,1142,70400,4
534,20180612,1143,70400,75
535,20180612,1144,70400,13
536,20180612,1145,70400,60
537,20180612,1146,70400,33
538,20180612,1147,70400,571
539,20180612,1148,70500,9
540,20180612,1149,70500,1715
541,20180612,1150,70700,1516
542,20180612,1151,70800,53
543,20180612,1152,70700,366
544,20180612,1153,70800,99
545,20180612,1154,70600,9
546,20180612,1155,70500,17
547,20180612,1156,70500,47
548,20180612,1157,70500,35
549,20180612,1158,70500,39
550,20180612,1159,70400,66
551,20180612,1200,70400,35
552,20180612,1201,70400,134
553,20180612,1202,70500,12
554,20180612,1203,70500,293
555,20180612,1204,70500,652
556,20180612,1205,70300,638
557,20180612,1206,70200,31
558,20180612,1207,70100,120
559,20180612,1208,70200,239
560,20180612,1209,70200,152
561,20180612,1210,70200,1284
562,20180612,1211,70300,2
563,20180612,1212,70300,47
564,20180612,1213,70300,21
565,20180612,1214,70300,579
566,20180612,1215,70300,237
567,20180612,1216,70300,30
568,20180612,1217,70300,7
569,20180612,1218,70200,32
570,20180612,1219,70200,206
571,20180612,1220,70200,96
572,20180612,1221,70200,40
573,20180612,1222,70200,6
574,20180612,1223,70200,598
575,20180612,1224,70200,1595
576,20180612,1225,70100,380
577,20180612,1226,70200,122
578,20180612,1227,70200,663
579,20180612,1228,70100,107
580,20180612,1229,70200,7
581,20180612,1230,70200,6
582,20180612,1231,70200,42
583,20180612,1232,70200,19
584,20180612,1233,70100,237
585,20180612,1234,70100,32
586,20180612,1235,70100,46
587,20180612,1236,70000,1838
588,20180612,1237,70000,8
589,20180612,1238,70000,39
590,20180612,1239,70000,7
591,20180612,1240,70000,66
592,20180612,1241,69900,85
593,20180612,1242,70000,10
594,20180612,1243,70000,29
595,20180612,1244,69900,45
596,20180612,1245,69900,30
597,20180612,1246,70000,54
598,20180612,1247,70000,35
599,20180612,1248,70000,140
600,20180612,1249,69800,80
601,20180612,1250,69800,585
602,20180612,1251,69700,308
603,20180612,1252,69700,102
604,20180612,1253,69700,129
605,20180612,1254,69700,570
606,20180612,1255,69600,221
607,20180612,1256,69500,149
608,20180612,1257,69600,30
609,20180612,1258,69500,39
610,20180612,1259,69500,28
611,20180612,1300,69600,71
612,20180612,1301,69600,38
613,20180612,1302,69500,35
614,20180612,1303,69500,185
615,20180612,1304,69600,62
616,20180612,1305,69500,95
617,20180612,1306,69500,45
618,20180612,1307,69500,2107
619,20180612,1308,69300,61
620,20180612,1309,69300,85
621,20180612,1310,69300,24
622,20180612,1311,69300,1305
623,20180612,1312,69500,318
624,20180612,1313,69400,40
625,20180612,1314,69400,68
626,20180612,1315,69400,3
627,20180612,1316,69400,285
628,20180612,1317,69400,1
629,20180612,1319,69500,19
630,20180612,1320,69400,30
631,20180612,1321,69400,937
632,20180612,1322,69900,67
633,20180612,1323,69900,841
634,20180612,1324,69800,39
635,20180612,1325,69700,14
636,20180612,1326,69700,65
637,20180612,1328,69800,47
638,20180612,1329,69800,37
639,20180612,1330,69800,33
640,20180612,1331,69800,16
641,20180612,1332,69800,55
642,20180612,1333,69700,9
643,20180612,1334,69700,263
644,20180612,1335,70000,138
645,20180612,1336,69600,133
646,20180612,1338,69600,342
647,20180612,1339,69700,16
648,20180612,1340,69600,11
649,20180612,1341,69600,41
650,20180612,1342,69600,18
651,20180612,1343,69600,237
652,20180612,1344,69700,25
653,20180612,1345,69800,11
654,20180612,1346,69700,17
655,20180612,1347,69700,24
656,20180612,1348,69700,837
657,20180612,1349,69600,47
658,20180612,1350,69600,45
659,20180612,1351,69600,307
660,20180612,1352,69500,29
661,20180612,1353,69500,30
662,20180612,1354,69500,41
663,20180612,1355,69500,64
664,20180612,1356,69500,28
665,20180612,1357,69500,82
666,20180612,1358,69500,40
667,20180612,1359,69600,29
668,20180612,1400,69500,35
669,20180612,1401,69500,41
670,20180612,1402,69600,241
671,20180612,1403,69500,71
672,20180612,1404,69500,19
673,20180612,1405,69500,236
674,20180612,1406,69500,95
675,20180612,1407,69500,34
676,20180612,1408,69500,199
677,20180612,1409,69600,202
678,20180612,1410,69500,497
679,20180612,1411,69400,1641
680,20180612,1412,69300,2625
681,20180612,1413,69200,11
682,20180612,1414,69200,71
683,20180612,1415,69200,18
684,20180612,1416,69200,20
685,20180612,1417,69200,529
686,20180612,1418,69100,22
687,20180612,1419,69100,41
688,20180612,1420,69100,19
689,20180612,1421,69100,100
690,20180612,1422,69100,1388
691,20180612,1423,69500,227
692,20180612,1424,69500,27
693,20180612,1425,69500,61
694,20180612,1426,69300,29
695,20180612,1427,69200,20
696,20180612,1428,69200,18
697,20180612,1429,69200,19
698,20180612,1430,69200,130
699,20180612,1431,69200,89
700,20180612,1432,69200,22
701,20180612,1433,69300,42
702,20180612,1434,69200,218
703,20180612,1435,69200,142
704,20180612,1436,69200,67
705,20180612,1437,69100,105
706,20180612,1438,69100,45
707,20180612,1439,69100,985
708,20180612,1440,69400,43
709,20180612,1441,69300,3
710,20180612,1442,69400,395
711,20180612,1443,69500,10
712,20180612,1444,69400,328
713,20180612,1445,69300,58
714,20180612,1446,69300,437
715,20180612,1447,69200,28
716,20180612,1448,69200,435
717,20180612,1449,69100,483
718,20180612,1450,69100,245
719,20180612,1451,69100,26
720,20180612,1452,69100,57
721,20180612,1453,69100,68
722,20180612,1454,69100,973
723,20180612,1455,69100,359
724,20180612,1456,69100,448
725,20180612,1457,69100,3
726,20180612,1458,69200,422
727,20180612,1459,69100,7
728,20180612,1500,69200,113
729,20180612,1501,69100,461
730,20180612,1502,69300,64
731,20180612,1503,69200,9
732,20180612,1504,69200,2304
733,20180612,1505,69100,140
734,20180612,1506,69000,184
735,20180612,1507,69100,29
736,20180612,1508,69300,265
737,20180612,1509,69300,74
738,20180612,1510,69400,16
739,20180612,1511,69500,1346
740,20180612,1512,69200,708
741,20180612,1513,69500,1
742,20180612,1514,69400,587
743,20180612,1515,69300,90
744,20180612,1516,69200,997
745,20180612,1517,69100,119
746,20180612,1518,69200,644
747,20180612,1519,69200,673
748,20180612,1520,69100,298
749,20180612,1530,69400,3963
0,20180614,901,69400,1149
1,20180614,902,69400,68
2,20180614,903,69400,75
3,20180614,904,69300,203
4,20180614,905,69500,88
5,20180614,906,69300,121
6,20180614,907,69200,241
7,20180614,908,69400,147
8,20180614,909,69500,35
9,20180614,910,69500,122
10,20180614,911,69300,162
11,20180614,912,69100,9
12,20180614,913,69200,365
13,20180614,914,69100,300
14,20180614,915,69200,94
15,20180614,916,69200,60
16,20180614,917,69200,720
17,20180614,918,69300,18
18,20180614,919,69300,88
19,20180614,920,69300,25
20,20180614,921,69200,18
21,20180614,922,69200,1382
22,20180614,923,69100,61
23,20180614,924,69000,34
24,20180614,925,69000,675
25,20180614,926,69600,10
26,20180614,927,69400,53
27,20180614,928,69600,49
28,20180614,929,69500,14
29,20180614,930,69400,1088
30,20180614,931,69500,103
31,20180614,932,69200,318
32,20180614,933,69500,13
33,20180614,934,69500,96
34,20180614,935,69400,25
35,20180614,936,69300,45
36,20180614,937,69300,604
37,20180614,938,69400,42
38,20180614,939,69400,118
39,20180614,940,69400,17
40,20180614,941,69400,227
41,20180614,942,69400,6
42,20180614,944,69400,39
43,20180614,945,69300,229
44,20180614,946,69200,785
45,20180614,947,69100,245
46,20180614,948,69000,87
47,20180614,949,69100,45
48,20180614,950,69200,276
49,20180614,951,69100,6
50,20180614,952,69100,15
51,20180614,953,69200,18
52,20180614,954,69100,410
53,20180614,955,69400,29
54,20180614,956,69400,324
55,20180614,957,69400,131
56,20180614,958,69400,955
57,20180614,959,69500,11
58,20180614,1000,69300,321
59,20180614,1001,69300,317
60,20180614,1002,69200,453
61,20180614,1003,69300,91
62,20180614,1004,69300,29
63,20180614,1005,69200,45
64,20180614,1006,69200,18
65,20180614,1007,69200,157
66,20180614,1008,69300,24
67,20180614,1009,69300,712
68,20180614,1010,69300,10
69,20180614,1012,69400,5
70,20180614,1013,69300,11
71,20180614,1014,69300,170
72,20180614,1015,69300,33
73,20180614,1016,69400,1861
74,20180614,1017,69200,5
75,20180614,1018,69300,6
76,20180614,1019,69300,24
77,20180614,1020,69200,62
78,20180614,1021,69300,64
79,20180614,1022,69200,918
80,20180614,1023,69300,1176
81,20180614,1024,69300,390
82,20180614,1025,69400,264
83,20180614,1026,69400,125
84,20180614,1027,69400,36
85,20180614,1028,69300,173
86,20180614,1029,69300,3
87,20180614,1030,69400,33
88,20180614,1031,69300,224
89,20180614,1032,69300,393
90,20180614,1033,69400,36
91,20180614,1034,69300,774
92,20180614,1035,69200,567
93,20180614,1036,69300,140
94,20180614,1037,69400,49
95,20180614,1038,69300,40
96,20180614,1039,69400,50
97,20180614,1040,69300,6
98,20180614,1041,69300,218
99,20180614,1042,69200,47
100,20180614,1043,69200,40
101,20180614,1044,69300,90
102,20180614,1045,69200,44
103,20180614,1046,69200,81
104,20180614,1047,69200,818
105,20180614,1048,69200,143
106,20180614,1049,69300,68
107,20180614,1050,69300,210
108,20180614,1051,69200,541
109,20180614,1052,69100,54
110,20180614,1053,69100,46
111,20180614,1054,69100,39
112,20180614,1055,69100,45
113,20180614,1056,69200,618
114,20180614,1057,69200,495
115,20180614,1058,69200,91
116,20180614,1059,69100,14
117,20180614,1100,69100,49
118,20180614,1101,69100,539
119,20180614,1102,69100,1750
120,20180614,1103,69000,43
121,20180614,1104,68900,34
122,20180614,1105,69000,567
123,20180614,1106,68900,62
124,20180614,1107,68800,29
125,20180614,1108,68800,56
126,20180614,1109,68800,156
127,20180614,1110,68800,42
128,20180614,1111,68800,34
129,20180614,1112,68800,25
130,20180614,1113,68800,75
131,20180614,1114,68800,1218
132,20180614,1115,68800,229
133,20180614,1116,68700,255
134,20180614,1117,68600,42
135,20180614,1118,68600,82
136,20180614,1119,68700,58
137,20180614,1120,68700,116
138,20180614,1121,68600,777
139,20180614,1122,68600,14
140,20180614,1123,68700,114
141,20180614,1124,68700,843
142,20180614,1125,68600,346
143,20180614,1126,68700,106
144,20180614,1127,68600,42
145,20180614,1128,68700,148
146,20180614,1129,68600,1852
147,20180614,1130,68600,14
148,20180614,1131,68600,68
149,20180614,1132,68500,77
150,20180614,1133,68600,338
151,20180614,1134,68500,1308
152,20180614,1135,68500,25
153,20180614,1136,68500,197
154,20180614,1137,68500,71
155,20180614,1138,68600,29
156,20180614,1139,68500,73
157,20180614,1140,68600,231
158,20180614,1141,68600,128
159,20180614,1142,68500,145
160,20180614,1143,68600,64
161,20180614,1144,68500,69
162,20180614,1145,68500,135
163,20180614,1146,68600,886
164,20180614,1147,68500,37
165,20180614,1148,68500,1968
166,20180614,1149,68400,702
167,20180614,1150,68400,526
168,20180614,1151,68300,49
169,20180614,1152,68300,216
170,20180614,1153,68300,46
171,20180614,1154,68400,71
172,20180614,1155,68300,1426
173,20180614,1156,68300,323
174,20180614,1157,68300,73
175,20180614,1158,68300,55
176,20180614,1159,68300,3939
177,20180614,1200,68300,330
178,20180614,1201,68100,252
179,20180614,1202,68100,200
180,20180614,1203,68000,79
181,20180614,1204,68000,33
182,20180614,1205,68000,73
183,20180614,1206,68000,42
184,20180614,1207,68000,14
185,20180614,1208,68000,84
186,20180614,1209,68000,2059
187,20180614,1210,68300,79
188,20180614,1211,68300,45
189,20180614,1212,68300,188
190,20180614,1213,68300,38
191,20180614,1214,68400,45
192,20180614,1215,68400,91
193,20180614,1216,68300,57
194,20180614,1217,68300,123
195,20180614,1218,68300,80
196,20180614,1219,68400,179
197,20180614,1220,68300,68
198,20180614,1221,68400,43
199,20180614,1222,68300,117
200,20180614,1223,68200,38
201,20180614,1224,68100,64
202,20180614,1225,68200,93
203,20180614,1226,68100,83
204,20180614,1227,68100,227
205,20180614,1228,68100,792
206,20180614,1229,68100,59
207,20180614,1230,68000,120
208,20180614,1231,68100,17
209,20180614,1232,68100,95
210,20180614,1233,68000,113
211,20180614,1234,68100,59
212,20180614,1235,68000,63
213,20180614,1236,68000,109
214,20180614,1237,68100,98
215,20180614,1238,68100,2335
216,20180614,1239,67900,628
217,20180614,1240,67800,538
218,20180614,1241,67700,262
219,20180614,1242,67700,89
220,20180614,1243,67700,854
221,20180614,1244,67600,2086
222,20180614,1245,67400,2492
223,20180614,1246,67700,1409
224,20180614,1247,67700,1017
225,20180614,1248,67900,1210
226,20180614,1249,67700,846
227,20180614,1250,67700,94
228,20180614,1251,67700,51
229,20180614,1252,67700,60
230,20180614,1253,67700,92
231,20180614,1254,67600,40
232,20180614,1255,67700,75
233,20180614,1256,67600,93
234,20180614,1257,67700,36
235,20180614,1258,67600,103
236,20180614,1259,67700,106
237,20180614,1300,67600,43
238,20180614,1301,67600,813
239,20180614,1302,67600,29
240,20180614,1303,67700,84
241,20180614,1304,67600,176
242,20180614,1305,67600,1969
243,20180614,1306,67700,71
244,20180614,1307,67700,99
245,20180614,1308,67700,34
246,20180614,1309,67700,54
247,20180614,1310,67800,24
248,20180614,1311,67700,62
249,20180614,1312,67700,685
250,20180614,1313,67800,324
251,20180614,1314,67700,235
252,20180614,1315,67700,21
253,20180614,1316,67800,509
254,20180614,1317,67800,38
255,20180614,1318,67900,35
256,20180614,1319,67900,52
257,20180614,1320,67800,29
258,20180614,1321,67800,128
259,20180614,1322,67800,1434
260,20180614,1323,67900,232
261,20180614,1324,68000,55
262,20180614,1325,67900,158
263,20180614,1326,67900,59
264,20180614,1327,68000,61
265,20180614,1328,67900,259
266,20180614,1329,67900,108
267,20180614,1330,68000,46
268,20180614,1331,67900,164
269,20180614,1332,68000,349
270,20180614,1333,68100,114
271,20180614,1334,68200,505
272,20180614,1335,68100,87
273,20180614,1336,68100,207
274,20180614,1337,68100,51
275,20180614,1338,68000,119
276,20180614,1339,68000,159
277,20180614,1340,68100,841
278,20180614,1341,68000,36
279,20180614,1342,68100,30
280,20180614,1343,68000,75
281,20180614,1344,68000,60
282,20180614,1345,68000,661
283,20180614,1346,68200,40
284,20180614,1347,68100,423
285,20180614,1348,68200,149
286,20180614,1349,68200,90
287,20180614,1350,68200,367
288,20180614,1351,68100,145
289,20180614,1352,68000,87
290,20180614,1353,68000,227
291,20180614,1354,68100,74
292,20180614,1355,68000,38
293,20180614,1356,68000,48
294,20180614,1357,68000,43
295,20180614,1358,68100,97
296,20180614,1359,68100,85
297,20180614,1400,68000,100
298,20180614,1401,68000,90
299,20180614,1402,68000,63
300,20180614,1403,68000,39
301,20180614,1404,68000,1538
302,20180614,1405,68100,118
303,20180614,1406,68200,185
304,20180614,1407,68200,93
305,20180614,1408,68200,133
306,20180614,1409,68200,181
307,20180614,1410,68200,92
308,20180614,1411,68200,80
309,20180614,1412,68100,49
310,20180614,1413,68200,90
311,20180614,1414,68200,140
312,20180614,1415,68100,50
313,20180614,1416,68100,916
314,20180614,1417,68000,334
315,20180614,1418,67900,132
316,20180614,1419,67900,455
317,20180614,1420,68000,166
318,20180614,1421,68000,249
319,20180614,1422,68000,89
320,20180614,1423,67900,96
321,20180614,1424,68000,91
322,20180614,1425,67900,170
323,20180614,1426,67900,96
324,20180614,1427,68000,181
325,20180614,1428,67900,462
326,20180614,1429,67900,309
327,20180614,1430,68000,80
328,20180614,1431,68000,207
329,20180614,1432,67900,880
330,20180614,1433,67900,121
331,20180614,1434,67800,7438
332,20180614,1435,68400,535
333,20180614,1436,68400,2074
334,20180614,1437,68100,116
335,20180614,1438,68100,119
336,20180614,1439,68100,301
337,20180614,1440,68200,227
338,20180614,1441,68000,127
339,20180614,1442,68000,219
340,20180614,1443,68100,968
341,20180614,1444,68100,1633
342,20180614,1445,68300,655
343,20180614,1446,68300,121
344,20180614,1447,68200,514
345,20180614,1448,68300,964
346,20180614,1449,68200,672
347,20180614,1450,68300,83
348,20180614,1451,68300,203
349,20180614,1452,68200,114
350,20180614,1453,68300,931
351,20180614,1454,68100,130
352,20180614,1455,68100,190
353,20180614,1456,68100,169
354,20180614,1457,68100,120
355,20180614,1458,68100,860
356,20180614,1459,68200,1828
357,20180614,1500,68200,334
358,20180614,1501,68200,842
359,20180614,1502,68200,717
360,20180614,1503,68300,291
361,20180614,1504,68300,217
362,20180614,1505,68200,879
363,20180614,1506,68100,288
364,20180614,1507,68100,339
365,20180614,1508,68100,521
366,20180614,1509,68100,543
367,20180614,1510,68100,176
368,20180614,1511,68000,182
369,20180614,1512,68100,283
370,20180614,1513,68000,355
371,20180614,1514,68000,140
372,20180614,1515,68100,289
373,20180614,1516,68000,577
374,20180614,1517,68000,54
375,20180614,1518,68000,315
376,20180614,1519,68100,435
377,20180614,1520,68000,258
378,20180614,1530,68200,20024
379,20180615,901,68000,686
380,20180615,902,68200,73
381,20180615,903,68200,21
382,20180615,904,68300,79
383,20180615,905,68300,80
384,20180615,906,68200,111
385,20180615,907,68400,10
386,20180615,908,68400,2
387,20180615,909,68400,66
388,20180615,910,68500,3
389,20180615,911,68500,148
390,20180615,912,68600,824
391,20180615,913,68200,758
392,20180615,914,68400,145
393,20180615,915,68300,230
394,20180615,916,68400,472
395,20180615,917,68400,3
396,20180615,918,68300,583
397,20180615,919,68300,49
398,20180615,920,68400,251
399,20180615,921,68400,59
400,20180615,922,68500,502
401,20180615,923,68600,686
402,20180615,924,68500,615
403,20180615,925,68300,10
404,20180615,926,68400,472
405,20180615,927,68500,18
406,20180615,928,68600,1
407,20180615,929,68500,20
408,20180615,930,68600,180
409,20180615,931,68600,56
410,20180615,932,68600,39
411,20180615,933,68500,10
412,20180615,934,68600,1363
413,20180615,935,68300,32
414,20180615,936,68200,23
415,20180615,937,68200,490
416,20180615,938,68200,688
417,20180615,939,68500,75
418,20180615,940,68500,76
419,20180615,941,68500,13
420,20180615,942,68500,57
421,20180615,943,68500,58
422,20180615,944,68400,31
423,20180615,945,68400,24
424,20180615,946,68400,69
425,20180615,947,68500,343
426,20180615,948,68500,13
427,20180615,949,68500,24
428,20180615,950,68400,634
429,20180615,951,68600,139
430,20180615,952,68700,43
431,20180615,953,68600,3
432,20180615,954,68700,225
433,20180615,955,68700,66
434,20180615,956,68600,110
435,20180615,957,68600,28
436,20180615,958,68600,348
437,20180615,959,68600,189
438,20180615,1000,68400,17
439,20180615,1001,68400,12
440,20180615,1002,68400,55
441,20180615,1003,68500,1059
442,20180615,1004,68300,18
443,20180615,1005,68200,73
444,20180615,1006,68300,38
445,20180615,1007,68300,39
446,20180615,1008,68200,90
447,20180615,1009,68200,24
448,20180615,1010,68300,27
449,20180615,1011,68300,166
450,20180615,1012,68200,24
451,20180615,1013,68300,94
452,20180615,1014,68200,11
453,20180615,1015,68300,62
454,20180615,1016,68300,962
455,20180615,1017,68100,1089
456,20180615,1018,67800,97
457,20180615,1019,67800,9
458,20180615,1020,67800,173
459,20180615,1021,67800,363
460,20180615,1022,67700,84
461,20180615,1023,67700,39
462,20180615,1024,67700,918
463,20180615,1025,68200,3
464,20180615,1026,68000,128
465,20180615,1027,68200,17
466,20180615,1028,68100,2
467,20180615,1029,68100,9
468,20180615,1030,68100,141
469,20180615,1031,68000,176
470,20180615,1032,68000,26
471,20180615,1033,68100,32
472,20180615,1034,68000,89
473,20180615,1035,67900,16
474,20180615,1036,68100,3
475,20180615,1037,68000,43
476,20180615,1038,68000,109
477,20180615,1039,68100,11
478,20180615,1040,68100,15
479,20180615,1041,68100,7
480,20180615,1042,68100,40
481,20180615,1043,68100,36
482,20180615,1044,68100,111
483,20180615,1045,68100,22
484,20180615,1046,68000,717
485,20180615,1047,67900,489
486,20180615,1048,68000,8
487,20180615,1049,68000,270
488,20180615,1050,68100,151
489,20180615,1051,68000,2
490,20180615,1052,68000,208
491,20180615,1053,68000,164
492,20180615,1054,67800,68
493,20180615,1055,67900,8
494,20180615,1056,67900,128
495,20180615,1057,67800,82
496,20180615,1058,67800,41
497,20180615,1059,67900,47
498,20180615,1100,67800,49
499,20180615,1101,67900,2582
500,20180615,1102,67600,157
501,20180615,1103,67600,195
502,20180615,1104,67600,126
503,20180615,1105,67600,22
504,20180615,1106,67600,72
505,20180615,1107,67500,13
506,20180615,1108,67600,125
507,20180615,1109,67600,1065
508,20180615,1110,67800,73
509,20180615,1111,67800,6
510,20180615,1112,67900,17
511,20180615,1113,67800,7
512,20180615,1114,67900,48
513,20180615,1115,67900,38
514,20180615,1116,67800,89
515,20180615,1117,67900,159
516,20180615,1118,67900,33
517,20180615,1119,67900,20
518,20180615,1120,67800,197
519,20180615,1121,67700,15
520,20180615,1122,67700,58
521,20180615,1123,67700,126
522,20180615,1124,67800,66
523,20180615,1125,67600,12
524,20180615,1126,67700,62
525,20180615,1127,67700,5
526,20180615,1128,67600,292
527,20180615,1129,67600,59
528,20180615,1130,67600,69
529,20180615,1131,67700,163
530,20180615,1132,67600,10
531,20180615,1133,67700,2472
532,20180615,1134,67500,53
533,20180615,1135,67400,979
534,20180615,1136,67300,91
535,20180615,1137,67300,438
536,20180615,1138,67300,1839
537,20180615,1139,67500,69
538,20180615,1140,67600,497
539,20180615,1141,67600,90
540,20180615,1142,67600,89
541,20180615,1143,67500,6
542,20180615,1144,67600,57
543,20180615,1145,67500,20
544,20180615,1146,67500,144
545,20180615,1147,67500,4
546,20180615,1148,67500,105
547,20180615,1149,67600,279
548,20180615,1150,67500,38
549,20180615,1151,67400,13
550,20180615,1152,67400,4
551,20180615,1153,67400,24
552,20180615,1154,67500,46
553,20180615,1155,67500,76
554,20180615,1156,67400,159
555,20180615,1157,67500,34
556,20180615,1158,67400,66
557,20180615,1159,67500,304
558,20180615,1200,67400,109
559,20180615,1201,67400,39
560,20180615,1202,67300,64
561,20180615,1203,67400,29
562,20180615,1204,67400,117
563,20180615,1205,67400,45
564,20180615,1206,67400,5
565,20180615,1207,67400,204
566,20180615,1208,67300,36
567,20180615,1209,67400,92
568,20180615,1210,67300,10
569,20180615,1211,67400,27
570,20180615,1212,67400,69
571,20180615,1213,67400,263
572,20180615,1214,67300,22
573,20180615,1215,67300,846
574,20180615,1216,67300,38
575,20180615,1217,67300,256
576,20180615,1218,67400,38
577,20180615,1219,67400,965
578,20180615,1220,67400,60
579,20180615,1221,67400,51
580,20180615,1222,67300,3
581,20180615,1223,67400,12
582,20180615,1224,67400,24
583,20180615,1225,67300,43
584,20180615,1226,67300,65
585,20180615,1227,67400,305
586,20180615,1228,67300,96
587,20180615,1229,67300,230
588,20180615,1230,67300,317
589,20180615,1231,67300,151
590,20180615,1232,67400,24
591,20180615,1233,67400,134
592,20180615,1234,67400,415
593,20180615,1235,67400,37
594,20180615,1236,67400,3171
595,20180615,1237,67100,437
596,20180615,1238,67100,3
597,20180615,1239,67200,303
598,20180615,1240,67100,37
599,20180615,1241,67200,181
600,20180615,1242,67100,21
601,20180615,1243,67200,284
602,20180615,1244,67200,28
603,20180615,1245,67200,40
604,20180615,1246,67200,219
605,20180615,1247,67200,93
606,20180615,1248,67200,63
607,20180615,1249,67100,46
608,20180615,1250,67200,22
609,20180615,1251,67200,43
610,20180615,1252,67200,112
611,20180615,1253,67100,206
612,20180615,1254,67200,4
613,20180615,1255,67100,299
614,20180615,1256,67200,148
615,20180615,1257,67100,283
616,20180615,1258,67200,188
617,20180615,1259,67200,20
618,20180615,1300,67100,12
619,20180615,1301,67100,37
620,20180615,1302,67100,13
621,20180615,1303,67100,998
622,20180615,1304,67100,158
623,20180615,1305,67200,220
624,20180615,1306,67100,61
625,20180615,1307,67200,154
626,20180615,1308,67200,1057
627,20180615,1309,67300,106
628,20180615,1310,67300,116
629,20180615,1311,67300,25
630,20180615,1312,67300,13
631,20180615,1313,67300,56
632,20180615,1314,67200,1824
633,20180615,1315,67100,73
634,20180615,1316,67100,162
635,20180615,1317,67100,112
636,20180615,1318,67100,67
637,20180615,1319,67200,233
638,20180615,1320,67200,105
639,20180615,1321,67100,181
640,20180615,1322,67200,125
641,20180615,1323,67100,3
642,20180615,1324,67100,65
643,20180615,1325,67100,49
644,20180615,1326,67100,414
645,20180615,1327,67200,98
646,20180615,1328,67200,8
647,20180615,1329,67200,3096
648,20180615,1330,67200,2329
649,20180615,1331,67600,107
650,20180615,1332,67600,9
651,20180615,1333,67600,295
652,20180615,1334,67500,76
653,20180615,1335,67500,50
654,20180615,1336,67500,97
655,20180615,1337,67500,15
656,20180615,1338,67400,54
657,20180615,1339,67400,9
658,20180615,1340,67400,138
659,20180615,1341,67500,54
660,20180615,1342,67400,114
661,20180615,1343,67500,16
662,20180615,1344,67400,79
663,20180615,1345,67400,58
664,20180615,1346,67500,63
665,20180615,1347,67400,47
666,20180615,1348,67500,88
667,20180615,1349,67400,85
668,20180615,1350,67400,184
669,20180615,1351,67500,7
670,20180615,1352,67400,121
671,20180615,1353,67500,266
672,20180615,1354,67500,48
673,20180615,1355,67500,18
674,20180615,1356,67500,110
675,20180615,1357,67500,61
676,20180615,1358,67400,57
677,20180615,1359,67400,17
678,20180615,1400,67400,158
679,20180615,1401,67500,18
680,20180615,1402,67400,4
681,20180615,1403,67400,686
682,20180615,1404,67200,147
683,20180615,1405,67200,72
684,20180615,1406,67200,130
685,20180615,1407,67200,9
686,20180615,1408,67200,132
687,20180615,1409,67300,19
688,20180615,1410,67200,13
689,20180615,1411,67200,22
690,20180615,1412,67200,797
691,20180615,1413,67300,397
692,20180615,1414,67200,6
693,20180615,1415,67200,132
694,20180615,1416,67200,66
695,20180615,1417,67300,107
696,20180615,1418,67300,70
697,20180615,1419,67200,37
698,20180615,1420,67200,36
699,20180615,1421,67200,12
700,20180615,1422,67300,91
701,20180615,1423,67200,297
702,20180615,1424,67300,53
703,20180615,1425,67300,12
704,20180615,1426,67300,308
705,20180615,1427,67200,4
706,20180615,1428,67300,34
707,20180615,1429,67300,106
708,20180615,1430,67300,6
709,20180615,1431,67300,290
710,20180615,1432,67200,2319
711,20180615,1433,67500,230
712,20180615,1434,67500,39
713,20180615,1435,67500,84
714,20180615,1436,67600,297
715,20180615,1437,67500,39
716,20180615,1438,67600,21
717,20180615,1439,67600,61
718,20180615,1440,67600,103
719,20180615,1441,67600,176
720,20180615,1442,67600,96
721,20180615,1443,67500,36
722,20180615,1444,67600,36
723,20180615,1445,67600,202
724,20180615,1446,67600,1509
725,20180615,1447,67500,20
726,20180615,1448,67400,303
727,20180615,1449,67400,109
728,20180615,1450,67400,67
729,20180615,1451,67400,17
730,20180615,1452,67400,36
731,20180615,1453,67400,89
732,20180615,1454,67400,85
733,20180615,1455,67500,175
734,20180615,1456,67400,55
735,20180615,1457,67400,7
736,20180615,1458,67500,29
737,20180615,1459,67400,1178
738,20180615,1500,67500,356
739,20180615,1501,67500,17
740,20180615,1502,67600,2
741,20180615,1503,67500,19
742,20180615,1504,67500,495
743,20180615,1505,67400,304
744,20180615,1506,67500,25
745,20180615,1507,67500,71
746,20180615,1508,67500,93
747,20180615,1509,67400,883
748,20180615,1510,67300,647
749,20180615,1511,67300,431
750,20180615,1512,67300,2003
751,20180615,1513,67300,228
752,20180615,1514,67400,328
753,20180615,1515,67300,781
754,20180615,1516,67300,943
755,20180615,1517,67300,457
756,20180615,1518,67200,313
757,20180615,1519,67300,269
758,20180615,1520,67300,280
759,20180615,1530,67300,14840
0,20180618,901,67200,1167
1,20180618,902,67300,164
2,20180618,903,67600,273
3,20180618,904,67300,79
4,20180618,905,67700,251
5,20180618,906,67800,175
6,20180618,907,68000,121
7,20180618,908,67900,105
8,20180618,909,67800,89
9,20180618,910,67900,616
10,20180618,911,68100,603
11,20180618,912,68000,619
12,20180618,913,67900,112
13,20180618,914,68000,47
14,20180618,915,68000,28
15,20180618,916,67900,10
16,20180618,917,68100,5
17,20180618,918,68100,228
18,20180618,919,68000,117
19,20180618,920,68000,11
20,20180618,921,68000,150
21,20180618,922,68000,213
22,20180618,923,68000,150
23,20180618,924,68000,110
24,20180618,925,68000,350
25,20180618,926,67800,11
26,20180618,927,67700,53
27,20180618,928,67700,237
28,20180618,929,67600,382
29,20180618,930,67900,111
30,20180618,931,67800,20
31,20180618,932,67800,174
32,20180618,933,67600,42
33,20180618,934,67600,38
34,20180618,936,67700,1
35,20180618,939,67700,489
36,20180618,940,67600,458
37,20180618,941,67600,88
38,20180618,942,67700,74
39,20180618,943,67500,16
40,20180618,944,67500,284
41,20180618,945,67500,134
42,20180618,946,67500,236
43,20180618,949,67500,121
44,20180618,951,67500,408
45,20180618,952,67500,158
46,20180618,954,67500,76
47,20180618,955,67600,124
48,20180618,956,67600,802
49,20180618,957,67400,252
50,20180618,958,67400,231
51,20180618,959,67300,444
52,20180618,1000,67300,3
53,20180618,1001,67400,10
54,20180618,1002,67300,985
55,20180618,1003,67300,252
56,20180618,1004,67200,383
57,20180618,1005,67200,113
58,20180618,1006,67200,32
59,20180618,1007,67300,457
60,20180618,1008,67000,806
61,20180618,1009,67100,93
62,20180618,1010,67000,180
63,20180618,1012,67000,222
64,20180618,1013,67200,60
65,20180618,1014,67300,142
66,20180618,1017,67400,10
67,20180618,1022,67400,902
68,20180618,1023,67700,172
69,20180618,1024,67500,38
70,20180618,1026,67400,195
71,20180618,1027,67300,5
72,20180618,1028,67300,131
73,20180618,1029,67400,27
74,20180618,1030,67400,23
75,20180618,1031,67400,84
76,20180618,1032,67400,159
77,20180618,1033,67400,35
78,20180618,1034,67400,36
79,20180618,1035,67400,6
80,20180618,1036,67400,13
81,20180618,1038,67400,1120
82,20180618,1039,67000,491
83,20180618,1040,67100,243
84,20180618,1041,67100,3
85,20180618,1042,67000,1534
86,20180618,1043,66900,2
87,20180618,1044,66900,33
88,20180618,1045,66900,5
89,20180618,1046,67000,257
90,20180618,1048,67000,59
91,20180618,1050,67100,146
92,20180618,1051,67000,15
93,20180618,1052,67000,31
94,20180618,1053,67000,791
95,20180618,1054,66800,274
96,20180618,1055,66700,554
97,20180618,1056,66500,459
98,20180618,1057,66500,51
99,20180618,1058,66500,59
100,20180618,1059,66600,130
101,20180618,1100,66700,62
102,20180618,1101,66600,38
103,20180618,1102,66800,132
104,20180618,1103,66800,12
105,20180618,1104,66800,13
106,20180618,1105,66800,71
107,20180618,1106,66800,384
108,20180618,1107,66800,104
109,20180618,1109,66800,29
110,20180618,1110,66800,10
111,20180618,1113,66900,79
112,20180618,1114,66900,20
113,20180618,1115,66900,38
114,20180618,1116,66800,791
115,20180618,1117,67200,4
116,20180618,1118,67200,302
117,20180618,1119,67100,274
118,20180618,1120,67200,350
119,20180618,1121,67300,46
120,20180618,1122,67200,66
121,20180618,1123,67200,5
122,20180618,1124,67200,334
123,20180618,1125,67200,6
124,20180618,1126,67200,692
125,20180618,1127,67100,173
126,20180618,1128,67300,141
127,20180618,1129,67000,19
128,20180618,1130,67000,803
129,20180618,1131,66900,81
130,20180618,1132,66800,43
131,20180618,1133,66800,13
132,20180618,1134,66800,278
133,20180618,1135,66800,19
134,20180618,1136,66700,588
135,20180618,1137,66600,92
136,20180618,1138,66700,83
137,20180618,1139,66600,190
138,20180618,1140,66500,778
139,20180618,1141,66800,377
140,20180618,1142,66500,56
141,20180618,1143,66600,55
142,20180618,1144,66500,17
143,20180618,1145,66500,826
144,20180618,1146,66400,530
145,20180618,1147,66300,2009
146,20180618,1148,66300,779
147,20180618,1149,66200,474
148,20180618,1150,66300,125
149,20180618,1151,66300,291
150,20180618,1152,66300,79
151,20180618,1153,66400,54
152,20180618,1154,66400,184
153,20180618,1155,66300,72
154,20180618,1156,66300,11
155,20180618,1157,66400,22
156,20180618,1158,66400,33
157,20180618,1159,66400,83
158,20180618,1200,66400,35
159,20180618,1201,66400,2
160,20180618,1202,66300,481
161,20180618,1203,66400,163
162,20180618,1204,66400,58
163,20180618,1205,66400,51
164,20180618,1207,66400,16
165,20180618,1209,66500,103
166,20180618,1210,66400,15
167,20180618,1211,66500,1
168,20180618,1212,66400,32
169,20180618,1213,66500,5
170,20180618,1214,66500,111
171,20180618,1215,66500,104
172,20180618,1216,66400,5
173,20180618,1217,66400,26
174,20180618,1218,66400,203
175,20180618,1219,66500,558
176,20180618,1220,66500,6
177,20180618,1221,66500,108
178,20180618,1222,66600,8
179,20180618,1223,66500,10
180,20180618,1224,66500,73
181,20180618,1226,66600,35
182,20180618,1227,66600,83
183,20180618,1228,66500,395
184,20180618,1229,66500,54
185,20180618,1230,66400,343
186,20180618,1231,66400,66
187,20180618,1232,66400,66
188,20180618,1233,66300,511
189,20180618,1234,66300,240
190,20180618,1235,66400,6
191,20180618,1236,66300,102
192,20180618,1237,66300,20
193,20180618,1238,66400,6
194,20180618,1240,66300,352
195,20180618,1241,66200,478
196,20180618,1242,66300,4
197,20180618,1243,66400,1
198,20180618,1245,66300,180
199,20180618,1247,66400,194
200,20180618,1248,66300,148
201,20180618,1249,66300,123
202,20180618,1250,66300,1
203,20180618,1251,66300,202
204,20180618,1252,66300,277
205,20180618,1253,66400,54
206,20180618,1254,66400,4
207,20180618,1255,66400,62
208,20180618,1257,66400,126
209,20180618,1259,66500,50
210,20180618,1300,66400,214
211,20180618,1301,66500,169
212,20180618,1302,66600,1
213,20180618,1303,66500,95
214,20180618,1304,66600,22
215,20180618,1305,66500,1
216,20180618,1307,66500,22
217,20180618,1308,66600,107
218,20180618,1309,66500,707
219,20180618,1311,66500,646
220,20180618,1312,66500,2
221,20180618,1313,66500,73
222,20180618,1314,66500,227
223,20180618,1315,66600,20
224,20180618,1317,66600,1
225,20180618,1318,66600,5
226,20180618,1319,66500,137
227,20180618,1320,66600,102
228,20180618,1321,66500,126
229,20180618,1323,66600,86
230,20180618,1324,66600,21
231,20180618,1325,66500,181
232,20180618,1326,66500,12
233,20180618,1327,66500,349
234,20180618,1328,66500,129
235,20180618,1329,66500,51
236,20180618,1330,66600,5
237,20180618,1331,66500,90
238,20180618,1332,66500,10
239,20180618,1333,66500,25
240,20180618,1334,66600,117
241,20180618,1335,66500,12
242,20180618,1336,66500,1214
243,20180618,1337,66400,1
244,20180618,1338,66400,4
245,20180618,1339,66300,433
246,20180618,1340,66400,94
247,20180618,1341,66300,12
248,20180618,1342,66300,24
249,20180618,1343,66300,2
250,20180618,1344,66300,136
251,20180618,1345,66200,887
252,20180618,1346,66400,10
253,20180618,1347,66400,1853
254,20180618,1348,66300,1
255,20180618,1349,66300,222
256,20180618,1350,66400,161
257,20180618,1352,66400,71
258,20180618,1353,66300,54
259,20180618,1354,66300,169
260,20180618,1355,66300,104
261,20180618,1357,66200,186
262,20180618,1359,66300,153
263,20180618,1400,66200,20
264,20180618,1401,66200,646
265,20180618,1403,66300,663
266,20180618,1404,66200,338
267,20180618,1405,66100,595
268,20180618,1406,66100,168
269,20180618,1408,66100,112
270,20180618,1409,66100,149
271,20180618,1410,66100,272
272,20180618,1411,66100,3205
273,20180618,1412,65800,457
274,20180618,1413,65700,407
275,20180618,1414,65700,258
276,20180618,1415,65800,137
277,20180618,1416,65800,436
278,20180618,1417,65800,312
279,20180618,1418,66000,2
280,20180618,1419,65800,101
281,20180618,1420,66000,8
282,20180618,1421,65900,3
283,20180618,1422,65900,269
284,20180618,1423,65900,311
285,20180618,1424,65900,7
286,20180618,1425,65900,215
287,20180618,1426,65900,24
288,20180618,1427,65900,132
289,20180618,1428,65800,42
290,20180618,1429,65800,932
291,20180618,1430,65700,589
292,20180618,1431,65600,127
293,20180618,1432,65700,162
294,20180618,1433,65700,142
295,20180618,1434,65700,27
296,20180618,1435,65800,140
297,20180618,1436,65800,40
298,20180618,1437,65800,13
299,20180618,1438,65800,985
300,20180618,1439,65600,194
301,20180618,1440,65600,512
302,20180618,1441,65600,365
303,20180618,1442,65500,40
304,20180618,1443,65400,122
305,20180618,1444,65400,140
306,20180618,1445,65300,20
307,20180618,1446,65400,268
308,20180618,1447,65400,101
309,20180618,1448,65400,382
310,20180618,1449,65500,267
311,20180618,1450,65500,136
312,20180618,1451,65600,20
313,20180618,1452,65500,37
314,20180618,1453,65600,6
315,20180618,1454,65500,32
316,20180618,1455,65600,988
317,20180618,1456,65800,40
318,20180618,1457,65900,6
319,20180618,1458,65900,20
320,20180618,1459,65900,1233
321,20180618,1500,66000,38
322,20180618,1501,66100,260
323,20180618,1502,65800,58
324,20180618,1503,65900,26
325,20180618,1504,65900,165
326,20180618,1505,65800,25
327,20180618,1506,65900,363
328,20180618,1507,66100,334
329,20180618,1508,66100,5
330,20180618,1509,66100,12
331,20180618,1510,66100,4
332,20180618,1511,66100,115
333,20180618,1512,66000,592
334,20180618,1513,66100,64
335,20180618,1514,66000,313
336,20180618,1515,66200,60
337,20180618,1516,66200,82
338,20180618,1517,66200,122
339,20180618,1518,66100,203
340,20180618,1519,66200,45
341,20180618,1520,66000,52
342,20180618,1530,66200,5231
343,20180619,901,66100,2651
344,20180619,902,66200,142
345,20180619,903,66200,91
346,20180619,904,66200,1
347,20180619,905,66100,460
348,20180619,906,65500,284
349,20180619,907,65500,979
350,20180619,908,65300,1540
351,20180619,909,65500,386
352,20180619,910,65800,31
353,20180619,911,65900,62
354,20180619,912,65800,938
355,20180619,913,65600,125
356,20180619,914,65600,125
357,20180619,915,65600,140
358,20180619,916,65500,2642
359,20180619,917,65200,477
360,20180619,918,65300,193
361,20180619,919,65300,109
362,20180619,920,65500,130
363,20180619,921,65400,44
364,20180619,922,65300,44
365,20180619,923,65300,24
366,20180619,924,65300,63
367,20180619,925,65400,81
368,20180619,926,65200,207
369,20180619,927,65200,411
370,20180619,928,65200,1265
371,20180619,929,65100,2581
372,20180619,930,64800,895
373,20180619,931,64800,182
374,20180619,932,64700,207
375,20180619,933,64700,286
376,20180619,934,64700,61
377,20180619,935,64600,215
378,20180619,936,64600,48
379,20180619,937,64600,134
380,20180619,938,64700,129
381,20180619,939,64800,577
382,20180619,940,64700,10993
383,20180619,941,64000,2677
384,20180619,942,63800,389
385,20180619,943,64300,230
386,20180619,944,64200,279
387,20180619,945,64100,433
388,20180619,946,64200,591
389,20180619,947,64400,36
390,20180619,948,64300,336
391,20180619,949,64400,715
392,20180619,950,64300,110
393,20180619,951,64300,117
394,20180619,952,64300,215
395,20180619,953,64300,214
396,20180619,954,64300,34
397,20180619,955,64500,499
398,20180619,956,64500,244
399,20180619,957,64500,1
400,20180619,958,64500,655
401,20180619,959,64500,775
402,20180619,1000,64100,469
403,20180619,1001,64400,158
404,20180619,1002,64300,231
405,20180619,1003,64300,109
406,20180619,1004,64300,1523
407,20180619,1005,64000,2033
408,20180619,1006,63900,813
409,20180619,1007,63800,213
410,20180619,1008,63800,2757
411,20180619,1009,63600,151
412,20180619,1010,63600,322
413,20180619,1011,63600,178
414,20180619,1012,63700,396
415,20180619,1013,63600,207
416,20180619,1014,63700,430
417,20180619,1015,63700,465
418,20180619,1016,63900,116
419,20180619,1017,63900,160
420,20180619,1018,63800,36
421,20180619,1019,63900,125
422,20180619,1020,63900,24
423,20180619,1021,63900,454
424,20180619,1022,63700,165
425,20180619,1023,63800,962
426,20180619,1024,63500,60
427,20180619,1025,63600,795
428,20180619,1026,63400,352
429,20180619,1027,63400,255
430,20180619,1028,63400,1434
431,20180619,1029,63200,142
432,20180619,1030,63300,403
433,20180619,1031,63300,416
434,20180619,1032,63400,25
435,20180619,1033,63500,650
436,20180619,1034,63700,25
437,20180619,1035,63700,62
438,20180619,1036,63700,209
439,20180619,1037,63500,616
440,20180619,1038,63400,343
441,20180619,1039,63400,65
442,20180619,1040,63500,2120
443,20180619,1041,63300,1803
444,20180619,1042,63300,234
445,20180619,1044,63300,89
446,20180619,1045,63200,367
447,20180619,1046,63300,467
448,20180619,1047,63300,13
449,20180619,1048,63200,224
450,20180619,1049,63200,457
451,20180619,1050,63100,68
452,20180619,1051,63200,114
453,20180619,1052,63200,83
454,20180619,1053,63200,25
455,20180619,1054,63100,71
456,20180619,1055,63100,576
457,20180619,1056,63100,805
458,20180619,1057,63000,23
459,20180619,1058,63100,502
460,20180619,1059,63100,95
461,20180619,1100,63100,196
462,20180619,1101,63100,246
463,20180619,1102,63100,993
464,20180619,1103,63100,103
465,20180619,1104,63100,240
466,20180619,1105,63000,253
467,20180619,1106,63100,57
468,20180619,1107,63000,56
469,20180619,1108,63000,126
470,20180619,1109,63100,2035
471,20180619,1110,63300,61
472,20180619,1111,63300,207
473,20180619,1112,63300,127
474,20180619,1113,63100,717
475,20180619,1114,63100,380
476,20180619,1115,63100,158
477,20180619,1116,63100,228
478,20180619,1117,63100,23
479,20180619,1118,63100,12
480,20180619,1119,63100,188
481,20180619,1120,63200,88
482,20180619,1121,63300,26
483,20180619,1122,63300,231
484,20180619,1123,63400,2095
485,20180619,1124,63500,100
486,20180619,1125,63600,535
487,20180619,1126,63600,664
488,20180619,1127,63900,989
489,20180619,1128,63600,89
490,20180619,1129,63600,146
491,20180619,1130,63600,13
492,20180619,1131,63600,38
493,20180619,1132,63600,236
494,20180619,1133,63600,102
495,20180619,1134,63700,82
496,20180619,1135,63700,60
497,20180619,1136,63800,204
498,20180619,1137,63700,34
499,20180619,1138,63600,20
500,20180619,1139,63700,30
501,20180619,1140,63600,117
502,20180619,1141,63700,234
503,20180619,1142,63700,9
504,20180619,1143,63700,68
505,20180619,1144,63700,62
506,20180619,1145,63700,100
507,20180619,1146,63800,97
508,20180619,1147,63700,74
509,20180619,1148,63800,40
510,20180619,1149,63700,74
511,20180619,1150,63800,334
512,20180619,1151,63800,86
513,20180619,1152,63800,36
514,20180619,1153,63900,213
515,20180619,1154,63900,39
516,20180619,1155,63800,352
517,20180619,1156,63900,51
518,20180619,1157,64000,124
519,20180619,1158,63700,37
520,20180619,1159,63700,39
521,20180619,1200,64000,164
522,20180619,1201,64000,16
523,20180619,1202,63700,1
524,20180619,1203,63800,9
525,20180619,1204,63700,101
526,20180619,1205,63700,26
527,20180619,1206,63700,51
528,20180619,1207,63800,46
529,20180619,1208,63800,122
530,20180619,1209,63800,77
531,20180619,1210,63900,58
532,20180619,1211,63800,61
533,20180619,1212,63900,194
534,20180619,1213,63900,11
535,20180619,1214,63900,240
536,20180619,1215,63800,7
537,20180619,1216,63800,350
538,20180619,1217,63800,88
539,20180619,1218,63900,55
540,20180619,1219,63800,77
541,20180619,1220,63700,26
542,20180619,1221,63700,706
543,20180619,1222,64000,263
544,20180619,1223,63900,16
545,20180619,1224,64000,35
546,20180619,1225,63900,326
547,20180619,1226,63900,104
548,20180619,1227,63800,50
549,20180619,1228,63800,447
550,20180619,1229,63700,85
551,20180619,1230,63800,3
552,20180619,1231,63800,214
553,20180619,1232,63600,135
554,20180619,1233,63700,45
555,20180619,1234,63600,53
556,20180619,1235,63700,74
557,20180619,1236,63600,137
558,20180619,1237,63600,202
559,20180619,1238,63600,70
560,20180619,1239,63600,357
561,20180619,1240,63600,240
562,20180619,1241,63600,30
563,20180619,1242,63600,488
564,20180619,1243,63500,65
565,20180619,1244,63600,66
566,20180619,1245,63500,174
567,20180619,1246,63600,34
568,20180619,1247,63700,48
569,20180619,1248,63600,30
570,20180619,1249,63600,62
571,20180619,1250,63700,752
572,20180619,1251,63500,104
573,20180619,1252,63500,323
574,20180619,1253,63600,151
575,20180619,1254,63500,64
576,20180619,1255,63500,143
577,20180619,1256,63600,135
578,20180619,1257,63700,36
579,20180619,1258,63600,23
580,20180619,1259,63600,927
581,20180619,1300,63500,33
582,20180619,1301,63600,146
583,20180619,1302,63600,133
584,20180619,1303,63700,36
585,20180619,1304,63600,53
586,20180619,1305,63500,39
587,20180619,1306,63600,143
588,20180619,1307,63600,597
589,20180619,1308,63600,25
590,20180619,1309,63600,86
591,20180619,1310,63500,296
592,20180619,1311,63500,97
593,20180619,1312,63600,46
594,20180619,1313,63500,214
595,20180619,1314,63600,7
596,20180619,1316,63500,109
597,20180619,1317,63400,308
598,20180619,1318,63400,70
599,20180619,1319,63500,226
600,20180619,1320,63500,45
601,20180619,1321,63400,22
602,20180619,1322,63400,289
603,20180619,1323,63500,86
604,20180619,1324,63400,70
605,20180619,1325,63400,248
606,20180619,1326,63500,116
607,20180619,1327,63400,82
608,20180619,1328,63500,52
609,20180619,1329,63500,208
610,20180619,1330,63500,131
611,20180619,1331,63500,98
612,20180619,1332,63400,10
613,20180619,1333,63500,71
614,20180619,1334,63400,34
615,20180619,1335,63500,111
616,20180619,1336,63400,77
617,20180619,1337,63400,77
618,20180619,1338,63400,38
619,20180619,1339,63500,76
620,20180619,1340,63400,154
621,20180619,1341,63500,309
622,20180619,1342,63400,191
623,20180619,1343,63500,94
624,20180619,1344,63400,118
625,20180619,1345,63500,179
626,20180619,1346,63400,145
627,20180619,1347,63400,19
628,20180619,1348,63400,74
629,20180619,1349,63500,457
630,20180619,1350,63500,102
631,20180619,1351,63500,124
632,20180619,1352,63500,57
633,20180619,1354,63500,98
634,20180619,1355,63500,114
635,20180619,1356,63500,111
636,20180619,1357,63500,366
637,20180619,1358,63600,76
638,20180619,1359,63500,235
639,20180619,1400,63500,102
640,20180619,1401,63600,164
641,20180619,1402,63600,101
642,20180619,1403,63600,127
643,20180619,1404,63600,166
644,20180619,1405,63500,44
645,20180619,1406,63500,30
646,20180619,1407,63500,212
647,20180619,1408,63600,133
648,20180619,1409,63500,91
649,20180619,1410,63600,25
650,20180619,1411,63600,300
651,20180619,1412,63500,755
652,20180619,1413,63600,70
653,20180619,1414,63700,114
654,20180619,1415,63700,1
655,20180619,1416,63600,392
656,20180619,1417,63600,94
657,20180619,1418,63600,496
658,20180619,1419,63600,64
659,20180619,1420,63700,7
660,20180619,1421,63600,20
661,20180619,1422,63700,81
662,20180619,1423,63700,128
663,20180619,1424,63600,75
664,20180619,1425,63600,30
665,20180619,1426,63600,125
666,20180619,1427,63600,1992
667,20180619,1428,63400,399
668,20180619,1429,63400,224
669,20180619,1430,63500,94
670,20180619,1431,63500,33
671,20180619,1432,63600,99
672,20180619,1433,63500,112
673,20180619,1434,63500,543
674,20180619,1435,63500,938
675,20180619,1436,63300,38
676,20180619,1437,63400,182
677,20180619,1438,63400,1
678,20180619,1439,63300,101
679,20180619,1440,63400,59
680,20180619,1441,63400,602
681,20180619,1442,63400,4
682,20180619,1443,63500,136
683,20180619,1444,63400,231
684,20180619,1445,63500,691
685,20180619,1446,63500,210
686,20180619,1447,63400,1
687,20180619,1448,63300,954
688,20180619,1449,63300,288
689,20180619,1450,63200,157
690,20180619,1451,63300,88
691,20180619,1452,63300,32
692,20180619,1453,63300,273
693,20180619,1454,63300,3175
694,20180619,1455,63100,3824
695,20180619,1456,63100,517
696,20180619,1457,63000,255
697,20180619,1458,63100,68
698,20180619,1459,63100,88
699,20180619,1500,63000,242
700,20180619,1501,63100,2979
701,20180619,1502,63000,237
702,20180619,1503,62900,240
703,20180619,1504,62900,75
704,20180619,1505,63000,214
705,20180619,1506,62900,312
706,20180619,1507,62900,385
707,20180619,1508,62900,246
708,20180619,1509,63000,145
709,20180619,1510,62900,2538
710,20180619,1511,63100,1320
711,20180619,1512,63000,631
712,20180619,1513,62900,38
713,20180619,1514,62900,1463
714,20180619,1515,62900,138
715,20180619,1516,62800,980
716,20180619,1517,62900,1646
717,20180619,1518,62900,971
718,20180619,1519,62900,1520
719,20180619,1520,62800,2229
720,20180619,1530,63000,8367
0,20180620,901,62800,2723
1,20180620,902,63500,1151
2,20180620,903,63700,476
3,20180620,904,64000,1775
4,20180620,905,64000,512
5,20180620,906,64100,975
6,20180620,907,64000,640
7,20180620,909,63800,603
8,20180620,910,63900,593
9,20180620,911,63800,356
10,20180620,912,63600,649
11,20180620,913,63700,81
12,20180620,914,63700,303
13,20180620,915,63700,1366
14,20180620,916,63100,1356
15,20180620,917,63300,44
16,20180620,918,63300,105
17,20180620,919,63500,955
18,20180620,920,63900,1196
19,20180620,921,63900,86
20,20180620,922,64000,1739
21,20180620,923,63800,652
22,20180620,924,63800,316
23,20180620,925,63600,174
24,20180620,926,63700,126
25,20180620,927,63700,119
26,20180620,928,63700,89
27,20180620,929,63900,64
28,20180620,930,64100,887
29,20180620,931,64200,1770
30,20180620,932,63800,22
31,20180620,933,63800,231
32,20180620,934,63900,136
33,20180620,935,64000,100
34,20180620,936,64000,12
35,20180620,937,64000,708
36,20180620,938,64000,30
37,20180620,939,63800,112
38,20180620,940,63900,1166
39,20180620,941,63800,5
40,20180620,942,63700,45
41,20180620,943,63700,36
42,20180620,944,63700,136
43,20180620,945,63800,794
44,20180620,946,64100,46
45,20180620,947,63900,205
46,20180620,948,63900,397
47,20180620,949,64000,442
48,20180620,950,64000,943
49,20180620,951,64100,625
50,20180620,952,64100,492
51,20180620,953,64200,121
52,20180620,954,64200,90
53,20180620,955,64100,134
54,20180620,956,64000,271
55,20180620,957,64200,120
56,20180620,958,64100,347
57,20180620,959,64300,503
58,20180620,1000,64400,192
59,20180620,1001,64200,105
60,20180620,1002,64300,367
61,20180620,1003,64300,429
62,20180620,1004,64200,299
63,20180620,1005,64300,1001
64,20180620,1006,64400,483
65,20180620,1007,64500,602
66,20180620,1008,64500,224
67,20180620,1009,64500,96
68,20180620,1010,64400,26
69,20180620,1011,64400,417
70,20180620,1012,64400,272
71,20180620,1013,64600,744
72,20180620,1014,64700,108
73,20180620,1015,64500,90
74,20180620,1016,64500,727
75,20180620,1017,64200,53
76,20180620,1018,64300,10
77,20180620,1019,64200,154
78,20180620,1020,64200,395
79,20180620,1021,64100,382
80,20180620,1022,64100,10
81,20180620,1023,64100,56
82,20180620,1024,64200,122
83,20180620,1025,64300,446
84,20180620,1026,64400,102
85,20180620,1027,64500,284
86,20180620,1028,64400,343
87,20180620,1029,64500,39
88,20180620,1030,64500,178
89,20180620,1031,64500,442
90,20180620,1032,64600,127
91,20180620,1033,64500,128
92,20180620,1034,64400,104
93,20180620,1036,64200,234
94,20180620,1037,64500,26
95,20180620,1038,64400,27
96,20180620,1039,64400,323
97,20180620,1040,64500,39
98,20180620,1041,64500,81
99,20180620,1042,64500,28
100,20180620,1043,64400,1
101,20180620,1044,64500,201
102,20180620,1045,64500,71
103,20180620,1046,64500,103
104,20180620,1047,64500,2
105,20180620,1048,64500,166
106,20180620,1049,64400,315
107,20180620,1050,64400,168
108,20180620,1051,64300,40
109,20180620,1053,64300,351
110,20180620,1054,64400,541
111,20180620,1055,64400,267
112,20180620,1056,64400,3
113,20180620,1057,64500,129
114,20180620,1059,64400,29
115,20180620,1101,64400,47
116,20180620,1102,64400,859
117,20180620,1103,64500,28
118,20180620,1104,64600,1195
119,20180620,1105,64600,1715
120,20180620,1106,64800,52
121,20180620,1107,64800,7
122,20180620,1108,64700,62
123,20180620,1109,64700,3
124,20180620,1110,64600,149
125,20180620,1111,64600,186
126,20180620,1112,64500,21
127,20180620,1113,64500,23
128,20180620,1114,64600,693
129,20180620,1115,64500,383
130,20180620,1116,64300,29
131,20180620,1117,64300,25
132,20180620,1118,64300,43
133,20180620,1119,64400,97
134,20180620,1120,64300,144
135,20180620,1121,64300,196
136,20180620,1122,64400,28
137,20180620,1123,64300,299
138,20180620,1124,64300,30
139,20180620,1125,64200,33
140,20180620,1126,64200,80
141,20180620,1127,64200,201
142,20180620,1128,64200,34
143,20180620,1129,64200,40
144,20180620,1130,64200,8
145,20180620,1131,64200,556
146,20180620,1133,64300,30
147,20180620,1134,64400,262
148,20180620,1135,64200,26
149,20180620,1136,64300,264
150,20180620,1137,64300,47
151,20180620,1138,64400,2
152,20180620,1139,64400,37
153,20180620,1140,64300,2
154,20180620,1141,64300,28
155,20180620,1143,64300,1
156,20180620,1144,64300,31
157,20180620,1146,64300,21
158,20180620,1147,64300,1
159,20180620,1148,64300,252
160,20180620,1149,64300,14
161,20180620,1150,64200,95
162,20180620,1151,64200,1
163,20180620,1152,64200,40
164,20180620,1154,64200,37
165,20180620,1155,64300,90
166,20180620,1156,64300,93
167,20180620,1157,64200,216
168,20180620,1158,64200,794
169,20180620,1200,64200,181
170,20180620,1201,64300,77
171,20180620,1203,64300,87
172,20180620,1204,64200,109
173,20180620,1205,64200,162
174,20180620,1206,64400,1
175,20180620,1207,64200,2
176,20180620,1210,64300,9
177,20180620,1211,64200,9
178,20180620,1213,64300,1
179,20180620,1214,64200,1
180,20180620,1216,64200,1
181,20180620,1217,64200,350
182,20180620,1218,64300,172
183,20180620,1219,64400,14
184,20180620,1221,64300,59
185,20180620,1222,64400,15
186,20180620,1223,64400,2
187,20180620,1224,64400,9
188,20180620,1225,64300,11
189,20180620,1226,64400,21
190,20180620,1227,64400,1
191,20180620,1228,64300,135
192,20180620,1230,64300,36
193,20180620,1231,64300,936
194,20180620,1232,64300,122
195,20180620,1233,64400,1
196,20180620,1234,64300,183
197,20180620,1235,64400,153
198,20180620,1236,64400,90
199,20180620,1237,64400,27
200,20180620,1238,64400,6
201,20180620,1239,64400,135
202,20180620,1240,64500,198
203,20180620,1241,64400,11
204,20180620,1242,64500,37
205,20180620,1244,64500,198
206,20180620,1245,64400,10
207,20180620,1246,64400,72
208,20180620,1248,64400,408
209,20180620,1249,64300,910
210,20180620,1250,64500,322
211,20180620,1251,64400,2
212,20180620,1252,64400,1342
213,20180620,1253,64600,585
214,20180620,1254,64600,1216
215,20180620,1255,64500,326
216,20180620,1257,64400,29
217,20180620,1258,64400,19
218,20180620,1259,64400,217
219,20180620,1300,64500,49
220,20180620,1301,64500,133
221,20180620,1302,64500,18
222,20180620,1303,64500,173
223,20180620,1304,64400,174
224,20180620,1305,64600,81
225,20180620,1306,64600,522
226,20180620,1307,64700,80
227,20180620,1308,64600,1
228,20180620,1309,64600,176
229,20180620,1310,64600,306
230,20180620,1311,64600,42
231,20180620,1313,64600,535
232,20180620,1314,64600,5
233,20180620,1315,64600,9
234,20180620,1316,64700,72
235,20180620,1317,64600,78
236,20180620,1318,64500,377
237,20180620,1320,64600,529
238,20180620,1321,64800,4
239,20180620,1322,64800,704
240,20180620,1323,64900,256
241,20180620,1324,64800,11
242,20180620,1325,64800,3
243,20180620,1326,64900,1
244,20180620,1327,64900,24
245,20180620,1328,64800,21
246,20180620,1329,64800,285
247,20180620,1330,64800,6
248,20180620,1331,64700,2
249,20180620,1332,64800,7
250,20180620,1333,64800,29
251,20180620,1334,64700,1
252,20180620,1335,64800,1
253,20180620,1336,64700,22
254,20180620,1337,64800,3
255,20180620,1338,64700,6
256,20180620,1339,64700,175
257,20180620,1340,64700,23
258,20180620,1341,64800,5
259,20180620,1342,64800,8
260,20180620,1343,64800,105
261,20180620,1344,64800,116
262,20180620,1345,64800,10
263,20180620,1346,64700,16
264,20180620,1347,64800,5
265,20180620,1348,64700,9
266,20180620,1349,64700,65
267,20180620,1350,64800,6
268,20180620,1351,64700,30
269,20180620,1352,64700,69
270,20180620,1353,64800,16
271,20180620,1354,64700,265
272,20180620,1355,64600,5
273,20180620,1356,64700,4
274,20180620,1357,64600,51
275,20180620,1358,64700,459
276,20180620,1359,64700,1442
277,20180620,1400,64800,268
278,20180620,1402,64800,34
279,20180620,1403,64800,3
280,20180620,1404,64700,4
281,20180620,1405,64800,52
282,20180620,1406,64700,261
283,20180620,1407,64700,600
284,20180620,1408,64700,3
285,20180620,1409,64700,46
286,20180620,1410,64600,4
287,20180620,1411,64600,4
288,20180620,1412,64600,228
289,20180620,1413,64700,36
290,20180620,1414,64600,15
291,20180620,1415,64700,39
292,20180620,1416,64700,22
293,20180620,1417,64600,7
294,20180620,1418,64700,17
295,20180620,1419,64700,20
296,20180620,1420,64600,3
297,20180620,1421,64700,1557
298,20180620,1422,64900,2
299,20180620,1423,64800,30
300,20180620,1424,64800,75
301,20180620,1425,64900,151
302,20180620,1426,64800,3
303,20180620,1427,64900,22
304,20180620,1428,64900,146
305,20180620,1429,64900,46
306,20180620,1430,64900,22
307,20180620,1431,64900,65
308,20180620,1432,64800,1062
309,20180620,1433,64900,1469
310,20180620,1434,64600,283
311,20180620,1435,64700,7
312,20180620,1436,64600,503
313,20180620,1437,64600,444
314,20180620,1438,64700,109
315,20180620,1439,64600,24
316,20180620,1440,64700,336
317,20180620,1441,64700,3
318,20180620,1442,64600,6
319,20180620,1443,64700,22
320,20180620,1444,64700,8
321,20180620,1445,64600,16
322,20180620,1446,64700,10
323,20180620,1447,64700,295
324,20180620,1448,64600,4
325,20180620,1449,64700,226
326,20180620,1450,64600,5
327,20180620,1451,64500,531
328,20180620,1452,64600,81
329,20180620,1453,64600,85
330,20180620,1454,64700,3
331,20180620,1455,64600,621
332,20180620,1456,64600,293
333,20180620,1457,64700,147
334,20180620,1458,64600,2
335,20180620,1459,64600,332
336,20180620,1500,64600,3
337,20180620,1501,64600,19
338,20180620,1502,64700,40
339,20180620,1503,64600,26
340,20180620,1504,64700,906
341,20180620,1505,64500,35
342,20180620,1506,64500,30
343,20180620,1507,64600,72
344,20180620,1508,64500,54
345,20180620,1509,64600,10
346,20180620,1510,64600,62
347,20180620,1511,64500,120
348,20180620,1512,64600,1838
349,20180620,1513,64400,141
350,20180620,1514,64400,40
351,20180620,1515,64400,2056
352,20180620,1516,64300,897
353,20180620,1517,64400,1052
354,20180620,1518,64400,311
355,20180620,1519,64500,245
356,20180620,1520,64600,133
357,20180620,1530,64700,4224
358,20180621,901,63500,1590
359,20180621,902,64100,773
360,20180621,903,64200,164
361,20180621,904,64300,211
362,20180621,905,64300,2106
363,20180621,906,63900,58
364,20180621,907,63800,346
365,20180621,908,63400,1127
366,20180621,909,63600,289
367,20180621,910,64000,102
368,20180621,911,63900,108
369,20180621,912,64100,2
370,20180621,913,64000,20
371,20180621,914,64000,52
372,20180621,915,63900,186
373,20180621,916,64200,122
374,20180621,917,64100,83
375,20180621,918,63900,144
376,20180621,919,64000,199
377,20180621,920,64000,8
378,20180621,921,63900,1
379,20180621,922,63900,824
380,20180621,923,63900,706
381,20180621,924,63700,3
382,20180621,925,63600,209
383,20180621,926,63500,43
384,20180621,927,63500,2
385,20180621,928,63500,10
386,20180621,929,63500,817
387,20180621,930,63600,177
388,20180621,931,63600,238
389,20180621,932,63600,127
390,20180621,933,63500,69
391,20180621,934,63500,160
392,20180621,935,63600,46
393,20180621,936,63500,184
394,20180621,937,63600,98
395,20180621,938,63500,7
396,20180621,939,63500,33
397,20180621,940,63600,37
398,20180621,941,63500,6
399,20180621,942,63500,2
400,20180621,943,63600,359
401,20180621,944,63600,282
402,20180621,945,63600,24
403,20180621,946,63600,453
404,20180621,947,63600,29
405,20180621,948,63600,11
406,20180621,949,63600,7
407,20180621,950,63600,40
408,20180621,951,63600,3980
409,20180621,952,63500,139
410,20180621,953,63500,4
411,20180621,954,63500,13
412,20180621,955,63600,2
413,20180621,956,63500,16
414,20180621,957,63500,7
415,20180621,958,63600,196
416,20180621,959,63800,73
417,20180621,1000,63800,22
418,20180621,1001,63700,10
419,20180621,1002,63700,1074
420,20180621,1003,63700,98
421,20180621,1004,63600,37
422,20180621,1005,63600,1
423,20180621,1006,63600,3
424,20180621,1007,63600,3
425,20180621,1008,63600,1
426,20180621,1009,63600,842
427,20180621,1010,63600,1
428,20180621,1011,63800,35
429,20180621,1012,63800,79
430,20180621,1013,63700,42
431,20180621,1014,63600,2
432,20180621,1015,63600,1
433,20180621,1016,63600,253
434,20180621,1018,63700,109
435,20180621,1019,63700,4
436,20180621,1020,63600,337
437,20180621,1021,63500,2
438,20180621,1022,63600,116
439,20180621,1023,63500,13
440,20180621,1024,63600,864
441,20180621,1025,63800,53
442,20180621,1026,63700,2
443,20180621,1028,63800,247
444,20180621,1029,63800,39
445,20180621,1030,63800,110
446,20180621,1032,63900,4
447,20180621,1033,63900,12
448,20180621,1034,63800,13
449,20180621,1035,63800,3
450,20180621,1036,63800,2
451,20180621,1037,63800,12
452,20180621,1038,63900,460
453,20180621,1039,63800,2
454,20180621,1040,63900,12
455,20180621,1041,63900,78
456,20180621,1042,63800,113
457,20180621,1043,63800,902
458,20180621,1044,63700,45
459,20180621,1045,63700,5
460,20180621,1046,63600,318
461,20180621,1048,63500,2
462,20180621,1049,63500,73
463,20180621,1050,63500,21
464,20180621,1051,63600,33
465,20180621,1052,63500,3
466,20180621,1053,63600,477
467,20180621,1054,63700,48
468,20180621,1055,63700,151
469,20180621,1056,63800,25
470,20180621,1057,63800,188
471,20180621,1058,63800,205
472,20180621,1059,63900,195
473,20180621,1100,64000,124
474,20180621,1101,64000,3
475,20180621,1102,64000,38
476,20180621,1103,64000,2
477,20180621,1104,64100,4
478,20180621,1105,64000,1
479,20180621,1106,64000,2
480,20180621,1107,64000,17
481,20180621,1108,64000,1
482,20180621,1109,64000,120
483,20180621,1110,64000,21
484,20180621,1111,64000,24
485,20180621,1112,64000,30
486,20180621,1113,64000,169
487,20180621,1114,64000,12
488,20180621,1115,64000,202
489,20180621,1116,64000,241
490,20180621,1117,64000,2
491,20180621,1119,63900,1
492,20180621,1120,63900,14
493,20180621,1121,63900,434
494,20180621,1122,63700,1
495,20180621,1123,63800,2
496,20180621,1125,63700,5
497,20180621,1126,63800,1
498,20180621,1127,63700,22
499,20180621,1128,63800,1
500,20180621,1129,63700,5
501,20180621,1130,63700,1052
502,20180621,1131,63600,11
503,20180621,1132,63500,1
504,20180621,1133,63500,8
505,20180621,1134,63500,9
506,20180621,1135,63500,8
507,20180621,1136,63600,441
508,20180621,1137,63600,63
509,20180621,1138,63600,107
510,20180621,1139,63500,19
511,20180621,1140,63600,2
512,20180621,1141,63600,179
513,20180621,1142,63600,3
514,20180621,1145,63600,163
515,20180621,1146,63500,83
516,20180621,1148,63500,1178
517,20180621,1149,63500,1192
518,20180621,1150,63500,95
519,20180621,1151,63500,4
520,20180621,1152,63500,51
521,20180621,1153,63500,21
522,20180621,1154,63500,31
523,20180621,1155,63500,13
524,20180621,1156,63400,3
525,20180621,1157,63500,26
526,20180621,1159,63400,544
527,20180621,1200,63400,6
528,20180621,1201,63400,8
529,20180621,1202,63500,3
530,20180621,1203,63400,7
531,20180621,1204,63500,2
532,20180621,1205,63400,7
533,20180621,1206,63400,7
534,20180621,1207,63400,5
535,20180621,1208,63500,3
536,20180621,1209,63400,9
537,20180621,1210,63400,5
538,20180621,1211,63400,3
539,20180621,1212,63400,6
540,20180621,1213,63400,1
541,20180621,1214,63400,1110
542,20180621,1216,63300,10
543,20180621,1218,63400,3
544,20180621,1219,63400,11
545,20180621,1220,63300,2
546,20180621,1221,63400,4
547,20180621,1222,63300,109
548,20180621,1223,63300,7
549,20180621,1224,63300,37
550,20180621,1225,63400,34
551,20180621,1226,63300,5
552,20180621,1227,63300,1607
553,20180621,1228,63200,1922
554,20180621,1229,63100,178
555,20180621,1230,63100,3
556,20180621,1231,63200,108
557,20180621,1232,63200,555
558,20180621,1233,63200,102
559,20180621,1234,63100,494
560,20180621,1235,63100,1
561,20180621,1236,63100,31
562,20180621,1237,63100,44
563,20180621,1238,63200,75
564,20180621,1239,63100,124
565,20180621,1240,63100,281
566,20180621,1242,63100,34
567,20180621,1243,63100,44
568,20180621,1244,63100,126
569,20180621,1245,63200,209
570,20180621,1246,63200,6
571,20180621,1247,63100,104
572,20180621,1248,63200,72
573,20180621,1250,63100,7
574,20180621,1252,63200,460
575,20180621,1253,63300,194
576,20180621,1256,63400,1
577,20180621,1257,63300,2
578,20180621,1258,63400,2
579,20180621,1259,63400,144
580,20180621,1300,63300,2
581,20180621,1301,63400,6
582,20180621,1302,63400,26
583,20180621,1303,63300,46
584,20180621,1304,63400,40
585,20180621,1305,63400,2
586,20180621,1306,63400,45
587,20180621,1307,63300,106
588,20180621,1308,63400,25
589,20180621,1309,63400,1
590,20180621,1310,63300,4
591,20180621,1311,63400,11
592,20180621,1312,63400,870
593,20180621,1313,63400,551
594,20180621,1314,63300,6
595,20180621,1315,63600,69
596,20180621,1316,63500,12
597,20180621,1317,63500,50
598,20180621,1318,63500,3
599,20180621,1319,63500,15
600,20180621,1320,63400,37
601,20180621,1321,63500,14
602,20180621,1322,63500,31
603,20180621,1323,63500,85
604,20180621,1324,63600,104
605,20180621,1325,63600,195
606,20180621,1326,63700,23
607,20180621,1327,63600,28
608,20180621,1328,63700,40
609,20180621,1329,63700,34
610,20180621,1330,63600,7
611,20180621,1331,63700,100
612,20180621,1332,63800,149
613,20180621,1333,63900,29
614,20180621,1334,63900,47
615,20180621,1335,63900,107
616,20180621,1336,63900,50
617,20180621,1337,63900,83
618,20180621,1338,63800,17
619,20180621,1339,63900,117
620,20180621,1340,63800,25
621,20180621,1341,63900,173
622,20180621,1342,63900,50
623,20180621,1343,63800,223
624,20180621,1344,63900,32
625,20180621,1345,63900,14
626,20180621,1346,63900,38
627,20180621,1347,63900,12
628,20180621,1348,63900,23
629,20180621,1349,63900,21
630,20180621,1350,63800,19
631,20180621,1351,63900,13
632,20180621,1352,63900,285
633,20180621,1353,63700,206
634,20180621,1354,63600,34
635,20180621,1355,63600,23
636,20180621,1356,63600,30
637,20180621,1357,63600,11
638,20180621,1358,63500,74
639,20180621,1359,63600,40
640,20180621,1400,63600,20
641,20180621,1401,63600,15
642,20180621,1402,63600,82
643,20180621,1403,63400,26
644,20180621,1404,63500,519
645,20180621,1405,63700,20
646,20180621,1406,63600,32
647,20180621,1407,63700,14
648,20180621,1408,63700,23
649,20180621,1409,63600,213
650,20180621,1410,63800,24
651,20180621,1411,63800,32
652,20180621,1412,63700,35
653,20180621,1413,63800,22
654,20180621,1414,63800,10
655,20180621,1415,63800,431
656,20180621,1416,63700,7
657,20180621,1417,63700,38
658,20180621,1418,63700,6
659,20180621,1419,63600,36
660,20180621,1420,63600,22
661,20180621,1421,63700,137
662,20180621,1422,63600,191
663,20180621,1423,63600,130
664,20180621,1424,63500,160
665,20180621,1425,63400,119
666,20180621,1426,63400,20
667,20180621,1427,63400,474
668,20180621,1428,63500,7
669,20180621,1429,63500,41
670,20180621,1430,63500,18
671,20180621,1431,63500,24
672,20180621,1432,63500,23
673,20180621,1433,63500,25
674,20180621,1434,63500,13
675,20180621,1435,63400,43
676,20180621,1436,63500,9
677,20180621,1437,63500,25
678,20180621,1438,63400,401
679,20180621,1439,63400,35
680,20180621,1440,63400,47
681,20180621,1441,63300,28
682,20180621,1442,63400,20
683,20180621,1443,63400,347
684,20180621,1444,63300,279
685,20180621,1445,63200,34
686,20180621,1446,63300,131
687,20180621,1447,63300,31
688,20180621,1448,63200,673
689,20180621,1449,63300,153
690,20180621,1450,63200,29
691,20180621,1451,63200,120
692,20180621,1452,63200,1134
693,20180621,1453,63100,180
694,20180621,1454,63100,40
695,20180621,1455,63100,453
696,20180621,1456,63200,69
697,20180621,1457,63100,368
698,20180621,1458,63300,85
699,20180621,1459,63400,6
700,20180621,1500,63400,57
701,20180621,1501,63400,37
702,20180621,1502,63300,268
703,20180621,1503,63100,106
704,20180621,1504,63100,288
705,20180621,1505,63100,17
706,20180621,1506,63000,336
707,20180621,1507,63000,506
708,20180621,1508,63000,890
709,20180621,1509,62900,132
710,20180621,1510,63000,10
711,20180621,1511,63000,99
712,20180621,1512,63000,123
713,20180621,1513,63100,12
714,20180621,1514,63100,1
715,20180621,1515,63000,23
716,20180621,1516,63000,137
717,20180621,1517,63100,55
718,20180621,1518,63000,506
719,20180621,1519,63000,50
720,20180621,1520,63100,242
721,20180621,1530,63000,1856
722,20180622,901,62200,890
723,20180622,902,62200,272
724,20180622,903,62300,238
725,20180622,904,62500,557
726,20180622,905,62500,257
727,20180622,906,62400,148
728,20180622,907,62900,292
729,20180622,908,62500,419
730,20180622,909,62500,18
731,20180622,910,62600,506
732,20180622,911,62800,365
733,20180622,912,62700,194
734,20180622,913,62800,514
735,20180622,914,62600,23
736,20180622,915,62600,53
737,20180622,916,62600,713
738,20180622,917,62900,208
739,20180622,918,62700,38
740,20180622,919,62600,133
741,20180622,920,62600,480
742,20180622,921,62400,90
743,20180622,922,62400,92
744,20180622,923,62300,238
745,20180622,924,62200,256
746,20180622,925,62200,145
747,20180622,926,62100,447
748,20180622,927,62300,170
749,20180622,928,62500,1286
750,20180622,929,62600,14
751,20180622,930,62800,4
752,20180622,931,62800,35
753,20180622,932,62800,285
754,20180622,933,62700,46
755,20180622,934,62500,203
756,20180622,935,62500,12
757,20180622,936,62500,25
758,20180622,937,62600,329
759,20180622,938,62600,142
760,20180622,939,62500,64
761,20180622,940,62500,27
762,20180622,941,62500,21
763,20180622,942,62600,1006
764,20180622,943,62800,7
765,20180622,944,62800,12
766,20180622,945,62900,263
767,20180622,946,62800,167
768,20180622,947,62800,171
769,20180622,948,62800,20
770,20180622,949,62700,99
771,20180622,950,62700,190
772,20180622,951,62700,353
773,20180622,952,62600,209
774,20180622,953,62700,158
775,20180622,954,62700,7
776,20180622,955,62600,1
777,20180622,956,62700,100
778,20180622,957,62600,17
779,20180622,958,62600,1112
780,20180622,959,62600,196
781,20180622,1000,62700,96
782,20180622,1001,62800,28
783,20180622,1002,62900,196
784,20180622,1003,62900,112
785,20180622,1004,62900,271
786,20180622,1005,62900,123
787,20180622,1006,62700,60
788,20180622,1007,62600,31
789,20180622,1008,62600,1
790,20180622,1009,62600,400
791,20180622,1010,62700,473
792,20180622,1011,62700,68
793,20180622,1012,62600,35
794,20180622,1013,62600,10
795,20180622,1014,62600,232
796,20180622,1015,62600,1249
797,20180622,1016,62600,175
798,20180622,1017,62500,120
799,20180622,1018,62600,20
800,20180622,1019,62600,17
801,20180622,1020,62500,383
802,20180622,1021,62800,6
803,20180622,1022,62800,107
804,20180622,1023,62900,70
805,20180622,1024,62800,557
806,20180622,1025,62900,4126
807,20180622,1026,63200,126
808,20180622,1027,63200,763
809,20180622,1029,63400,87
810,20180622,1030,63400,12
811,20180622,1031,63400,9
812,20180622,1032,63300,952
813,20180622,1033,63400,36
814,20180622,1034,63300,4
815,20180622,1035,63300,8
816,20180622,1036,63200,10
817,20180622,1037,63200,177
818,20180622,1038,63200,17
819,20180622,1039,63100,308
820,20180622,1040,63400,154
821,20180622,1041,63400,15
822,20180622,1042,63400,67
823,20180622,1043,63300,251
824,20180622,1044,63500,136
825,20180622,1045,63600,56
826,20180622,1046,63700,208
827,20180622,1047,63800,343
828,20180622,1048,63700,80
829,20180622,1049,63700,432
830,20180622,1050,63800,39
831,20180622,1051,63800,8
832,20180622,1052,63700,168
833,20180622,1053,63800,15
834,20180622,1055,63700,737
835,20180622,1056,63700,1360
836,20180622,1057,63600,52
837,20180622,1058,63600,109
838,20180622,1059,63500,10
839,20180622,1100,63500,577
840,20180622,1101,63600,810
841,20180622,1102,63700,1198
842,20180622,1103,63900,630
843,20180622,1104,63600,755
844,20180622,1105,63500,31
845,20180622,1106,63500,1
846,20180622,1107,63500,74
847,20180622,1108,63600,645
848,20180622,1110,63700,4
849,20180622,1111,63700,20
850,20180622,1112,63600,2
851,20180622,1113,63600,178
852,20180622,1114,63700,14
853,20180622,1115,63600,70
854,20180622,1116,63600,118
855,20180622,1117,63600,190
856,20180622,1118,63700,66
857,20180622,1119,63700,138
858,20180622,1120,63600,448
859,20180622,1121,63900,375
860,20180622,1123,63900,11
861,20180622,1124,63800,15
862,20180622,1125,63800,272
863,20180622,1126,63600,100
864,20180622,1127,63600,37
865,20180622,1128,63600,21
866,20180622,1129,63500,18
867,20180622,1130,63600,15
868,20180622,1131,63600,7
869,20180622,1132,63500,1040
870,20180622,1133,63700,250
871,20180622,1134,63800,47
872,20180622,1135,63500,15
873,20180622,1136,63700,266
874,20180622,1137,63700,6
875,20180622,1138,63500,62
876,20180622,1139,63600,16
877,20180622,1140,63500,311
878,20180622,1141,63700,37
879,20180622,1142,63800,4
880,20180622,1143,63700,6
881,20180622,1144,63800,43
882,20180622,1145,63700,18
883,20180622,1146,63700,569
884,20180622,1147,63900,130
885,20180622,1148,63900,404
886,20180622,1149,63900,565
887,20180622,1150,64000,153
888,20180622,1151,64000,147
889,20180622,1152,63900,236
890,20180622,1153,64000,86
891,20180622,1154,64100,22
892,20180622,1155,64000,18
893,20180622,1156,64000,70
894,20180622,1157,64100,818
895,20180622,1158,64300,161
896,20180622,1159,64200,324
897,20180622,1200,64200,110
898,20180622,1201,64100,39
899,20180622,1202,64200,114
900,20180622,1203,64200,485
901,20180622,1204,64500,8
902,20180622,1205,64400,85
903,20180622,1206,64400,192
904,20180622,1207,64300,77
905,20180622,1208,64400,80
906,20180622,1209,64300,90
907,20180622,1210,64300,211
908,20180622,1211,64300,307
909,20180622,1212,64100,85
910,20180622,1213,64200,10
911,20180622,1214,64100,82
912,20180622,1215,64100,5
913,20180622,1216,64200,8
914,20180622,1218,64100,6
915,20180622,1219,64100,52
916,20180622,1220,64200,287
917,20180622,1222,64400,1367
918,20180622,1224,64400,1
919,20180622,1225,64400,65
920,20180622,1226,64500,302
921,20180622,1227,64400,1176
922,20180622,1228,64400,4
923,20180622,1229,64300,68
924,20180622,1231,64400,6
925,20180622,1232,64300,450
926,20180622,1233,64200,17
927,20180622,1234,64300,5
928,20180622,1235,64300,20
929,20180622,1236,64200,11
930,20180622,1237,64300,5
931,20180622,1238,64300,5
932,20180622,1239,64200,48
933,20180622,1240,64300,4
934,20180622,1241,64300,4
935,20180622,1242,64200,138
936,20180622,1243,64200,70
937,20180622,1244,64200,367
938,20180622,1245,64100,299
939,20180622,1246,64100,114
940,20180622,1247,64200,68
941,20180622,1248,64100,6
942,20180622,1249,64000,391
943,20180622,1250,64100,36
944,20180622,1251,64100,4
945,20180622,1252,64100,86
946,20180622,1253,64000,20
947,20180622,1254,64100,3
948,20180622,1255,64100,10
949,20180622,1256,64000,72
950,20180622,1257,64000,307
951,20180622,1258,64000,155
952,20180622,1259,64100,23
953,20180622,1300,64100,22
954,20180622,1301,64000,110
955,20180622,1302,64100,86
956,20180622,1303,64100,141
957,20180622,1304,64000,66
958,20180622,1305,64100,21
959,20180622,1306,64000,6
960,20180622,1308,64100,11
961,20180622,1309,64100,77
962,20180622,1310,64100,168
963,20180622,1311,64100,28
964,20180622,1312,64000,224
965,20180622,1313,64000,31
966,20180622,1314,64000,92
967,20180622,1315,63900,62
968,20180622,1316,63900,7
969,20180622,1317,64000,14
970,20180622,1318,64000,67
971,20180622,1319,64000,304
972,20180622,1320,64000,6
973,20180622,1321,63900,14
974,20180622,1322,64000,294
975,20180622,1323,63900,5
976,20180622,1324,64000,10
977,20180622,1325,63900,4
978,20180622,1326,63900,83
979,20180622,1327,63900,239
980,20180622,1328,63900,63
981,20180622,1329,63900,17
982,20180622,1330,63900,121
983,20180622,1331,63900,35
984,20180622,1332,63800,15
985,20180622,1333,63800,84
986,20180622,1334,63900,14
987,20180622,1335,63900,525
988,20180622,1336,64000,59
989,20180622,1337,64000,325
990,20180622,1338,64000,123
991,20180622,1339,64000,144
992,20180622,1340,64000,1120
993,20180622,1341,64200,620
994,20180622,1342,64300,9
995,20180622,1343,64200,85
996,20180622,1344,64300,708
997,20180622,1345,64300,75
998,20180622,1346,64300,40
999,20180622,1347,64400,62
1000,20180622,1348,64300,401
1001,20180622,1349,64400,515
1002,20180622,1350,64000,50
1003,20180622,1351,64100,5
1004,20180622,1352,64100,311
1005,20180622,1353,64000,99
1006,20180622,1354,64000,70
1007,20180622,1355,64000,10
1008,20180622,1356,63900,62
1009,20180622,1357,63900,986
1010,20180622,1359,63800,74
1011,20180622,1400,63900,74
1012,20180622,1402,63900,5
1013,20180622,1403,63800,527
1014,20180622,1404,64100,1
1015,20180622,1405,64000,129
1016,20180622,1406,63900,47
1017,20180622,1407,63800,84
1018,20180622,1408,63900,154
1019,20180622,1409,64000,107
1020,20180622,1410,64000,4
1021,20180622,1411,64000,6
1022,20180622,1412,64000,73
1023,20180622,1413,64000,25
1024,20180622,1414,64000,71
1025,20180622,1415,64000,77
1026,20180622,1416,64000,11
1027,20180622,1417,64000,2
1028,20180622,1418,64000,16
1029,20180622,1419,64100,10
1030,20180622,1420,64000,289
1031,20180622,1421,64000,37
1032,20180622,1422,63900,72
1033,20180622,1423,63900,150
1034,20180622,1424,63900,124
1035,20180622,1425,63900,284
1036,20180622,1426,63900,527
1037,20180622,1427,64200,62
1038,20180622,1428,64100,40
1039,20180622,1429,64000,25
1040,20180622,1430,64000,30
1041,20180622,1431,64100,239
1042,20180622,1432,64100,20
1043,20180622,1433,64100,111
1044,20180622,1434,64100,15
1045,20180622,1435,64000,15
1046,20180622,1436,64000,115
1047,20180622,1437,64000,253
1048,20180622,1438,63900,187
1049,20180622,1439,64100,7
1050,20180622,1440,64100,64
1051,20180622,1441,64000,66
1052,20180622,1442,64000,117
1053,20180622,1443,64000,148
1054,20180622,1444,63900,14
1055,20180622,1445,64000,722
1056,20180622,1446,64200,121
1057,20180622,1447,64200,154
1058,20180622,1448,64200,10
1059,20180622,1449,64100,78
1060,20180622,1450,64200,13
1061,20180622,1451,64100,103
1062,20180622,1452,64200,70
1063,20180622,1453,64200,46
1064,20180622,1454,64200,101
1065,20180622,1455,64100,1093
1066,20180622,1456,64200,29
1067,20180622,1457,64200,146
1068,20180622,1458,64100,70
1069,20180622,1459,64100,204
1070,20180622,1500,64100,12
1071,20180622,1501,64100,391
1072,20180622,1502,64200,9
1073,20180622,1503,64200,10
1074,20180622,1504,64300,12
1075,20180622,1505,64300,663
1076,20180622,1506,64300,40
1077,20180622,1507,64300,94
1078,20180622,1508,64400,16
1079,20180622,1509,64300,4
1080,20180622,1510,64300,738
1081,20180622,1511,64400,37
1082,20180622,1512,64400,1002
1083,20180622,1513,64500,188
1084,20180622,1514,64400,1610
1085,20180622,1515,64500,5
1086,20180622,1516,64500,32
1087,20180622,1517,64600,61
1088,20180622,1518,64600,117
1089,20180622,1519,64600,439
1090,20180622,1520,64500,384
1091,20180622,1530,64700,4965
0,20180625,901,64100,376
1,20180625,902,64000,421
2,20180625,903,63900,374
3,20180625,904,63800,101
4,20180625,905,63800,154
5,20180625,906,63700,482
6,20180625,907,64100,61
7,20180625,908,64300,27
8,20180625,909,64000,31
9,20180625,910,64000,588
10,20180625,911,63900,55
11,20180625,912,63800,244
12,20180625,913,64000,639
13,20180625,914,64000,35
14,20180625,915,64000,438
15,20180625,916,63900,339
16,20180625,917,63800,517
17,20180625,918,63700,301
18,20180625,919,63800,8
19,20180625,920,63800,72
20,20180625,921,63700,605
21,20180625,922,63500,68
22,20180625,923,63500,174
23,20180625,924,63700,21
24,20180625,925,63600,162
25,20180625,926,63700,161
26,20180625,927,63700,41
27,20180625,928,63700,157
28,20180625,929,63700,12
29,20180625,930,63700,382
30,20180625,931,63600,54
31,20180625,932,63600,137
32,20180625,933,63600,370
33,20180625,934,63700,225
34,20180625,935,63900,104
35,20180625,936,63900,284
36,20180625,937,63900,16
37,20180625,938,63900,86
38,20180625,939,63800,15
39,20180625,940,63800,278
40,20180625,941,63800,545
41,20180625,942,63600,126
42,20180625,943,63600,231
43,20180625,944,63600,934
44,20180625,945,63600,3
45,20180625,946,63600,140
46,20180625,947,63600,1653
47,20180625,948,63500,1331
48,20180625,949,63300,575
49,20180625,950,63400,148
50,20180625,951,63300,498
51,20180625,952,63400,135
52,20180625,953,63600,81
53,20180625,954,63400,23
54,20180625,955,63400,118
55,20180625,956,63500,78
56,20180625,957,63500,46
57,20180625,958,63700,61
58,20180625,959,63700,16
59,20180625,1000,63600,26
60,20180625,1001,63500,118
61,20180625,1002,63800,87
62,20180625,1003,63700,115
63,20180625,1004,63800,5
64,20180625,1005,63800,5
65,20180625,1006,63800,17
66,20180625,1007,63700,6
67,20180625,1008,63700,22
68,20180625,1009,63700,87
69,20180625,1010,63700,89
70,20180625,1011,63800,141
71,20180625,1012,63800,126
72,20180625,1013,63900,4
73,20180625,1014,63800,22
74,20180625,1015,63900,150
75,20180625,1016,63900,75
76,20180625,1017,63800,135
77,20180625,1018,63900,18
78,20180625,1019,63800,841
79,20180625,1020,63800,108
80,20180625,1021,63800,57
81,20180625,1022,63800,22
82,20180625,1023,63900,776
83,20180625,1024,63700,75
84,20180625,1025,63600,122
85,20180625,1026,63700,660
86,20180625,1027,63900,2
87,20180625,1028,63800,34
88,20180625,1029,63900,22
89,20180625,1030,63900,32
90,20180625,1031,63900,164
91,20180625,1032,64000,9
92,20180625,1033,64000,12
93,20180625,1034,63900,42
94,20180625,1035,63900,125
95,20180625,1036,63800,219
96,20180625,1037,63900,24
97,20180625,1038,63800,6
98,20180625,1039,63700,39
99,20180625,1040,63800,49
100,20180625,1041,63800,117
101,20180625,1042,64000,30
102,20180625,1043,64000,51
103,20180625,1044,63900,38
104,20180625,1045,64000,221
105,20180625,1046,64100,69
106,20180625,1047,64200,458
107,20180625,1048,63900,56
108,20180625,1049,63900,398
109,20180625,1050,64100,88
110,20180625,1051,64100,84
111,20180625,1052,64000,447
112,20180625,1053,64300,53
113,20180625,1054,64300,53
114,20180625,1055,64200,20
115,20180625,1056,64300,14
116,20180625,1057,64200,39
117,20180625,1058,64300,174
118,20180625,1059,64300,54
119,20180625,1100,64400,309
120,20180625,1101,64600,22
121,20180625,1102,64500,21
122,20180625,1103,64600,66
123,20180625,1104,64600,383
124,20180625,1105,64800,224
125,20180625,1106,64800,47
126,20180625,1107,64700,28
127,20180625,1108,64800,478
128,20180625,1109,64600,763
129,20180625,1110,64700,211
130,20180625,1111,64600,1251
131,20180625,1112,64900,574
132,20180625,1113,64700,661
133,20180625,1114,64600,582
134,20180625,1115,64600,218
135,20180625,1116,64600,567
136,20180625,1117,64600,50
137,20180625,1118,64600,1192
138,20180625,1119,64400,118
139,20180625,1120,64400,108
140,20180625,1121,64300,34
141,20180625,1122,64200,15
142,20180625,1123,64500,12
143,20180625,1124,64500,175
144,20180625,1125,64500,100
145,20180625,1126,64400,4
146,20180625,1127,64400,35
147,20180625,1128,64400,15
148,20180625,1129,64400,18
149,20180625,1130,64500,49
150,20180625,1131,64500,58
151,20180625,1132,64500,376
152,20180625,1133,64500,17
153,20180625,1134,64400,25
154,20180625,1135,64500,4
155,20180625,1136,64400,87
156,20180625,1137,64500,50
157,20180625,1138,64500,72
158,20180625,1139,64500,151
159,20180625,1140,64600,3
160,20180625,1141,64500,31
161,20180625,1142,64500,4
162,20180625,1143,64600,42
163,20180625,1144,64600,139
164,20180625,1145,64600,148
165,20180625,1146,64500,2
166,20180625,1147,64400,3
167,20180625,1148,64400,4
168,20180625,1149,64400,5
169,20180625,1150,64500,26
170,20180625,1151,64500,22
171,20180625,1152,64500,7
172,20180625,1153,64500,6
173,20180625,1154,64400,33
174,20180625,1155,64400,3
175,20180625,1156,64500,7
176,20180625,1157,64400,406
177,20180625,1158,64300,4
178,20180625,1159,64300,6
179,20180625,1200,64400,3
180,20180625,1201,64400,94
181,20180625,1202,64300,126
182,20180625,1203,64300,43
183,20180625,1204,64300,3
184,20180625,1205,64300,5
185,20180625,1206,64300,180
186,20180625,1207,64300,12
187,20180625,1208,64300,253
188,20180625,1209,64300,4
189,20180625,1210,64400,6
190,20180625,1211,64400,142
191,20180625,1212,64300,18
192,20180625,1213,64300,45
193,20180625,1214,64400,2
194,20180625,1215,64300,31
195,20180625,1216,64400,29
196,20180625,1217,64400,33
197,20180625,1218,64400,6
198,20180625,1219,64400,13
199,20180625,1220,64300,77
200,20180625,1221,64400,49
201,20180625,1222,64400,42
202,20180625,1223,64300,30
203,20180625,1224,64400,66
204,20180625,1225,64300,6
205,20180625,1226,64300,21
206,20180625,1227,64400,66
207,20180625,1228,64300,23
208,20180625,1229,64400,226
209,20180625,1230,64400,5
210,20180625,1231,64400,814
211,20180625,1232,64500,29
212,20180625,1233,64600,217
213,20180625,1234,64500,201
214,20180625,1235,64600,267
215,20180625,1236,64400,35
216,20180625,1237,64500,85
217,20180625,1238,64500,53
218,20180625,1239,64500,27
219,20180625,1240,64500,49
220,20180625,1241,64500,91
221,20180625,1242,64500,26
222,20180625,1243,64500,6
223,20180625,1244,64500,16
224,20180625,1245,64600,27
225,20180625,1246,64500,16
226,20180625,1247,64500,289
227,20180625,1248,64600,302
228,20180625,1249,64700,98
229,20180625,1250,64600,3
230,20180625,1251,64700,22
231,20180625,1252,64700,68
232,20180625,1253,64700,215
233,20180625,1254,64600,7
234,20180625,1255,64600,444
235,20180625,1256,64700,28
236,20180625,1257,64700,87
237,20180625,1258,64700,18
238,20180625,1259,64600,3
239,20180625,1300,64600,5
240,20180625,1301,64700,359
241,20180625,1302,64600,73
242,20180625,1303,64500,38
243,20180625,1304,64600,5
244,20180625,1305,64500,5
245,20180625,1306,64500,178
246,20180625,1307,64500,117
247,20180625,1308,64600,258
248,20180625,1309,64600,38
249,20180625,1310,64600,46
250,20180625,1311,64700,42
251,20180625,1312,64700,89
252,20180625,1313,64600,113
253,20180625,1314,64700,79
254,20180625,1315,64700,37
255,20180625,1316,64700,2
256,20180625,1317,64700,42
257,20180625,1318,64600,19
258,20180625,1319,64600,210
259,20180625,1320,64600,100
260,20180625,1321,64500,745
261,20180625,1322,64400,7
262,20180625,1323,64300,2
263,20180625,1324,64400,46
264,20180625,1325,64400,208
265,20180625,1326,64300,58
266,20180625,1327,64300,14
267,20180625,1328,64400,24
268,20180625,1329,64200,685
269,20180625,1330,64200,31
270,20180625,1331,64200,46
271,20180625,1332,64100,5
272,20180625,1333,64100,6
273,20180625,1334,64200,139
274,20180625,1335,64100,7
275,20180625,1336,64200,50
276,20180625,1337,64100,225
277,20180625,1338,64200,96
278,20180625,1339,64200,118
279,20180625,1340,64100,39
280,20180625,1341,64200,110
281,20180625,1342,64100,36
282,20180625,1343,64100,81
283,20180625,1344,64200,37
284,20180625,1345,64100,120
285,20180625,1346,64100,14
286,20180625,1347,64200,16
287,20180625,1348,64200,728
288,20180625,1349,64300,15
289,20180625,1350,64300,6
290,20180625,1351,64300,16
291,20180625,1352,64300,10
292,20180625,1353,64300,36
293,20180625,1354,64300,30
294,20180625,1355,64300,8
295,20180625,1356,64200,221
296,20180625,1357,64200,2793
297,20180625,1358,64000,305
298,20180625,1359,64000,155
299,20180625,1400,64000,15
300,20180625,1401,64100,213
301,20180625,1402,64100,268
302,20180625,1403,64000,539
303,20180625,1404,64000,32
304,20180625,1405,64000,33
305,20180625,1406,63900,81
306,20180625,1407,64000,181
307,20180625,1408,64000,13
308,20180625,1409,64000,70
309,20180625,1410,64000,13
310,20180625,1411,64000,4
311,20180625,1412,63900,39
312,20180625,1413,63900,7
313,20180625,1414,63900,76
314,20180625,1415,63900,674
315,20180625,1416,63900,317
316,20180625,1417,63900,72
317,20180625,1418,63900,54
318,20180625,1419,63900,370
319,20180625,1420,63800,32
320,20180625,1421,63900,275
321,20180625,1422,63800,11
322,20180625,1423,63800,623
323,20180625,1424,63900,140
324,20180625,1425,63900,32
325,20180625,1426,63900,130
326,20180625,1427,63900,58
327,20180625,1428,63900,26
328,20180625,1429,63800,30
329,20180625,1430,63900,117
330,20180625,1431,63900,1883
331,20180625,1432,63800,271
332,20180625,1433,63800,25
333,20180625,1434,63700,1119
334,20180625,1435,63600,250
335,20180625,1436,63700,95
336,20180625,1437,63600,27
337,20180625,1438,63600,18
338,20180625,1439,63600,11
339,20180625,1440,63600,65
340,20180625,1441,63700,576
341,20180625,1442,63800,718
342,20180625,1443,63900,19
343,20180625,1444,63800,29
344,20180625,1445,63800,32
345,20180625,1446,63800,64
346,20180625,1447,63800,7
347,20180625,1448,63800,62
348,20180625,1449,63800,13
349,20180625,1450,63800,21
350,20180625,1451,63900,68
351,20180625,1452,63800,24
352,20180625,1453,63800,101
353,20180625,1454,63800,449
354,20180625,1455,63800,1667
355,20180625,1456,64100,291
356,20180625,1457,63900,17
357,20180625,1458,63800,1146
358,20180625,1459,64000,111
359,20180625,1500,64000,20
360,20180625,1501,64100,25
361,20180625,1502,64000,40
362,20180625,1503,64000,321
363,20180625,1504,64100,502
364,20180625,1505,64100,207
365,20180625,1506,64200,57
366,20180625,1507,64200,303
367,20180625,1508,64200,4
368,20180625,1509,64300,8
369,20180625,1510,64200,5
370,20180625,1511,64300,469
371,20180625,1512,64300,7
372,20180625,1513,64400,304
373,20180625,1514,64300,711
374,20180625,1515,64500,343
375,20180625,1516,64400,1
376,20180625,1517,64400,147
377,20180625,1518,64500,125
378,20180625,1519,64500,573
379,20180625,1520,64700,122
380,20180625,1530,64700,4095
0,20180626,901,64700,457
1,20180626,902,64700,253
2,20180626,903,64500,524
3,20180626,904,64300,141
4,20180626,905,64300,51
5,20180626,906,64000,200
6,20180626,907,64100,1
7,20180626,908,64000,158
8,20180626,909,64100,510
9,20180626,910,64500,381
10,20180626,911,64400,1
11,20180626,912,64400,476
12,20180626,913,64100,334
13,20180626,914,64200,603
14,20180626,915,63900,372
15,20180626,916,63800,1089
16,20180626,917,63800,362
17,20180626,918,64100,95
18,20180626,919,64100,3
19,20180626,921,64000,70
20,20180626,922,64000,1
21,20180626,923,64100,436
22,20180626,924,64200,531
23,20180626,925,64400,44
24,20180626,927,64400,142
25,20180626,928,64300,239
26,20180626,929,64000,686
27,20180626,930,64300,3
28,20180626,931,64300,670
29,20180626,932,64000,23
30,20180626,933,64000,146
31,20180626,934,63900,29
32,20180626,935,64000,6
33,20180626,936,64000,273
34,20180626,937,63900,86
35,20180626,938,63900,229
36,20180626,939,63800,25
37,20180626,940,63800,87
38,20180626,941,63700,521
39,20180626,942,63700,235
40,20180626,943,63700,69
41,20180626,944,63800,3
42,20180626,945,63800,170
43,20180626,946,63900,3
44,20180626,947,63900,951
45,20180626,948,63900,6
46,20180626,949,63800,43
47,20180626,950,63800,161
48,20180626,952,63900,279
49,20180626,953,63800,4
50,20180626,954,63800,84
51,20180626,955,63800,16
52,20180626,956,63800,95
53,20180626,957,63800,3
54,20180626,958,63800,1
55,20180626,959,63900,4
56,20180626,1000,63800,1
57,20180626,1001,63900,3
58,20180626,1002,63900,3
59,20180626,1003,63900,15
60,20180626,1004,63800,712
61,20180626,1005,64000,228
62,20180626,1006,64100,102
63,20180626,1007,64100,4
64,20180626,1008,64000,9
65,20180626,1009,64100,238
66,20180626,1010,64000,12
67,20180626,1011,64000,4
68,20180626,1012,64000,12
69,20180626,1013,64100,783
70,20180626,1014,64200,1
71,20180626,1015,64200,9
72,20180626,1016,64300,2
73,20180626,1017,64300,11
74,20180626,1018,64200,31
75,20180626,1019,64200,1
76,20180626,1020,64200,273
77,20180626,1021,64200,417
78,20180626,1022,64200,93
79,20180626,1023,64100,20
80,20180626,1024,64100,121
81,20180626,1025,64100,14
82,20180626,1026,64200,40
83,20180626,1027,64000,8
84,20180626,1028,64100,7
85,20180626,1029,64000,75
86,20180626,1030,64100,14
87,20180626,1031,64100,1
88,20180626,1032,64000,128
89,20180626,1033,64000,33
90,20180626,1034,64100,21
91,20180626,1035,64100,1
92,20180626,1036,64100,683
93,20180626,1037,64000,27
94,20180626,1038,64000,3
95,20180626,1039,63900,127
96,20180626,1040,64000,13
97,20180626,1041,64000,21
98,20180626,1042,63900,2
99,20180626,1043,63900,7
100,20180626,1044,64000,11
101,20180626,1045,64000,8
102,20180626,1046,63900,7
103,20180626,1047,64000,2
104,20180626,1048,64000,46
105,20180626,1049,63900,10
106,20180626,1050,63900,4
107,20180626,1051,64000,81
108,20180626,1052,63900,7
109,20180626,1053,63900,23
110,20180626,1054,63900,55
111,20180626,1055,64000,499
112,20180626,1056,64000,17
113,20180626,1057,63900,77
114,20180626,1058,64000,14
115,20180626,1059,64000,66
116,20180626,1100,64100,4
117,20180626,1101,64100,14
118,20180626,1102,64000,10
119,20180626,1103,64100,14
120,20180626,1104,64000,8
121,20180626,1105,64000,311
122,20180626,1106,63800,10
123,20180626,1107,63900,2
124,20180626,1108,63900,242
125,20180626,1109,63800,303
126,20180626,1110,63800,796
127,20180626,1111,63700,19
128,20180626,1112,63700,491
129,20180626,1113,63600,10
130,20180626,1114,63600,20
131,20180626,1115,63600,9
132,20180626,1116,63600,31
133,20180626,1117,63600,51
134,20180626,1118,63600,57
135,20180626,1119,63700,30
136,20180626,1120,63700,34
137,20180626,1121,63700,28
138,20180626,1122,63600,381
139,20180626,1123,63600,10
140,20180626,1124,63700,83
141,20180626,1125,63700,26
142,20180626,1126,63700,394
143,20180626,1127,63500,115
144,20180626,1128,63500,33
145,20180626,1129,63500,36
146,20180626,1130,63400,82
147,20180626,1131,63400,749
148,20180626,1132,63900,140
149,20180626,1133,63600,279
150,20180626,1134,63600,1
151,20180626,1135,63600,262
152,20180626,1136,63800,36
153,20180626,1137,63800,8
154,20180626,1138,63900,47
155,20180626,1139,63800,81
156,20180626,1140,63800,42
157,20180626,1141,63800,1
158,20180626,1142,63800,12
159,20180626,1143,63900,3
160,20180626,1144,63900,21
161,20180626,1145,63800,14
162,20180626,1147,63900,11
163,20180626,1148,63900,88
164,20180626,1149,63800,13
165,20180626,1150,63800,433
166,20180626,1151,63800,1
167,20180626,1152,63800,59
168,20180626,1153,63800,4
169,20180626,1154,63900,14
170,20180626,1155,63800,1
171,20180626,1156,63800,2
172,20180626,1157,63800,8
173,20180626,1158,63900,4
174,20180626,1159,63900,11
175,20180626,1200,63900,2
176,20180626,1202,63800,12
177,20180626,1203,63900,4
178,20180626,1204,63800,985
179,20180626,1205,63900,1
180,20180626,1206,64000,556
181,20180626,1207,64000,21
182,20180626,1208,64100,3
183,20180626,1209,64000,652
184,20180626,1210,64000,356
185,20180626,1211,64100,120
186,20180626,1212,64100,156
187,20180626,1213,64200,43
188,20180626,1214,64300,67
189,20180626,1215,64100,6
190,20180626,1216,64000,12
191,20180626,1217,64000,42
192,20180626,1218,64000,1
193,20180626,1219,64000,9
194,20180626,1220,64100,53
195,20180626,1221,64000,92
196,20180626,1222,64000,19
197,20180626,1223,64000,10
198,20180626,1225,64100,11
199,20180626,1226,64000,10
200,20180626,1227,64000,5
201,20180626,1228,64000,8
202,20180626,1230,64000,3
203,20180626,1231,64000,747
204,20180626,1232,64300,1
205,20180626,1233,64400,144
206,20180626,1234,64300,379
207,20180626,1235,64600,39
208,20180626,1236,64600,207
209,20180626,1237,64600,300
210,20180626,1238,64600,380
211,20180626,1239,64600,4
212,20180626,1240,64600,14
213,20180626,1241,64600,39
214,20180626,1242,64600,783
215,20180626,1243,64600,48
216,20180626,1244,64700,12
217,20180626,1245,64700,11
218,20180626,1248,64600,8
219,20180626,1249,64600,4
220,20180626,1250,64700,12
221,20180626,1252,64600,21
222,20180626,1253,64600,4
223,20180626,1254,64600,66
224,20180626,1255,64600,9
225,20180626,1256,64700,3
226,20180626,1257,64600,162
227,20180626,1258,64600,16
228,20180626,1259,64600,3
229,20180626,1300,64600,10
230,20180626,1301,64700,6
231,20180626,1302,64600,753
232,20180626,1303,64600,3
233,20180626,1304,64600,666
234,20180626,1305,64500,39
235,20180626,1306,64500,22
236,20180626,1307,64500,255
237,20180626,1308,64500,95
238,20180626,1309,64400,12
239,20180626,1310,64400,42
240,20180626,1311,64300,14
241,20180626,1312,64300,10
242,20180626,1313,64400,6
243,20180626,1314,64300,12
244,20180626,1315,64300,3
245,20180626,1316,64300,12
246,20180626,1317,64300,10
247,20180626,1318,64300,5
248,20180626,1319,64300,16
249,20180626,1320,64400,3
250,20180626,1321,64300,15
251,20180626,1322,64300,16
252,20180626,1323,64300,4
253,20180626,1324,64300,1459
254,20180626,1325,64600,4
255,20180626,1326,64600,25
256,20180626,1327,64600,11
257,20180626,1328,64600,268
258,20180626,1329,64300,12
259,20180626,1330,64400,107
260,20180626,1331,64300,14
261,20180626,1332,64300,9
262,20180626,1333,64300,3
263,20180626,1334,64300,26
264,20180626,1335,64300,114
265,20180626,1336,64200,14
266,20180626,1337,64200,70
267,20180626,1338,64200,4
268,20180626,1339,64200,15
269,20180626,1340,64300,8
270,20180626,1341,64200,11
271,20180626,1342,64200,993
272,20180626,1343,64300,13
273,20180626,1344,64300,15
274,20180626,1345,64300,158
275,20180626,1346,64300,12
276,20180626,1347,64300,7
277,20180626,1348,64300,12
278,20180626,1349,64300,8
279,20180626,1350,64400,5
280,20180626,1351,64300,13
281,20180626,1352,64300,6
282,20180626,1353,64300,12
283,20180626,1354,64300,6
284,20180626,1355,64300,13
285,20180626,1356,64300,32
286,20180626,1357,64300,5
287,20180626,1358,64300,11
288,20180626,1359,64300,7
289,20180626,1400,64300,27
290,20180626,1401,64300,13
291,20180626,1402,64400,4
292,20180626,1403,64300,129
293,20180626,1404,64300,14
294,20180626,1405,64300,15
295,20180626,1406,64300,16
296,20180626,1407,64300,792
297,20180626,1408,64100,21
298,20180626,1409,64200,13
299,20180626,1410,64100,18
300,20180626,1411,64100,7
301,20180626,1412,64200,871
302,20180626,1413,64400,17
303,20180626,1414,64500,9
304,20180626,1415,64400,18
305,20180626,1416,64400,7
306,20180626,1417,64500,323
307,20180626,1418,64400,78
308,20180626,1419,64400,224
309,20180626,1420,64500,89
310,20180626,1421,64500,227
311,20180626,1422,64600,240
312,20180626,1423,64600,609
313,20180626,1424,64600,2014
314,20180626,1425,64900,75
315,20180626,1426,64900,20
316,20180626,1427,64800,137
317,20180626,1428,64900,71
318,20180626,1429,64900,31
319,20180626,1430,64800,566
320,20180626,1431,64500,124
321,20180626,1432,64500,152
322,20180626,1433,64600,63
323,20180626,1434,64700,189
324,20180626,1435,64600,13
325,20180626,1436,64600,28
326,20180626,1437,64600,586
327,20180626,1438,64700,14
328,20180626,1439,64600,31
329,20180626,1440,64700,46
330,20180626,1441,64600,16
331,20180626,1442,64600,244
332,20180626,1443,64600,24
333,20180626,1444,64500,342
334,20180626,1445,64600,315
335,20180626,1446,64800,60
336,20180626,1447,64700,79
337,20180626,1448,64700,23
338,20180626,1449,64500,32
339,20180626,1450,64600,105
340,20180626,1451,64600,19
341,20180626,1452,64600,12
342,20180626,1453,64600,19
343,20180626,1454,64600,238
344,20180626,1455,64800,41
345,20180626,1456,64800,296
346,20180626,1457,64700,19
347,20180626,1458,64700,24
348,20180626,1459,64800,33
349,20180626,1500,64700,57
350,20180626,1501,64800,61
351,20180626,1502,64700,294
352,20180626,1503,64700,33
353,20180626,1504,64700,25
354,20180626,1505,64700,580
355,20180626,1506,64700,34
356,20180626,1507,64700,8
357,20180626,1508,64700,21
358,20180626,1509,64700,236
359,20180626,1510,64500,318
360,20180626,1511,64600,75
361,20180626,1512,64500,12
362,20180626,1513,64600,19
363,20180626,1514,64400,263
364,20180626,1515,64600,182
365,20180626,1516,64600,230
366,20180626,1517,64400,3
367,20180626,1518,64400,16
368,20180626,1519,64400,145
369,20180626,1520,64500,21
370,20180626,1530,64700,2244
371,20180627,901,63900,1065
372,20180627,902,65000,93
373,20180627,903,64100,277
374,20180627,904,64200,264
375,20180627,905,64600,301
376,20180627,906,64500,361
377,20180627,907,64900,96
378,20180627,908,64800,91
379,20180627,909,64800,134
380,20180627,910,64900,1078
381,20180627,911,65000,245
382,20180627,912,65100,1758
383,20180627,913,65500,2242
384,20180627,914,65800,132
385,20180627,915,65700,555
386,20180627,916,65700,2353
387,20180627,917,66400,1524
388,20180627,918,66400,2001
389,20180627,919,66300,452
390,20180627,920,66300,853
391,20180627,921,66200,350
392,20180627,922,66100,163
393,20180627,923,66000,2015
394,20180627,924,66300,895
395,20180627,925,66600,351
396,20180627,926,66600,1924
397,20180627,927,66800,274
398,20180627,928,66800,470
399,20180627,929,66800,1788
400,20180627,930,66900,704
401,20180627,931,66900,842
402,20180627,932,66800,1115
403,20180627,933,66800,36
404,20180627,934,66800,586
405,20180627,935,66900,198
406,20180627,936,67000,3185
407,20180627,937,67300,2541
408,20180627,938,67300,2864
409,20180627,939,67500,1443
410,20180627,940,67500,525
411,20180627,941,67300,606
412,20180627,942,67300,28
413,20180627,943,67300,129
414,20180627,944,67300,305
415,20180627,945,67400,166
416,20180627,946,67300,130
417,20180627,947,67300,633
418,20180627,948,67500,97
419,20180627,949,67400,517
420,20180627,950,67400,164
421,20180627,951,67300,69
422,20180627,952,67400,491
423,20180627,953,67200,255
424,20180627,954,67200,264
425,20180627,955,67100,690
426,20180627,956,67100,80
427,20180627,957,67200,40
428,20180627,958,67200,498
429,20180627,959,67200,363
430,20180627,1000,67100,67
431,20180627,1001,67100,68
432,20180627,1002,67200,51
433,20180627,1003,67200,271
434,20180627,1004,67200,190
435,20180627,1005,67100,162
436,20180627,1006,67200,54
437,20180627,1007,67200,375
438,20180627,1008,67100,766
439,20180627,1009,67100,1561
440,20180627,1010,66900,356
441,20180627,1011,67000,502
442,20180627,1012,66900,80
443,20180627,1013,66900,30
444,20180627,1014,67100,42
445,20180627,1015,67100,313
446,20180627,1016,67100,77
447,20180627,1017,67200,63
448,20180627,1018,67200,146
449,20180627,1019,67100,107
450,20180627,1020,67000,18
451,20180627,1021,67000,1074
452,20180627,1022,67000,166
453,20180627,1023,66900,332
454,20180627,1024,66900,748
455,20180627,1025,66900,35
456,20180627,1026,67000,564
457,20180627,1027,67000,3
458,20180627,1028,67000,71
459,20180627,1029,67000,341
460,20180627,1030,67100,721
461,20180627,1031,67200,56
462,20180627,1032,67100,152
463,20180627,1033,67000,170
464,20180627,1034,66900,642
465,20180627,1035,67100,188
466,20180627,1036,67200,28
467,20180627,1037,67200,128
468,20180627,1038,67200,179
469,20180627,1039,67200,20
470,20180627,1040,67200,146
471,20180627,1041,67000,181
472,20180627,1042,67100,103
473,20180627,1043,67100,147
474,20180627,1044,67200,395
475,20180627,1045,67200,231
476,20180627,1046,67000,349
477,20180627,1047,67000,363
478,20180627,1048,66900,269
479,20180627,1049,66800,107
480,20180627,1050,66800,35
481,20180627,1051,66800,135
482,20180627,1052,66800,974
483,20180627,1053,66900,150
484,20180627,1054,67000,8
485,20180627,1055,66900,232
486,20180627,1056,66900,68
487,20180627,1057,66900,24
488,20180627,1058,66900,21
489,20180627,1059,66900,841
490,20180627,1100,66800,129
491,20180627,1101,66800,294
492,20180627,1102,66800,59
493,20180627,1103,66800,34
494,20180627,1104,66800,132
495,20180627,1105,66800,216
496,20180627,1106,66800,16
497,20180627,1107,66800,956
498,20180627,1108,66800,80
499,20180627,1109,66900,62
500,20180627,1110,67000,105
501,20180627,1111,67000,60
502,20180627,1112,67000,29
503,20180627,1113,67000,47
504,20180627,1114,67000,190
505,20180627,1115,67000,301
506,20180627,1116,66900,44
507,20180627,1117,67000,60
508,20180627,1118,67000,400
509,20180627,1119,67100,68
510,20180627,1120,67100,116
511,20180627,1121,67100,62
512,20180627,1122,67100,152
513,20180627,1123,67000,373
514,20180627,1124,67100,979
515,20180627,1125,67100,371
516,20180627,1126,67100,4
517,20180627,1127,67100,76
518,20180627,1128,67100,82
519,20180627,1129,67100,196
520,20180627,1130,67000,301
521,20180627,1131,67000,45
522,20180627,1132,67000,13
523,20180627,1133,66900,284
524,20180627,1134,67000,153
525,20180627,1135,67000,8
526,20180627,1136,67000,114
527,20180627,1137,67000,239
528,20180627,1138,67100,40
529,20180627,1139,67100,205
530,20180627,1140,67200,1166
531,20180627,1141,67300,1401
532,20180627,1142,67400,50
533,20180627,1143,67400,74
534,20180627,1144,67400,90
535,20180627,1145,67400,208
536,20180627,1146,67400,27
537,20180627,1147,67300,252
538,20180627,1148,67300,23
539,20180627,1149,67300,84
540,20180627,1150,67300,26
541,20180627,1151,67300,236
542,20180627,1152,67300,46
543,20180627,1153,67200,28
544,20180627,1154,67300,32
545,20180627,1155,67300,117
546,20180627,1156,67300,44
547,20180627,1157,67300,164
548,20180627,1158,67200,78
549,20180627,1159,67200,13
550,20180627,1200,67200,32
551,20180627,1201,67200,335
552,20180627,1202,67200,57
553,20180627,1203,67100,44
554,20180627,1204,67200,52
555,20180627,1205,67200,63
556,20180627,1206,67100,71
557,20180627,1207,67200,90
558,20180627,1208,67200,447
559,20180627,1209,67100,28
560,20180627,1210,67200,350
561,20180627,1211,67200,88
562,20180627,1212,67300,76
563,20180627,1213,67300,18
564,20180627,1214,67300,57
565,20180627,1215,67100,187
566,20180627,1216,67300,57
567,20180627,1217,67300,82
568,20180627,1218,67300,164
569,20180627,1219,67300,1923
570,20180627,1220,67400,52
571,20180627,1221,67400,52
572,20180627,1222,67400,59
573,20180627,1223,67400,102
574,20180627,1224,67500,18
575,20180627,1225,67500,546
576,20180627,1226,67400,100
577,20180627,1227,67500,39
578,20180627,1228,67500,119
579,20180627,1229,67500,209
580,20180627,1230,67400,505
581,20180627,1231,67200,43
582,20180627,1232,67300,77
583,20180627,1233,67500,28
584,20180627,1234,67500,147
585,20180627,1235,67500,64
586,20180627,1236,67500,56
587,20180627,1237,67500,34
588,20180627,1238,67400,182
589,20180627,1239,67500,42
590,20180627,1240,67500,31
591,20180627,1241,67500,59
592,20180627,1242,67500,94
593,20180627,1243,67500,143
594,20180627,1244,67500,262
595,20180627,1245,67500,87
596,20180627,1246,67500,7
597,20180627,1247,67500,207
598,20180627,1248,67400,298
599,20180627,1249,67500,58
600,20180627,1250,67500,195
601,20180627,1251,67500,947
602,20180627,1252,67400,86
603,20180627,1253,67300,250
604,20180627,1254,67500,569
605,20180627,1255,67500,77
606,20180627,1256,67500,76
607,20180627,1257,67400,55
608,20180627,1258,67400,106
609,20180627,1259,67500,504
610,20180627,1300,67600,262
611,20180627,1301,67600,94
612,20180627,1302,67500,361
613,20180627,1303,67500,100
614,20180627,1304,67600,263
615,20180627,1305,67400,74
616,20180627,1306,67500,56
617,20180627,1307,67500,126
618,20180627,1308,67500,39
619,20180627,1309,67500,100
620,20180627,1310,67500,234
621,20180627,1311,67500,23
622,20180627,1312,67500,104
623,20180627,1313,67500,216
624,20180627,1314,67300,155
625,20180627,1315,67300,117
626,20180627,1316,67400,409
627,20180627,1317,67200,1
628,20180627,1318,67100,503
629,20180627,1319,67200,89
630,20180627,1320,67300,194
631,20180627,1321,67300,80
632,20180627,1322,67300,87
633,20180627,1323,67300,57
634,20180627,1324,67300,574
635,20180627,1325,67300,385
636,20180627,1326,67400,211
637,20180627,1327,67300,686
638,20180627,1328,67300,187
639,20180627,1329,67500,790
640,20180627,1330,67500,35
641,20180627,1331,67500,125
642,20180627,1332,67500,222
643,20180627,1333,67400,92
644,20180627,1334,67400,113
645,20180627,1335,67400,119
646,20180627,1336,67400,194
647,20180627,1337,67400,36
648,20180627,1338,67300,101
649,20180627,1339,67400,139
650,20180627,1340,67400,87
651,20180627,1341,67300,177
652,20180627,1342,67400,34
653,20180627,1343,67400,75
654,20180627,1344,67300,85
655,20180627,1345,67300,936
656,20180627,1346,67100,134
657,20180627,1347,67200,271
658,20180627,1348,67100,1
659,20180627,1349,67100,134
660,20180627,1350,67100,341
661,20180627,1351,67000,35
662,20180627,1352,67000,10
663,20180627,1353,66900,43
664,20180627,1354,67000,223
665,20180627,1355,67200,89
666,20180627,1356,67000,542
667,20180627,1357,66900,72
668,20180627,1358,66900,95
669,20180627,1359,67000,383
670,20180627,1400,67100,144
671,20180627,1401,67000,566
672,20180627,1402,66900,166
673,20180627,1403,67000,157
674,20180627,1404,67000,82
675,20180627,1405,66900,433
676,20180627,1406,66900,389
677,20180627,1407,66900,340
678,20180627,1408,66900,3044
679,20180627,1409,66600,123
680,20180627,1410,66600,279
681,20180627,1411,66600,528
682,20180627,1412,66700,394
683,20180627,1413,66700,242
684,20180627,1414,66600,129
685,20180627,1415,66700,62
686,20180627,1416,66700,185
687,20180627,1417,66700,535
688,20180627,1418,66800,92
689,20180627,1419,66800,39
690,20180627,1420,66800,23
691,20180627,1421,66800,265
692,20180627,1422,66800,621
693,20180627,1423,66900,371
694,20180627,1424,67000,68
695,20180627,1425,67000,19
696,20180627,1426,66800,133
697,20180627,1427,67000,178
698,20180627,1428,67000,304
699,20180627,1429,67000,224
700,20180627,1430,67000,416
701,20180627,1431,67000,278
702,20180627,1432,67100,668
703,20180627,1433,67000,320
704,20180627,1434,67200,304
705,20180627,1435,67100,10
706,20180627,1436,67000,116
707,20180627,1437,67100,177
708,20180627,1438,67100,329
709,20180627,1439,67200,62
710,20180627,1440,67200,250
711,20180627,1441,67300,40
712,20180627,1442,67000,897
713,20180627,1443,67000,1261
714,20180627,1444,66900,242
715,20180627,1445,67000,140
716,20180627,1446,67100,167
717,20180627,1447,67100,101
718,20180627,1448,67100,191
719,20180627,1449,67100,318
720,20180627,1450,67000,272
721,20180627,1451,67100,186
722,20180627,1452,67100,215
723,20180627,1453,67000,188
724,20180627,1454,67100,562
725,20180627,1455,67100,127
726,20180627,1456,67100,133
727,20180627,1457,66800,233
728,20180627,1458,67100,237
729,20180627,1459,67100,284
730,20180627,1500,66900,65
731,20180627,1501,67100,57
732,20180627,1502,67000,241
733,20180627,1503,67000,184
734,20180627,1504,66800,409
735,20180627,1505,66900,440
736,20180627,1506,67000,465
737,20180627,1507,66700,46
738,20180627,1508,66700,392
739,20180627,1509,66700,36
740,20180627,1510,66700,615
741,20180627,1511,66800,54
742,20180627,1512,66800,193
743,20180627,1513,66600,342
744,20180627,1514,66600,47
745,20180627,1515,66600,39
746,20180627,1516,66600,61
747,20180627,1517,66600,47
748,20180627,1518,66600,231
749,20180627,1519,66500,993
750,20180627,1520,66400,1297
751,20180627,1530,66300,5964
752,20180628,901,67300,618
753,20180628,902,67000,460
754,20180628,903,66500,67
755,20180628,904,67000,193
756,20180628,905,67200,72
757,20180628,906,67300,335
758,20180628,907,67100,305
759,20180628,908,66800,58
760,20180628,909,66900,124
761,20180628,910,66900,122
762,20180628,911,66900,344
763,20180628,912,66900,65
764,20180628,913,66800,254
765,20180628,914,66600,1507
766,20180628,915,66200,3
767,20180628,916,66100,237
768,20180628,917,66000,554
769,20180628,918,66100,249
770,20180628,919,66000,280
771,20180628,920,65900,522
772,20180628,921,66000,110
773,20180628,922,66100,171
774,20180628,923,66100,66
775,20180628,925,66000,1
776,20180628,926,66000,370
777,20180628,927,66400,1
778,20180628,928,66400,135
779,20180628,929,66400,265
780,20180628,930,66400,224
781,20180628,931,66400,985
782,20180628,932,66100,116
783,20180628,933,66200,10
784,20180628,934,66100,15
785,20180628,935,66200,122
786,20180628,936,66000,144
787,20180628,937,66100,133
788,20180628,938,66000,474
789,20180628,939,65800,838
790,20180628,940,65800,16
791,20180628,941,65800,213
792,20180628,942,65800,169
793,20180628,943,65800,12
794,20180628,944,65800,117
795,20180628,945,65800,43
796,20180628,946,65800,346
797,20180628,947,65900,1439
798,20180628,948,65600,25
799,20180628,949,65500,37
800,20180628,950,65400,335
801,20180628,951,65400,347
802,20180628,952,65400,30
803,20180628,953,65400,275
804,20180628,954,65400,26
805,20180628,955,65400,32
806,20180628,956,65400,32
807,20180628,957,65500,63
808,20180628,958,65500,761
809,20180628,959,65500,35
810,20180628,1000,65600,524
811,20180628,1001,65500,17
812,20180628,1003,65500,148
813,20180628,1004,65500,8
814,20180628,1006,65600,175
815,20180628,1008,65600,128
816,20180628,1009,65600,7
817,20180628,1010,65600,307
818,20180628,1011,65500,1
819,20180628,1012,65600,122
820,20180628,1013,65600,265
821,20180628,1014,65600,1539
822,20180628,1015,65700,102
823,20180628,1016,65700,110
824,20180628,1017,65700,219
825,20180628,1018,65700,13
826,20180628,1019,65600,2517
827,20180628,1020,65200,375
828,20180628,1021,65200,62
829,20180628,1022,65200,128
830,20180628,1023,65200,7
831,20180628,1024,65200,2577
832,20180628,1025,64900,82
833,20180628,1026,64900,272
834,20180628,1027,64800,460
835,20180628,1028,64900,138
836,20180628,1029,64900,2
837,20180628,1032,64900,339
838,20180628,1033,64900,69
839,20180628,1034,64900,35
840,20180628,1035,64900,761
841,20180628,1036,64900,49
842,20180628,1037,65000,31
843,20180628,1040,64900,1
844,20180628,1042,64900,157
845,20180628,1043,64900,1
846,20180628,1044,64900,2048
847,20180628,1045,64700,1245
848,20180628,1046,64800,10
849,20180628,1047,64700,1217
850,20180628,1048,64800,16
851,20180628,1050,64800,75
852,20180628,1052,64700,21
853,20180628,1053,64700,737
854,20180628,1054,64500,250
855,20180628,1055,64600,194
856,20180628,1056,64500,1471
857,20180628,1057,64500,167
858,20180628,1058,64500,81
859,20180628,1059,64600,56
860,20180628,1100,64600,1
861,20180628,1101,64600,242
862,20180628,1102,64700,341
863,20180628,1103,64700,255
864,20180628,1104,64800,4
865,20180628,1105,64800,392
866,20180628,1106,64800,25
867,20180628,1107,64900,2
868,20180628,1108,64900,13
869,20180628,1109,64900,18
870,20180628,1110,64800,424
871,20180628,1111,64600,535
872,20180628,1112,64500,640
873,20180628,1113,64400,182
874,20180628,1114,64400,699
875,20180628,1115,64400,690
876,20180628,1116,64500,382
877,20180628,1117,64700,1
878,20180628,1118,64600,138
879,20180628,1119,64600,165
880,20180628,1120,64600,26
881,20180628,1121,64500,359
882,20180628,1122,64500,209
883,20180628,1124,64600,3
884,20180628,1125,64600,156
885,20180628,1126,64500,1
886,20180628,1127,64500,139
887,20180628,1128,64500,1
888,20180628,1129,64500,468
889,20180628,1130,64400,3833
890,20180628,1131,64200,576
891,20180628,1132,64200,4066
892,20180628,1133,64100,102
893,20180628,1135,64200,252
894,20180628,1136,64100,20
895,20180628,1137,64100,431
896,20180628,1138,64100,331
897,20180628,1140,64200,3
898,20180628,1141,64100,266
899,20180628,1142,64100,1
900,20180628,1143,64100,23
901,20180628,1144,64100,35
902,20180628,1145,64000,161
903,20180628,1146,64100,28
904,20180628,1147,64100,84
905,20180628,1148,64100,14
906,20180628,1149,64100,1164
907,20180628,1150,64200,68
908,20180628,1151,64200,3
909,20180628,1152,64200,435
910,20180628,1153,64200,396
911,20180628,1154,64100,34
912,20180628,1155,64200,193
913,20180628,1156,64200,287
914,20180628,1157,64300,2
915,20180628,1158,64300,2
916,20180628,1159,64300,449
917,20180628,1200,64500,3
918,20180628,1201,64500,1
919,20180628,1202,64500,185
920,20180628,1203,64500,12
921,20180628,1204,64500,128
922,20180628,1205,64400,113
923,20180628,1206,64500,2
924,20180628,1207,64500,20
925,20180628,1208,64500,3
926,20180628,1209,64500,140
927,20180628,1210,64500,625
928,20180628,1211,64300,123
929,20180628,1212,64200,60
930,20180628,1213,64200,127
931,20180628,1214,64200,2
932,20180628,1215,64300,1
933,20180628,1216,64200,106
934,20180628,1217,64200,96
935,20180628,1218,64100,11
936,20180628,1220,64200,2109
937,20180628,1221,64400,22
938,20180628,1222,64300,80
939,20180628,1225,64400,15
940,20180628,1228,64400,2
941,20180628,1230,64400,213
942,20180628,1233,64400,31
943,20180628,1234,64300,1
944,20180628,1235,64400,13
945,20180628,1236,64300,12
946,20180628,1238,64300,20
947,20180628,1239,64400,5
948,20180628,1240,64400,3
949,20180628,1241,64400,1
950,20180628,1242,64400,6
951,20180628,1243,64400,5
952,20180628,1244,64400,8
953,20180628,1245,64400,9
954,20180628,1246,64400,60
955,20180628,1247,64400,24
956,20180628,1248,64400,61
957,20180628,1249,64300,393
958,20180628,1250,64300,271
959,20180628,1251,64200,438
960,20180628,1252,64200,385
961,20180628,1253,64200,5
962,20180628,1254,64300,18
963,20180628,1255,64200,2
964,20180628,1256,64200,3
965,20180628,1257,64200,2
966,20180628,1258,64300,324
967,20180628,1259,64200,1
968,20180628,1300,64200,245
969,20180628,1302,64200,2
970,20180628,1304,64200,606
971,20180628,1305,64300,72
972,20180628,1306,64300,115
973,20180628,1307,64300,92
974,20180628,1308,64200,1
975,20180628,1309,64200,35
976,20180628,1310,64200,1
977,20180628,1311,64200,3
978,20180628,1313,64200,3
979,20180628,1314,64200,5
980,20180628,1315,64200,2
981,20180628,1317,64200,86
982,20180628,1318,64200,3
983,20180628,1320,64200,8
984,20180628,1321,64200,59
985,20180628,1322,64200,59
986,20180628,1323,64300,5
987,20180628,1324,64200,1
988,20180628,1325,64200,53
989,20180628,1326,64200,1
990,20180628,1327,64200,9
991,20180628,1328,64300,51
992,20180628,1329,64200,42
993,20180628,1330,64200,39
994,20180628,1331,64200,991
995,20180628,1333,64200,4
996,20180628,1334,64200,16
997,20180628,1335,64200,500
998,20180628,1336,64100,13
999,20180628,1337,64200,15
1000,20180628,1338,64100,873
1001,20180628,1339,64100,131
1002,20180628,1340,64000,645
1003,20180628,1341,64100,2656
1004,20180628,1342,63900,249
1005,20180628,1343,63900,302
1006,20180628,1344,63900,14
1007,20180628,1345,63800,201
1008,20180628,1346,63900,242
1009,20180628,1347,63800,187
1010,20180628,1348,63900,336
1011,20180628,1349,63800,14
1012,20180628,1350,63900,611
1013,20180628,1351,63700,486
1014,20180628,1352,63700,195
1015,20180628,1353,63700,198
1016,20180628,1354,63600,13
1017,20180628,1355,63600,23
1018,20180628,1356,63700,7912
1019,20180628,1357,63800,192
1020,20180628,1358,63700,309
1021,20180628,1359,63800,122
1022,20180628,1400,63800,209
1023,20180628,1401,63800,247
1024,20180628,1402,63800,7
1025,20180628,1403,63800,245
1026,20180628,1404,63800,24
1027,20180628,1405,63800,38
1028,20180628,1406,63900,19
1029,20180628,1407,63800,25
1030,20180628,1408,63800,22
1031,20180628,1409,63800,7
1032,20180628,1410,63800,357
1033,20180628,1411,63800,10
1034,20180628,1412,63700,190
1035,20180628,1413,63700,1181
1036,20180628,1414,63500,132
1037,20180628,1415,63600,30
1038,20180628,1416,63500,191
1039,20180628,1417,63500,673
1040,20180628,1418,63500,681
1041,20180628,1419,63600,480
1042,20180628,1420,63500,337
1043,20180628,1421,63400,25
1044,20180628,1422,63500,2103
1045,20180628,1423,63600,15
1046,20180628,1424,63700,9
1047,20180628,1425,63600,11
1048,20180628,1426,63600,28
1049,20180628,1427,63600,12
1050,20180628,1428,63600,25
1051,20180628,1429,63600,7
1052,20180628,1430,63600,17
1053,20180628,1431,63700,1
1054,20180628,1432,63700,1
1055,20180628,1433,63700,14
1056,20180628,1434,63600,305
1057,20180628,1435,63600,112
1058,20180628,1436,63700,4
1059,20180628,1437,63700,10
1060,20180628,1438,63700,231
1061,20180628,1439,63700,7
1062,20180628,1440,63700,525
1063,20180628,1441,63700,1
1064,20180628,1442,63600,34
1065,20180628,1443,63600,56
1066,20180628,1444,63700,5
1067,20180628,1445,63600,1
1068,20180628,1446,63700,7
1069,20180628,1447,63700,10
1070,20180628,1448,63700,279
1071,20180628,1449,63700,10
1072,20180628,1450,63700,3769
1073,20180628,1451,64100,95
1074,20180628,1452,64000,126
1075,20180628,1453,63900,53
1076,20180628,1454,63900,224
1077,20180628,1455,63900,17
1078,20180628,1456,63900,198
1079,20180628,1457,63900,20
1080,20180628,1458,63800,157
1081,20180628,1459,63800,87
1082,20180628,1500,63900,160
1083,20180628,1501,63800,161
1084,20180628,1502,63900,55
1085,20180628,1503,63900,44
1086,20180628,1504,63900,730
1087,20180628,1505,64000,540
1088,20180628,1506,63900,201
1089,20180628,1507,64000,55
1090,20180628,1508,64000,251
1091,20180628,1509,64100,13
1092,20180628,1510,64100,988
1093,20180628,1511,63800,395
1094,20180628,1512,63900,682
1095,20180628,1513,64000,47
1096,20180628,1514,64000,113
1097,20180628,1515,64100,56
1098,20180628,1516,64100,157
1099,20180628,1517,64100,350
1100,20180628,1518,64200,1058
1101,20180628,1519,64000,300
1102,20180628,1520,64200,194
1103,20180628,1530,64200,5536
0,20180629,901,64500,151
1,20180629,902,64400,242
2,20180629,903,64400,1129
3,20180629,904,64300,107
4,20180629,905,64300,178
5,20180629,906,64300,315
6,20180629,907,64200,54
7,20180629,908,64100,100
8,20180629,909,64100,306
9,20180629,910,63800,329
10,20180629,911,63700,171
11,20180629,912,63600,142
12,20180629,913,63600,556
13,20180629,914,63800,533
14,20180629,915,63800,1003
15,20180629,916,63800,248
16,20180629,917,64000,400
17,20180629,919,63900,60
18,20180629,921,63900,167
19,20180629,922,63800,32
20,20180629,923,63800,104
21,20180629,924,63700,549
22,20180629,925,63700,279
23,20180629,926,63700,2
24,20180629,927,63700,112
25,20180629,928,63600,603
26,20180629,929,63600,37
27,20180629,930,63500,899
28,20180629,931,63400,132
29,20180629,932,63300,27
30,20180629,933,63300,89
31,20180629,934,63300,42
32,20180629,935,63300,261
33,20180629,936,63400,739
34,20180629,937,63400,662
35,20180629,939,63800,591
36,20180629,941,63700,35
37,20180629,942,63900,37
38,20180629,943,63600,334
39,20180629,944,63600,35
40,20180629,945,63500,300
41,20180629,946,63400,16
42,20180629,947,63400,462
43,20180629,948,63200,166
44,20180629,949,63200,1103
45,20180629,950,63400,120
46,20180629,951,63400,23
47,20180629,952,63500,196
48,20180629,953,63300,114
49,20180629,954,63300,10
50,20180629,955,63400,31
51,20180629,956,63400,1001
52,20180629,957,63300,57
53,20180629,958,63300,618
54,20180629,959,63800,35
55,20180629,1000,63700,141
56,20180629,1001,63400,351
57,20180629,1002,63500,100
58,20180629,1003,63400,2
59,20180629,1004,63500,551
60,20180629,1005,63600,268
61,20180629,1006,63600,476
62,20180629,1007,63500,27
63,20180629,1008,63800,40
64,20180629,1009,63800,473
65,20180629,1010,64000,32
66,20180629,1011,63800,162
67,20180629,1012,63800,38
68,20180629,1014,63600,32
69,20180629,1017,63700,202
70,20180629,1018,63600,1
71,20180629,1019,63600,82
72,20180629,1020,63700,2
73,20180629,1021,63700,1
74,20180629,1022,63700,134
75,20180629,1023,63900,137
76,20180629,1024,63900,448
77,20180629,1025,63700,40
78,20180629,1026,63700,974
79,20180629,1029,63900,149
80,20180629,1031,63800,71
81,20180629,1032,63900,75
82,20180629,1033,64000,22
83,20180629,1036,63900,6
84,20180629,1037,63900,241
85,20180629,1038,64000,120
86,20180629,1039,64000,147
87,20180629,1040,64000,36
88,20180629,1041,64000,272
89,20180629,1042,64100,102
90,20180629,1044,64100,14
91,20180629,1045,64000,98
92,20180629,1046,64000,3
93,20180629,1047,64000,61
94,20180629,1048,64000,2
95,20180629,1050,63900,1
96,20180629,1051,63900,45
97,20180629,1052,64000,12
98,20180629,1054,63900,45
99,20180629,1056,63900,12
100,20180629,1057,63900,1
101,20180629,1058,63900,1351
102,20180629,1059,63800,19
103,20180629,1100,63700,1
104,20180629,1103,63800,678
105,20180629,1104,63900,11
106,20180629,1105,63800,19
107,20180629,1106,63800,208
108,20180629,1107,63700,35
109,20180629,1108,63700,58
110,20180629,1109,63700,83
111,20180629,1110,63800,9
112,20180629,1111,63800,2
113,20180629,1112,63700,208
114,20180629,1113,63700,254
115,20180629,1114,63700,15
116,20180629,1115,63700,3
117,20180629,1116,63600,42
118,20180629,1117,63700,53
119,20180629,1118,63600,3
120,20180629,1119,63600,9
121,20180629,1120,63700,2
122,20180629,1121,63700,15
123,20180629,1122,63600,10
124,20180629,1124,63700,24
125,20180629,1125,63700,10
126,20180629,1126,63700,55
127,20180629,1127,63700,500
128,20180629,1128,63900,100
129,20180629,1129,63900,108
130,20180629,1130,63900,26
131,20180629,1131,64000,2
132,20180629,1132,63900,33
133,20180629,1133,64000,2
134,20180629,1134,64000,38
135,20180629,1135,64000,2
136,20180629,1136,64000,30
137,20180629,1137,64000,5
138,20180629,1138,64000,16
139,20180629,1140,64000,558
140,20180629,1142,64100,117
141,20180629,1146,64000,1
142,20180629,1148,64000,212
143,20180629,1150,64000,1
144,20180629,1151,64100,6
145,20180629,1152,64000,31
146,20180629,1153,64000,30
147,20180629,1154,64000,1
148,20180629,1155,64000,96
149,20180629,1156,64100,4
150,20180629,1157,64000,2
151,20180629,1158,64000,10
152,20180629,1159,64100,53
153,20180629,1201,64000,1
154,20180629,1203,64100,305
155,20180629,1204,64100,1094
156,20180629,1205,64100,10
157,20180629,1207,64100,83
158,20180629,1208,64200,48
159,20180629,1209,64100,31
160,20180629,1210,64100,40
161,20180629,1213,64100,6
162,20180629,1215,64100,5
163,20180629,1216,64100,30
164,20180629,1217,64100,3
165,20180629,1218,64000,324
166,20180629,1219,64100,1
167,20180629,1220,64100,4
168,20180629,1221,64100,24
169,20180629,1222,64100,2
170,20180629,1223,64100,2
171,20180629,1224,64100,1
172,20180629,1225,64100,3
173,20180629,1226,64000,108
174,20180629,1227,64000,6
175,20180629,1228,64000,300
176,20180629,1230,64000,45
177,20180629,1231,64000,1
178,20180629,1232,64000,2
179,20180629,1233,64000,15
180,20180629,1234,64000,3
181,20180629,1235,63900,1
182,20180629,1236,63900,15
183,20180629,1237,64000,4
184,20180629,1238,64000,101
185,20180629,1239,64000,103
186,20180629,1240,64000,11
187,20180629,1241,64000,27
188,20180629,1242,64000,2
189,20180629,1243,64000,60
190,20180629,1244,64000,12
191,20180629,1245,64000,10
192,20180629,1246,64000,5
193,20180629,1247,64000,2
194,20180629,1248,64000,160
195,20180629,1249,64000,18
196,20180629,1250,64000,496
197,20180629,1251,64200,90
198,20180629,1252,64200,1
199,20180629,1253,64200,275
200,20180629,1254,64300,93
201,20180629,1255,64300,65
202,20180629,1256,64200,7
203,20180629,1258,64100,10
204,20180629,1259,64200,53
205,20180629,1300,64200,10
206,20180629,1301,64200,2
207,20180629,1302,64200,526
208,20180629,1303,64100,13
209,20180629,1304,64100,1
210,20180629,1305,64100,245
211,20180629,1306,64100,38
212,20180629,1307,64000,1
213,20180629,1309,64200,53
214,20180629,1310,64200,2
215,20180629,1311,64200,5
216,20180629,1312,64200,11
217,20180629,1314,64200,446
218,20180629,1315,64300,86
219,20180629,1316,64300,2
220,20180629,1317,64200,33
221,20180629,1318,64300,48
222,20180629,1319,64300,242
223,20180629,1320,64200,119
224,20180629,1321,64200,13
225,20180629,1322,64100,425
226,20180629,1323,64100,7
227,20180629,1324,64200,100
228,20180629,1325,64200,217
229,20180629,1326,64100,92
230,20180629,1327,64200,23
231,20180629,1328,64200,88
232,20180629,1329,64100,4
233,20180629,1330,64200,29
234,20180629,1331,64200,17
235,20180629,1332,64200,26
236,20180629,1333,64200,31
237,20180629,1334,64200,50
238,20180629,1335,64200,26
239,20180629,1336,64200,18
240,20180629,1337,64200,705
241,20180629,1338,64200,35
242,20180629,1339,64200,19
243,20180629,1340,64200,58
244,20180629,1341,64100,19
245,20180629,1342,64200,344
246,20180629,1343,64200,284
247,20180629,1344,64300,39
248,20180629,1345,64200,679
249,20180629,1346,64100,67
250,20180629,1347,64200,5
251,20180629,1348,64000,87
252,20180629,1349,64100,242
253,20180629,1350,64100,6
254,20180629,1351,64100,17
255,20180629,1352,64000,298
256,20180629,1353,64100,1
257,20180629,1354,64100,273
258,20180629,1356,64100,91
259,20180629,1357,64200,63
260,20180629,1358,64100,30
261,20180629,1359,64100,1
262,20180629,1400,64200,64
263,20180629,1401,64100,34
264,20180629,1403,64200,58
265,20180629,1404,64200,811
266,20180629,1405,64200,183
267,20180629,1406,64300,172
268,20180629,1407,64300,57
269,20180629,1408,64400,266
270,20180629,1409,64400,315
271,20180629,1410,64400,115
272,20180629,1411,64400,299
273,20180629,1412,64500,18
274,20180629,1413,64500,136
275,20180629,1414,64500,42
276,20180629,1415,64500,35
277,20180629,1416,64500,59
278,20180629,1417,64500,294
279,20180629,1418,64400,237
280,20180629,1419,64300,39
281,20180629,1420,64300,155
282,20180629,1421,64400,399
283,20180629,1422,64400,1
284,20180629,1423,64400,47
285,20180629,1424,64400,2
286,20180629,1425,64400,16
287,20180629,1426,64400,16
288,20180629,1427,64300,28
289,20180629,1428,64400,9
290,20180629,1429,64400,11
291,20180629,1430,64400,812
292,20180629,1431,64300,6
293,20180629,1432,64400,154
294,20180629,1433,64400,435
295,20180629,1434,64300,378
296,20180629,1435,64200,21
297,20180629,1436,64200,223
298,20180629,1437,64100,472
299,20180629,1438,64100,25
300,20180629,1439,64100,1092
301,20180629,1440,64200,67
302,20180629,1441,64200,267
303,20180629,1442,64200,265
304,20180629,1444,64300,50
305,20180629,1445,64200,57
306,20180629,1446,64100,18
307,20180629,1447,64100,372
308,20180629,1448,64100,117
309,20180629,1449,64200,60
310,20180629,1450,64100,119
311,20180629,1451,64200,113
312,20180629,1452,64200,271
313,20180629,1453,64300,324
314,20180629,1454,64300,173
315,20180629,1455,64400,168
316,20180629,1456,64400,499
317,20180629,1457,64400,213
318,20180629,1458,64400,206
319,20180629,1459,64200,19
320,20180629,1500,64200,105
321,20180629,1501,64300,55
322,20180629,1502,64300,88
323,20180629,1503,64200,298
324,20180629,1504,64300,101
325,20180629,1505,64300,1096
326,20180629,1506,64500,379
327,20180629,1507,64600,75
328,20180629,1508,64500,110
329,20180629,1509,64600,86
330,20180629,1510,64500,113
331,20180629,1511,64600,132
332,20180629,1512,64600,140
333,20180629,1513,64600,690
334,20180629,1514,64700,228
335,20180629,1515,64700,70
336,20180629,1516,64600,231
337,20180629,1517,64700,736
338,20180629,1518,64600,623
339,20180629,1519,64200,329
340,20180629,1520,64500,1454
341,20180629,1530,64600,6686
0,20180702,901,63900,530
1,20180702,902,64000,347
2,20180702,903,64000,57
3,20180702,904,64100,38
4,20180702,905,64100,133
5,20180702,906,64300,251
6,20180702,907,64300,22
7,20180702,908,64300,270
8,20180702,909,64500,178
9,20180702,910,64500,58
10,20180702,911,64400,27
11,20180702,913,64300,53
12,20180702,914,64200,14
13,20180702,915,64200,120
14,20180702,916,64100,4
15,20180702,917,64200,365
16,20180702,919,64600,5
17,20180702,920,64500,68
18,20180702,921,64300,57
19,20180702,922,64300,140
20,20180702,923,64400,24
21,20180702,924,64200,1
22,20180702,925,64300,47
23,20180702,926,64200,415
24,20180702,927,64100,17
25,20180702,928,64200,66
26,20180702,929,64100,56
27,20180702,930,64200,233
28,20180702,931,64000,9
29,20180702,932,64000,1014
30,20180702,933,64000,26
31,20180702,934,64000,3
32,20180702,935,64000,233
33,20180702,936,63900,590
34,20180702,937,64200,26
35,20180702,938,64400,10
36,20180702,939,64300,4
37,20180702,940,64300,192
38,20180702,941,64100,74
39,20180702,942,64100,6
40,20180702,944,64200,1
41,20180702,945,64200,13
42,20180702,946,64200,375
43,20180702,947,63900,471
44,20180702,948,63800,3887
45,20180702,950,64000,1
46,20180702,951,64000,63
47,20180702,952,64000,151
48,20180702,953,63900,6
49,20180702,954,63800,45
50,20180702,955,63800,53
51,20180702,956,63800,50
52,20180702,957,63900,1
53,20180702,958,63900,127
54,20180702,959,63900,10
55,20180702,1001,63800,12
56,20180702,1002,63900,30
57,20180702,1003,63800,21
58,20180702,1004,63900,248
59,20180702,1005,63900,110
60,20180702,1006,64200,165
61,20180702,1007,64100,219
62,20180702,1009,64100,25
63,20180702,1010,64100,231
64,20180702,1011,63900,30
65,20180702,1012,63900,26
66,20180702,1013,64000,143
67,20180702,1014,64000,340
68,20180702,1015,64100,99
69,20180702,1016,64100,15
70,20180702,1017,64000,2
71,20180702,1018,64000,20
72,20180702,1019,64000,35
73,20180702,1020,64000,1
74,20180702,1021,64000,168
75,20180702,1023,63900,2
76,20180702,1024,63900,1
77,20180702,1025,63900,23
78,20180702,1026,64000,9
79,20180702,1027,63900,41
80,20180702,1028,63900,98
81,20180702,1029,63900,271
82,20180702,1030,63800,63
83,20180702,1031,63800,207
84,20180702,1032,63700,6
85,20180702,1033,63800,51
86,20180702,1034,63700,12
87,20180702,1035,63800,266
88,20180702,1036,63700,23
89,20180702,1037,63600,48
90,20180702,1038,63600,2792
91,20180702,1040,64000,58
92,20180702,1041,63800,10
93,20180702,1042,63800,54
94,20180702,1043,63700,55
95,20180702,1044,63700,711
96,20180702,1045,63600,53
97,20180702,1046,63600,395
98,20180702,1047,63700,34
99,20180702,1048,63700,497
100,20180702,1049,63700,73
101,20180702,1050,63600,7
102,20180702,1051,63700,87
103,20180702,1052,63600,775
104,20180702,1053,63700,24
105,20180702,1054,63600,21
106,20180702,1055,63600,237
107,20180702,1056,63900,327
108,20180702,1057,63700,5
109,20180702,1058,63700,233
110,20180702,1059,63800,5
111,20180702,1100,63800,5
112,20180702,1101,63800,110
113,20180702,1102,63800,165
114,20180702,1103,63800,7
115,20180702,1104,63800,1
116,20180702,1105,63800,15
117,20180702,1106,63800,5
118,20180702,1107,63800,343
119,20180702,1108,63800,307
120,20180702,1109,63800,5
121,20180702,1110,63800,5
122,20180702,1111,63800,8
123,20180702,1112,63900,6
124,20180702,1113,63800,5
125,20180702,1114,63800,4
126,20180702,1116,63800,8
127,20180702,1117,63800,6
128,20180702,1118,63800,8
129,20180702,1119,63800,7
130,20180702,1120,63800,7
131,20180702,1121,63800,113
132,20180702,1122,63800,6
133,20180702,1123,63800,79
134,20180702,1124,63900,18
135,20180702,1125,63800,3
136,20180702,1126,63800,4307
137,20180702,1128,63700,296
138,20180702,1129,63500,9
139,20180702,1130,63500,11
140,20180702,1131,63500,1123
141,20180702,1132,63500,365
142,20180702,1133,63500,298
143,20180702,1134,63500,6
144,20180702,1135,63500,1
145,20180702,1136,63500,6
146,20180702,1137,63500,11
147,20180702,1138,63600,218
148,20180702,1139,63500,12
149,20180702,1140,63500,69
150,20180702,1141,63600,273
151,20180702,1142,63500,91
152,20180702,1143,63600,133
153,20180702,1144,63600,345
154,20180702,1145,63600,1
155,20180702,1146,63500,313
156,20180702,1147,63500,11
157,20180702,1148,63500,12
158,20180702,1149,63500,154
159,20180702,1150,63600,10
160,20180702,1151,63500,9
161,20180702,1152,63600,186
162,20180702,1153,63500,7
163,20180702,1154,63500,7
164,20180702,1155,63600,151
165,20180702,1156,63500,47
166,20180702,1157,63500,156
167,20180702,1158,63500,165
168,20180702,1159,63500,16
169,20180702,1200,63500,165
170,20180702,1201,63500,10
171,20180702,1202,63500,157
172,20180702,1203,63600,6
173,20180702,1204,63500,6
174,20180702,1205,63600,166
175,20180702,1206,63500,89
176,20180702,1207,63500,1396
177,20180702,1208,63700,5
178,20180702,1209,63700,70
179,20180702,1210,63800,118
180,20180702,1211,63800,18
181,20180702,1212,63800,23
182,20180702,1213,63900,11
183,20180702,1214,63800,25
184,20180702,1215,63800,13
185,20180702,1216,63800,20
186,20180702,1217,63800,7
187,20180702,1218,63800,102
188,20180702,1219,63800,10
189,20180702,1220,63800,40
190,20180702,1221,63900,12
191,20180702,1222,63900,108
192,20180702,1223,63800,13
193,20180702,1224,63800,7
194,20180702,1225,63900,386
195,20180702,1226,63900,2
196,20180702,1227,63800,6
197,20180702,1228,63800,12
198,20180702,1229,63900,18
199,20180702,1230,63800,4
200,20180702,1231,63800,7
201,20180702,1232,63800,371
202,20180702,1233,63800,25
203,20180702,1234,63900,58
204,20180702,1235,63800,96
205,20180702,1236,63800,5
206,20180702,1237,63800,30
207,20180702,1238,63800,17
208,20180702,1239,63800,8
209,20180702,1240,63800,6
210,20180702,1241,63800,106
211,20180702,1242,63800,9
212,20180702,1243,63900,20
213,20180702,1244,63800,11
214,20180702,1245,63800,16
215,20180702,1246,63800,8
216,20180702,1247,63800,13
217,20180702,1248,63800,14
218,20180702,1249,63800,12
219,20180702,1250,63800,8
220,20180702,1251,63800,12
221,20180702,1252,63900,3292
222,20180702,1253,63700,422
223,20180702,1254,63600,86
224,20180702,1255,63600,9
225,20180702,1256,63600,105
226,20180702,1257,63600,18
227,20180702,1258,63600,116
228,20180702,1259,63600,69
229,20180702,1300,63600,16
230,20180702,1301,63600,118
231,20180702,1302,63600,195
232,20180702,1303,63600,111
233,20180702,1304,63600,225
234,20180702,1305,63600,204
235,20180702,1306,63700,64
236,20180702,1307,63600,2245
237,20180702,1308,63500,41
238,20180702,1309,63500,101
239,20180702,1310,63500,93
240,20180702,1311,63400,7
241,20180702,1312,63400,19
242,20180702,1313,63400,42
243,20180702,1314,63400,138
244,20180702,1315,63400,32
245,20180702,1316,63500,691
246,20180702,1317,63500,50
247,20180702,1318,63500,4
248,20180702,1319,63400,598
249,20180702,1320,63500,39
250,20180702,1321,63400,112
251,20180702,1322,63400,559
252,20180702,1323,63500,170
253,20180702,1324,63500,8
254,20180702,1325,63500,235
255,20180702,1326,63400,8
256,20180702,1327,63500,248
257,20180702,1328,63500,46
258,20180702,1329,63400,19
259,20180702,1330,63500,313
260,20180702,1331,63400,52
261,20180702,1332,63500,397
262,20180702,1333,63400,444
263,20180702,1334,63400,98
264,20180702,1335,63400,1474
265,20180702,1336,63400,942
266,20180702,1337,63300,832
267,20180702,1338,63300,145
268,20180702,1339,63300,93
269,20180702,1340,63300,850
270,20180702,1341,63400,185
271,20180702,1342,63400,44
272,20180702,1343,63500,699
273,20180702,1344,63600,42
274,20180702,1345,63600,466
275,20180702,1346,63400,45
276,20180702,1347,63300,13
277,20180702,1348,63400,575
278,20180702,1349,63500,153
279,20180702,1350,63500,57
280,20180702,1351,63500,323
281,20180702,1352,63500,30
282,20180702,1353,63500,1033
283,20180702,1354,63600,79
284,20180702,1355,63600,164
285,20180702,1356,63600,158
286,20180702,1357,63500,11
287,20180702,1358,63500,15
288,20180702,1359,63400,16
289,20180702,1400,63400,187
290,20180702,1401,63500,15
291,20180702,1402,63400,51
292,20180702,1403,63500,253
293,20180702,1404,63500,50
294,20180702,1405,63500,189
295,20180702,1406,63400,194
296,20180702,1407,63500,20
297,20180702,1408,63400,240
298,20180702,1409,63400,124
299,20180702,1410,63400,16
300,20180702,1411,63500,185
301,20180702,1412,63400,506
302,20180702,1413,63400,114
303,20180702,1414,63500,266
304,20180702,1415,63400,19
305,20180702,1416,63400,291
306,20180702,1417,63500,8
307,20180702,1418,63400,26
308,20180702,1419,63400,271
309,20180702,1420,63400,12
310,20180702,1421,63400,6
311,20180702,1422,63500,312
312,20180702,1423,63400,13
313,20180702,1424,63500,226
314,20180702,1425,63500,55
315,20180702,1426,63500,36
316,20180702,1427,63500,319
317,20180702,1428,63400,153
318,20180702,1429,63400,14
319,20180702,1430,63500,26
320,20180702,1431,63400,21
321,20180702,1432,63400,50
322,20180702,1433,63400,209
323,20180702,1434,63400,49
324,20180702,1435,63500,87
325,20180702,1436,63500,199
326,20180702,1437,63500,2628
327,20180702,1438,63200,507
328,20180702,1439,63300,24
329,20180702,1440,63300,27
330,20180702,1441,63200,39
331,20180702,1442,63300,11
332,20180702,1443,63200,61
333,20180702,1444,63200,213
334,20180702,1445,63200,294
335,20180702,1446,63200,258
336,20180702,1447,63200,429
337,20180702,1448,63200,326
338,20180702,1449,63200,367
339,20180702,1450,63200,33
340,20180702,1451,63100,267
341,20180702,1452,63200,149
342,20180702,1453,63100,16
343,20180702,1454,63100,387
344,20180702,1455,63100,298
345,20180702,1456,63100,221
346,20180702,1457,63100,24
347,20180702,1458,63100,299
348,20180702,1459,63100,123
349,20180702,1500,63200,664
350,20180702,1501,63100,214
351,20180702,1502,63200,20
352,20180702,1503,63200,195
353,20180702,1504,63200,578
354,20180702,1505,63100,207
355,20180702,1506,63200,430
356,20180702,1507,63200,107
357,20180702,1508,63200,7
358,20180702,1509,63200,373
359,20180702,1510,63200,520
360,20180702,1511,63100,514
361,20180702,1512,63100,387
362,20180702,1513,63200,278
363,20180702,1514,63200,111
364,20180702,1515,63200,41
365,20180702,1516,63100,610
366,20180702,1517,63200,294
367,20180702,1518,63100,625
368,20180702,1519,63100,97
369,20180702,1520,63100,364
370,20180702,1530,63300,5826
371,20180703,901,64000,385
372,20180703,902,63600,108
373,20180703,903,63500,193
374,20180703,904,63600,11
375,20180703,905,63600,59
376,20180703,906,63800,3
377,20180703,907,63900,153
378,20180703,908,63600,7
379,20180703,909,63700,338
380,20180703,910,63700,135
381,20180703,911,63800,274
382,20180703,912,63600,778
383,20180703,913,63300,42
384,20180703,914,63200,10
385,20180703,915,63200,77
386,20180703,916,63200,522
387,20180703,917,63000,513
388,20180703,918,63300,68
389,20180703,919,63400,24
390,20180703,920,63400,1
391,20180703,921,63300,66
392,20180703,922,63400,22
393,20180703,923,63400,300
394,20180703,924,63400,50
395,20180703,925,63300,136
396,20180703,926,63400,567
397,20180703,927,63200,221
398,20180703,928,63200,710
399,20180703,929,62900,354
400,20180703,930,62700,2500
401,20180703,931,63000,136
402,20180703,932,62900,70
403,20180703,933,62800,60
404,20180703,934,62700,317
405,20180703,935,62800,42
406,20180703,936,62700,647
407,20180703,937,62600,260
408,20180703,938,62600,297
409,20180703,939,62800,44
410,20180703,940,62900,55
411,20180703,941,62900,56
412,20180703,942,62900,87
413,20180703,943,62800,129
414,20180703,944,62800,157
415,20180703,945,62700,374
416,20180703,946,62900,33
417,20180703,947,62800,471
418,20180703,948,62800,40
419,20180703,949,62700,2
420,20180703,950,62700,60
421,20180703,951,62700,177
422,20180703,952,62700,20
423,20180703,953,62600,16
424,20180703,954,62600,5
425,20180703,955,62600,94
426,20180703,956,62600,650
427,20180703,957,62600,15
428,20180703,958,62500,20
429,20180703,1000,62600,82
430,20180703,1001,62500,313
431,20180703,1002,62600,42
432,20180703,1003,62800,770
433,20180703,1004,63000,659
434,20180703,1005,63100,158
435,20180703,1006,63100,460
436,20180703,1007,63200,145
437,20180703,1008,63400,60
438,20180703,1009,63300,21
439,20180703,1010,63300,63
440,20180703,1011,63200,46
441,20180703,1012,63100,90
442,20180703,1013,63200,128
443,20180703,1015,63100,101
444,20180703,1016,63300,43
445,20180703,1017,63300,107
446,20180703,1018,63200,2
447,20180703,1019,63200,61
448,20180703,1020,63200,6
449,20180703,1021,63200,36
450,20180703,1023,63200,10
451,20180703,1024,63200,53
452,20180703,1025,63300,334
453,20180703,1026,63400,9
454,20180703,1027,63300,7
455,20180703,1028,63400,3
456,20180703,1030,63400,13
457,20180703,1032,63400,112
458,20180703,1033,63300,495
459,20180703,1035,63200,145
460,20180703,1036,63300,50
461,20180703,1037,63200,1
462,20180703,1039,63200,865
463,20180703,1040,63000,15
464,20180703,1041,63000,104
465,20180703,1042,63100,528
466,20180703,1043,63100,216
467,20180703,1044,63300,72
468,20180703,1045,63400,81
469,20180703,1046,63200,142
470,20180703,1047,63200,54
471,20180703,1048,63200,201
472,20180703,1049,63200,70
473,20180703,1051,63300,7
474,20180703,1052,63300,16
475,20180703,1054,63300,169
476,20180703,1055,63200,120
477,20180703,1056,63300,256
478,20180703,1057,63400,119
479,20180703,1058,63500,151
480,20180703,1059,63600,64
481,20180703,1100,63600,100
482,20180703,1101,63600,475
483,20180703,1102,63400,6
484,20180703,1105,63500,152
485,20180703,1106,63500,52
486,20180703,1107,63500,8
487,20180703,1109,63400,3
488,20180703,1110,63400,196
489,20180703,1112,63500,47
490,20180703,1113,63400,279
491,20180703,1114,63600,76
492,20180703,1117,63600,64
493,20180703,1118,63600,355
494,20180703,1119,63500,30
495,20180703,1120,63500,20
496,20180703,1121,63400,634
497,20180703,1122,63700,6
498,20180703,1123,63700,30
499,20180703,1124,63600,2
500,20180703,1125,63700,59
501,20180703,1126,63600,33
502,20180703,1127,63700,215
503,20180703,1128,63700,58
504,20180703,1129,63800,38
505,20180703,1130,63700,8
506,20180703,1131,63700,240
507,20180703,1132,63800,114
508,20180703,1133,63800,49
509,20180703,1134,63800,128
510,20180703,1135,63800,107
511,20180703,1136,63700,42
512,20180703,1138,63800,7
513,20180703,1139,63700,1071
514,20180703,1140,63500,10
515,20180703,1141,63500,265
516,20180703,1142,63500,185
517,20180703,1143,63500,24
518,20180703,1144,63500,1
519,20180703,1145,63500,50
520,20180703,1146,63600,273
521,20180703,1148,63600,118
522,20180703,1149,63500,1
523,20180703,1151,63500,65
524,20180703,1152,63500,189
525,20180703,1153,63400,7
526,20180703,1155,63400,496
527,20180703,1157,63400,58
528,20180703,1158,63300,1
529,20180703,1159,63300,1
530,20180703,1200,63300,11
531,20180703,1201,63300,9
532,20180703,1202,63400,9
533,20180703,1203,63300,1
534,20180703,1204,63400,836
535,20180703,1205,63500,1
536,20180703,1206,63500,5
537,20180703,1207,63600,8
538,20180703,1209,63500,131
539,20180703,1210,63400,8
540,20180703,1211,63400,51
541,20180703,1212,63400,10
542,20180703,1213,63400,40
543,20180703,1214,63400,366
544,20180703,1215,63300,45
545,20180703,1216,63200,40
546,20180703,1217,63300,8
547,20180703,1218,63300,8
548,20180703,1219,63200,119
549,20180703,1220,63200,152
550,20180703,1221,63100,233
551,20180703,1222,63100,273
552,20180703,1223,63000,45
553,20180703,1224,63100,513
554,20180703,1225,63100,1
555,20180703,1226,63000,1
556,20180703,1227,63000,3
557,20180703,1228,63100,183
558,20180703,1229,63300,36
559,20180703,1230,63300,36
560,20180703,1232,63300,39
561,20180703,1233,63300,9
562,20180703,1234,63300,453
563,20180703,1235,63100,11
564,20180703,1236,63000,4
565,20180703,1237,63100,11
566,20180703,1238,63100,9
567,20180703,1239,63000,810
568,20180703,1240,63000,8
569,20180703,1242,62900,10
570,20180703,1243,62900,42
571,20180703,1244,62900,17
572,20180703,1245,63000,28
573,20180703,1246,62900,21
574,20180703,1247,62900,327
575,20180703,1248,63100,167
576,20180703,1249,63000,1
577,20180703,1250,63000,67
578,20180703,1251,63100,217
579,20180703,1252,63100,23
580,20180703,1253,63000,1
581,20180703,1254,63100,5
582,20180703,1255,63100,16
583,20180703,1256,63100,7
584,20180703,1257,63100,6
585,20180703,1258,63100,11
586,20180703,1259,63000,749
587,20180703,1300,62900,1
588,20180703,1301,62800,543
589,20180703,1302,63000,10
590,20180703,1303,62900,21
591,20180703,1304,62900,1
592,20180703,1305,62900,1
593,20180703,1306,62900,11
594,20180703,1307,63000,17
595,20180703,1309,63000,300
596,20180703,1310,63100,110
597,20180703,1311,63100,7
598,20180703,1312,63000,14
599,20180703,1313,63100,1
600,20180703,1314,63100,189
601,20180703,1316,62900,1
602,20180703,1317,62900,427
603,20180703,1318,62800,7
604,20180703,1319,62800,19
605,20180703,1320,62800,1
606,20180703,1321,62800,20
607,20180703,1322,62800,19
608,20180703,1323,62900,37
609,20180703,1324,62800,283
610,20180703,1325,62800,1298
611,20180703,1326,62700,367
612,20180703,1327,62600,663
613,20180703,1328,62600,91
614,20180703,1329,62700,4
615,20180703,1330,62600,8
616,20180703,1331,62600,1096
617,20180703,1332,62400,10
618,20180703,1333,62400,306
619,20180703,1334,62400,6
620,20180703,1335,62300,25
621,20180703,1336,62300,747
622,20180703,1337,62500,704
623,20180703,1338,62600,5
624,20180703,1339,62600,14
625,20180703,1340,62600,535
626,20180703,1341,62500,32
627,20180703,1342,62500,70
628,20180703,1343,62500,24
629,20180703,1344,62400,700
630,20180703,1345,62300,104
631,20180703,1346,62300,2
632,20180703,1347,62300,5
633,20180703,1348,62300,38
634,20180703,1349,62300,229
635,20180703,1350,62300,242
636,20180703,1351,62200,396
637,20180703,1352,62200,183
638,20180703,1353,62100,6546
639,20180703,1354,61700,5425
640,20180703,1355,61800,248
641,20180703,1356,61800,434
642,20180703,1357,62000,135
643,20180703,1358,62100,1999
644,20180703,1359,62400,80
645,20180703,1400,62300,2
646,20180703,1401,62300,3
647,20180703,1402,62300,6
648,20180703,1403,62400,316
649,20180703,1404,62500,31
650,20180703,1405,62400,3
651,20180703,1406,62400,15
652,20180703,1407,62400,869
653,20180703,1408,62400,13
654,20180703,1409,62400,98
655,20180703,1410,62400,67
656,20180703,1411,62400,59
657,20180703,1412,62400,90
658,20180703,1413,62400,4
659,20180703,1414,62400,210
660,20180703,1415,62500,1546
661,20180703,1416,62500,266
662,20180703,1417,62400,103
663,20180703,1418,62500,62
664,20180703,1419,62400,188
665,20180703,1420,62300,103
666,20180703,1421,62400,427
667,20180703,1422,62400,50
668,20180703,1423,62400,463
669,20180703,1424,62400,145
670,20180703,1425,62400,104
671,20180703,1426,62400,155
672,20180703,1427,62500,108
673,20180703,1428,62400,109
674,20180703,1429,62400,903
675,20180703,1430,62500,109
676,20180703,1431,62500,1325
677,20180703,1432,62700,562
678,20180703,1433,62800,184
679,20180703,1434,62800,12
680,20180703,1435,62700,117
681,20180703,1436,62700,339
682,20180703,1437,62800,223
683,20180703,1438,62800,114
684,20180703,1439,62800,22
685,20180703,1440,62800,131
686,20180703,1441,62800,119
687,20180703,1442,62800,350
688,20180703,1443,62600,86
689,20180703,1444,62500,211
690,20180703,1445,62500,256
691,20180703,1446,62500,110
692,20180703,1447,62600,267
693,20180703,1448,62500,173
694,20180703,1449,62500,272
695,20180703,1450,62400,98
696,20180703,1451,62300,171
697,20180703,1452,62400,246
698,20180703,1453,62300,271
699,20180703,1454,62200,160
700,20180703,1455,62100,25
701,20180703,1456,62100,123
702,20180703,1457,62100,602
703,20180703,1458,62200,164
704,20180703,1459,62100,244
705,20180703,1500,62100,108
706,20180703,1501,62200,687
707,20180703,1502,61900,128
708,20180703,1503,61900,640
709,20180703,1504,61900,365
710,20180703,1505,61800,184
711,20180703,1506,61900,1115
712,20180703,1507,62100,309
713,20180703,1508,62300,409
714,20180703,1509,62200,524
715,20180703,1510,62100,265
716,20180703,1511,62300,655
717,20180703,1512,62400,112
718,20180703,1513,62400,401
719,20180703,1514,62400,107
720,20180703,1515,62500,495
721,20180703,1516,62500,271
722,20180703,1517,62400,324
723,20180703,1518,62500,75
724,20180703,1519,62500,550
725,20180703,1520,62600,451
726,20180703,1530,62900,5259
0,20180704,901,62900,1797
1,20180704,902,62100,127
2,20180704,903,62500,86
3,20180704,904,63000,93
4,20180704,905,62500,163
5,20180704,906,62800,587
6,20180704,907,62900,28
7,20180704,908,62500,125
8,20180704,909,63000,19
9,20180704,910,62800,124
10,20180704,911,63000,175
11,20180704,912,62900,247
12,20180704,913,63000,182
13,20180704,914,62900,116
14,20180704,915,63000,150
15,20180704,916,63200,1669
16,20180704,917,62800,193
17,20180704,918,62500,343
18,20180704,919,62600,536
19,20180704,920,62700,24
20,20180704,922,62800,19
21,20180704,923,62800,614
22,20180704,924,62800,202
23,20180704,925,62700,241
24,20180704,926,62800,704
25,20180704,927,63200,281
26,20180704,928,62800,1001
27,20180704,929,63100,63
28,20180704,930,62800,37
29,20180704,931,63100,209
30,20180704,932,63000,9
31,20180704,933,63000,34
32,20180704,934,63000,249
33,20180704,935,63100,92
34,20180704,936,63200,10
35,20180704,937,63200,112
36,20180704,938,63300,242
37,20180704,939,63500,30
38,20180704,940,63500,170
39,20180704,941,63600,292
40,20180704,942,63500,283
41,20180704,943,63600,1866
42,20180704,944,64000,2259
43,20180704,945,64100,720
44,20180704,946,64200,2803
45,20180704,947,64200,467
46,20180704,948,64400,2613
47,20180704,949,64700,2321
48,20180704,950,64400,237
49,20180704,951,64400,2267
50,20180704,952,64900,696
51,20180704,953,64900,900
52,20180704,954,65100,647
53,20180704,955,65200,362
54,20180704,956,65300,101
55,20180704,957,65200,1159
56,20180704,958,64800,1769
57,20180704,959,64500,212
58,20180704,1000,64600,49
59,20180704,1001,64600,91
60,20180704,1002,64500,102
61,20180704,1003,64500,481
62,20180704,1004,64400,111
63,20180704,1005,64400,473
64,20180704,1006,64600,259
65,20180704,1007,64700,129
66,20180704,1008,64600,173
67,20180704,1009,64700,154
68,20180704,1010,64700,173
69,20180704,1011,64700,136
70,20180704,1012,64600,12
71,20180704,1013,64600,80
72,20180704,1014,64600,39
73,20180704,1015,64600,221
74,20180704,1016,64500,145
75,20180704,1017,64600,116
76,20180704,1018,64600,69
77,20180704,1019,64500,30
78,20180704,1020,64600,2267
79,20180704,1021,64900,2391
80,20180704,1022,65400,525
81,20180704,1023,65300,664
82,20180704,1024,65300,536
83,20180704,1025,65500,1309
84,20180704,1026,65300,73
85,20180704,1027,65200,85
86,20180704,1028,65300,140
87,20180704,1029,65200,65
88,20180704,1030,65200,153
89,20180704,1031,65100,321
90,20180704,1032,65200,742
91,20180704,1033,65300,417
92,20180704,1034,65400,186
93,20180704,1035,65500,49
94,20180704,1036,65500,37
95,20180704,1037,65500,759
96,20180704,1038,65600,829
97,20180704,1039,65800,855
98,20180704,1040,65800,1126
99,20180704,1041,65500,318
100,20180704,1042,65400,23
101,20180704,1043,65400,177
102,20180704,1044,65400,360
103,20180704,1045,65400,48
104,20180704,1046,65400,40
105,20180704,1047,65400,24
106,20180704,1048,65400,1124
107,20180704,1049,65700,498
108,20180704,1050,65700,51
109,20180704,1051,65700,234
110,20180704,1052,65600,136
111,20180704,1053,65700,1314
112,20180704,1054,65900,1458
113,20180704,1055,65900,86
114,20180704,1056,66000,447
115,20180704,1057,65900,149
116,20180704,1058,65900,1378
117,20180704,1059,65600,144
118,20180704,1100,65500,131
119,20180704,1101,65500,183
120,20180704,1102,65500,466
121,20180704,1103,65400,778
122,20180704,1104,65300,1014
123,20180704,1105,65200,187
124,20180704,1106,65300,101
125,20180704,1107,65300,134
126,20180704,1108,65300,147
127,20180704,1109,65400,300
128,20180704,1110,65100,86
129,20180704,1111,65100,89
130,20180704,1112,65100,294
131,20180704,1113,65200,396
132,20180704,1114,65300,355
133,20180704,1115,65500,353
134,20180704,1116,65700,239
135,20180704,1117,65700,260
136,20180704,1118,65700,25
137,20180704,1119,65800,5
138,20180704,1120,65700,95
139,20180704,1121,65800,638
140,20180704,1122,65800,556
141,20180704,1123,65800,443
142,20180704,1124,65600,330
143,20180704,1125,65600,265
144,20180704,1126,65500,434
145,20180704,1127,65500,405
146,20180704,1128,65600,79
147,20180704,1129,65500,60
148,20180704,1130,65400,208
149,20180704,1131,65500,843
150,20180704,1132,65700,377
151,20180704,1133,65600,143
152,20180704,1134,65600,149
153,20180704,1135,65700,25
154,20180704,1136,65700,70
155,20180704,1137,65600,58
156,20180704,1138,65600,83
157,20180704,1139,65700,132
158,20180704,1140,65600,81
159,20180704,1141,65600,289
160,20180704,1142,65700,25
161,20180704,1143,65500,177
162,20180704,1144,65500,233
163,20180704,1145,65500,36
164,20180704,1146,65500,101
165,20180704,1147,65600,422
166,20180704,1148,65600,92
167,20180704,1149,65600,808
168,20180704,1150,65700,172
169,20180704,1151,65600,102
170,20180704,1152,65600,191
171,20180704,1153,65600,167
172,20180704,1154,65700,43
173,20180704,1155,65700,84
174,20180704,1156,65600,133
175,20180704,1157,65600,119
176,20180704,1158,65700,99
177,20180704,1159,65700,188
178,20180704,1200,65700,644
179,20180704,1201,65800,5687
180,20180704,1202,66400,476
181,20180704,1203,66300,188
182,20180704,1204,66200,70
183,20180704,1205,66200,38
184,20180704,1206,66200,553
185,20180704,1207,66000,312
186,20180704,1208,66000,32
187,20180704,1209,66000,51
188,20180704,1210,65900,106
189,20180704,1211,65900,135
190,20180704,1212,65900,136
191,20180704,1213,65800,64
192,20180704,1214,66000,56
193,20180704,1215,65900,198
194,20180704,1216,65800,112
195,20180704,1217,65900,20
196,20180704,1218,65800,424
197,20180704,1219,65700,870
198,20180704,1220,65600,177
199,20180704,1221,65500,57
200,20180704,1222,65500,154
201,20180704,1223,65700,76
202,20180704,1224,65600,112
203,20180704,1225,65600,2255
204,20180704,1226,65300,115
205,20180704,1227,65100,240
206,20180704,1228,65100,682
207,20180704,1229,65000,466
208,20180704,1230,65200,165
209,20180704,1231,65100,104
210,20180704,1232,65100,85
211,20180704,1233,65100,208
212,20180704,1234,65200,326
213,20180704,1235,65300,211
214,20180704,1236,65200,25
215,20180704,1237,65200,30
216,20180704,1238,65200,357
217,20180704,1239,65400,284
218,20180704,1240,65500,100
219,20180704,1241,65400,225
220,20180704,1242,65400,395
221,20180704,1243,65300,164
222,20180704,1244,65400,127
223,20180704,1245,65300,56
224,20180704,1246,65300,22
225,20180704,1247,65300,89
226,20180704,1248,65400,235
227,20180704,1249,65400,40
228,20180704,1250,65400,72
229,20180704,1251,65400,24
230,20180704,1252,65300,94
231,20180704,1253,65400,121
232,20180704,1254,65300,120
233,20180704,1255,65500,25
234,20180704,1256,65400,135
235,20180704,1257,65500,22
236,20180704,1258,65400,487
237,20180704,1259,65200,162
238,20180704,1300,65200,155
239,20180704,1301,65200,120
240,20180704,1302,65400,135
241,20180704,1303,65200,222
242,20180704,1304,65300,14
243,20180704,1305,65400,337
244,20180704,1306,65400,145
245,20180704,1307,65300,121
246,20180704,1308,65400,43
247,20180704,1309,65400,554
248,20180704,1310,65500,71
249,20180704,1311,65500,30
250,20180704,1312,65500,57
251,20180704,1313,65500,425
252,20180704,1314,65400,167
253,20180704,1315,65400,127
254,20180704,1316,65400,18
255,20180704,1317,65400,28
256,20180704,1318,65300,1558
257,20180704,1319,65600,253
258,20180704,1320,65800,354
259,20180704,1321,65900,862
260,20180704,1322,65900,2823
261,20180704,1323,66100,366
262,20180704,1324,66200,263
263,20180704,1325,66200,136
264,20180704,1326,66200,495
265,20180704,1327,66100,179
266,20180704,1328,66300,2054
267,20180704,1329,66500,235
268,20180704,1330,66600,133
269,20180704,1331,66600,456
270,20180704,1332,66600,580
271,20180704,1333,66400,881
272,20180704,1334,66600,138
273,20180704,1335,66500,231
274,20180704,1336,66500,66
275,20180704,1337,66500,178
276,20180704,1338,66500,97
277,20180704,1339,66500,224
278,20180704,1340,66500,705
279,20180704,1341,66400,130
280,20180704,1342,66300,164
281,20180704,1343,66400,203
282,20180704,1344,66400,461
283,20180704,1345,66500,117
284,20180704,1346,66500,358
285,20180704,1347,66500,617
286,20180704,1348,66500,481
287,20180704,1349,66300,59
288,20180704,1350,66300,35
289,20180704,1351,66300,162
290,20180704,1352,66400,20
291,20180704,1353,66300,189
292,20180704,1354,66200,660
293,20180704,1355,66300,89
294,20180704,1356,66300,166
295,20180704,1357,66200,51
296,20180704,1358,66200,37
297,20180704,1359,66200,56
298,20180704,1400,66200,473
299,20180704,1401,66400,194
300,20180704,1402,66400,345
301,20180704,1403,66400,23
302,20180704,1404,66400,815
303,20180704,1405,66500,420
304,20180704,1406,66600,108
305,20180704,1407,66500,147
306,20180704,1408,66600,107
307,20180704,1409,66500,195
308,20180704,1410,66500,320
309,20180704,1411,66400,39
310,20180704,1412,66500,8
311,20180704,1413,66500,26
312,20180704,1414,66500,75
313,20180704,1415,66500,31
314,20180704,1416,66400,477
315,20180704,1417,66400,58
316,20180704,1418,66400,30
317,20180704,1419,66400,142
318,20180704,1420,66400,291
319,20180704,1421,66300,30
320,20180704,1422,66300,420
321,20180704,1423,66400,82
322,20180704,1424,66400,1498
323,20180704,1425,66500,1403
324,20180704,1426,66700,231
325,20180704,1427,66700,676
326,20180704,1428,66700,74
327,20180704,1429,66800,358
328,20180704,1430,66800,628
329,20180704,1431,66900,499
330,20180704,1432,66900,149
331,20180704,1433,66900,971
332,20180704,1434,66600,26
333,20180704,1435,66700,1065
334,20180704,1436,66700,21
335,20180704,1437,66600,263
336,20180704,1438,66500,118
337,20180704,1439,66600,177
338,20180704,1440,66700,61
339,20180704,1441,66700,288
340,20180704,1442,66600,576
341,20180704,1443,66500,297
342,20180704,1444,66400,290
343,20180704,1445,66500,427
344,20180704,1446,66500,85
345,20180704,1447,66400,56
346,20180704,1448,66400,131
347,20180704,1449,66400,36
348,20180704,1450,66400,408
349,20180704,1451,66600,251
350,20180704,1452,66500,123
351,20180704,1453,66500,33
352,20180704,1454,66500,53
353,20180704,1455,66500,789
354,20180704,1456,66400,138
355,20180704,1457,66300,75
356,20180704,1458,66400,197
357,20180704,1459,66400,21
358,20180704,1500,66400,59
359,20180704,1501,66400,82
360,20180704,1502,66500,750
361,20180704,1503,66700,85
362,20180704,1504,66700,828
363,20180704,1505,66800,868
364,20180704,1506,66400,25
365,20180704,1507,66400,12
366,20180704,1508,66500,613
367,20180704,1509,66300,15
368,20180704,1510,66400,665
369,20180704,1511,66500,158
370,20180704,1512,66500,737
371,20180704,1513,66600,503
372,20180704,1514,66600,360
373,20180704,1515,66700,707
374,20180704,1516,66500,29
375,20180704,1517,66600,28
376,20180704,1518,66500,34
377,20180704,1519,66600,23
378,20180704,1520,66600,95
379,20180704,1530,66600,1551
380,20180705,901,67000,1179
381,20180705,902,66900,1452
382,20180705,903,66500,29
383,20180705,904,66500,141
384,20180705,905,66300,1394
385,20180705,906,66000,285
386,20180705,907,66000,315
387,20180705,908,65900,419
388,20180705,909,65700,268
389,20180705,910,65600,325
390,20180705,911,65600,38
391,20180705,912,65600,173
392,20180705,913,65700,84
393,20180705,914,65700,676
394,20180705,915,66100,9
395,20180705,916,65900,156
396,20180705,917,66000,360
397,20180705,918,65900,233
398,20180705,919,65800,144
399,20180705,920,65800,365
400,20180705,921,66000,1313
401,20180705,922,66000,819
402,20180705,923,66200,70
403,20180705,924,66200,723
404,20180705,925,65900,42
405,20180705,926,66100,2195
406,20180705,927,66500,1014
407,20180705,928,66800,2569
408,20180705,929,66400,39
409,20180705,930,66200,10
410,20180705,931,66100,207
411,20180705,932,66200,385
412,20180705,933,66200,643
413,20180705,934,65900,481
414,20180705,935,66000,1098
415,20180705,936,65800,760
416,20180705,937,65800,1
417,20180705,938,65800,380
418,20180705,939,65700,282
419,20180705,940,65700,218
420,20180705,941,65500,2681
421,20180705,942,65200,661
422,20180705,943,65500,305
423,20180705,944,65400,3
424,20180705,945,65500,74
425,20180705,946,65500,550
426,20180705,947,65600,52
427,20180705,948,65500,439
428,20180705,949,65500,1317
429,20180705,950,65300,106
430,20180705,951,65400,84
431,20180705,952,65400,103
432,20180705,953,65400,264
433,20180705,954,65400,57
434,20180705,955,65300,625
435,20180705,956,65200,3110
436,20180705,957,64700,2226
437,20180705,958,64700,242
438,20180705,959,64900,7
439,20180705,1000,64900,724
440,20180705,1001,64600,538
441,20180705,1002,64600,82
442,20180705,1003,64500,606
443,20180705,1004,64300,99
444,20180705,1005,64300,21
445,20180705,1006,64300,579
446,20180705,1007,64100,99
447,20180705,1008,64100,809
448,20180705,1009,64100,66
449,20180705,1010,64100,1329
450,20180705,1011,64500,166
451,20180705,1012,64400,327
452,20180705,1013,64700,622
453,20180705,1014,64600,255
454,20180705,1015,64500,53
455,20180705,1016,64500,141
456,20180705,1017,64400,195
457,20180705,1018,64400,120
458,20180705,1019,64500,2
459,20180705,1020,64400,198
460,20180705,1021,64400,267
461,20180705,1022,64300,4106
462,20180705,1023,63700,1958
463,20180705,1024,64000,102
464,20180705,1025,64000,63
465,20180705,1026,64000,1125
466,20180705,1027,64100,595
467,20180705,1028,64300,357
468,20180705,1029,64400,192
469,20180705,1030,64300,83
470,20180705,1031,64300,6
471,20180705,1032,64300,64
472,20180705,1033,64300,2
473,20180705,1034,64300,698
474,20180705,1035,64700,53
475,20180705,1036,64600,275
476,20180705,1037,64900,350
477,20180705,1038,65000,180
478,20180705,1039,64800,53
479,20180705,1040,64800,216
480,20180705,1041,64800,300
481,20180705,1042,64800,49
482,20180705,1043,64800,6
483,20180705,1044,64800,3
484,20180705,1045,64800,22
485,20180705,1047,64800,70
486,20180705,1048,64700,200
487,20180705,1049,64600,319
488,20180705,1050,64500,337
489,20180705,1051,64600,5
490,20180705,1052,64600,194
491,20180705,1053,64700,20
492,20180705,1054,64600,333
493,20180705,1055,64500,215
494,20180705,1056,64500,219
495,20180705,1057,64700,69
496,20180705,1058,64700,6
497,20180705,1059,64800,140
498,20180705,1100,64700,124
499,20180705,1102,64800,342
500,20180705,1103,64900,440
501,20180705,1104,64900,74
502,20180705,1105,64800,138
503,20180705,1106,64800,242
504,20180705,1108,64800,470
505,20180705,1109,64900,5
506,20180705,1110,64900,11
507,20180705,1112,64900,2067
508,20180705,1113,64600,308
509,20180705,1114,64700,3
510,20180705,1115,64600,64
511,20180705,1116,64700,18
512,20180705,1117,64700,218
513,20180705,1118,64600,2
514,20180705,1119,64600,35
515,20180705,1120,64600,110
516,20180705,1121,64600,260
517,20180705,1122,64700,112
518,20180705,1123,64700,74
519,20180705,1126,64800,1
520,20180705,1127,64800,54
521,20180705,1129,64800,1
522,20180705,1131,64800,2
523,20180705,1132,64800,1
524,20180705,1134,64700,173
525,20180705,1135,64800,3
526,20180705,1137,64700,4
527,20180705,1138,64700,6
528,20180705,1139,64800,3
529,20180705,1140,64800,332
530,20180705,1141,64900,1
531,20180705,1142,64800,22
532,20180705,1146,64900,18
533,20180705,1147,64800,3
534,20180705,1148,64900,1
535,20180705,1149,64800,169
536,20180705,1150,64800,23
537,20180705,1151,64800,3
538,20180705,1152,64800,74
539,20180705,1153,64800,997
540,20180705,1154,64600,404
541,20180705,1155,64500,40
542,20180705,1156,64500,3
543,20180705,1157,64500,4
544,20180705,1158,64500,110
545,20180705,1200,64500,1363
546,20180705,1201,64400,526
547,20180705,1202,64500,169
548,20180705,1203,64400,137
549,20180705,1205,64400,303
550,20180705,1206,64400,104
551,20180705,1208,64500,41
552,20180705,1209,64500,76
553,20180705,1210,64500,66
554,20180705,1211,64500,76
555,20180705,1212,64500,391
556,20180705,1213,64500,92
557,20180705,1214,64500,102
558,20180705,1215,64500,4403
559,20180705,1216,64100,1
560,20180705,1217,64100,4
561,20180705,1218,64300,180
562,20180705,1219,64300,9
563,20180705,1220,64400,349
564,20180705,1221,64300,27
565,20180705,1222,64400,630
566,20180705,1223,64500,1
567,20180705,1224,64500,103
568,20180705,1225,64500,24
569,20180705,1226,64400,56
570,20180705,1227,64300,25
571,20180705,1228,64300,8
572,20180705,1229,64300,17
573,20180705,1230,64200,234
574,20180705,1231,64200,113
575,20180705,1232,64100,219
576,20180705,1233,64100,113
577,20180705,1234,64100,52
578,20180705,1235,64000,22
579,20180705,1236,64100,122
580,20180705,1237,64100,166
581,20180705,1238,64200,28
582,20180705,1239,64100,62
583,20180705,1240,64300,37
584,20180705,1241,64400,72
585,20180705,1242,64400,60
586,20180705,1243,64400,65
587,20180705,1244,64200,4
588,20180705,1245,64300,19
589,20180705,1246,64200,2
590,20180705,1247,64200,78
591,20180705,1248,64300,2
592,20180705,1249,64300,12
593,20180705,1250,64200,95
594,20180705,1251,64100,375
595,20180705,1252,64400,38
596,20180705,1253,64400,2
597,20180705,1255,64400,11
598,20180705,1256,64400,3
599,20180705,1257,64300,1030
600,20180705,1258,64000,1040
601,20180705,1259,64000,143
602,20180705,1300,64000,361
603,20180705,1301,64000,112
604,20180705,1302,64000,173
605,20180705,1303,64000,45
606,20180705,1304,63900,282
607,20180705,1305,63900,104
608,20180705,1306,63900,231
609,20180705,1307,64000,386
610,20180705,1308,64200,105
611,20180705,1309,64000,107
612,20180705,1310,64000,72
613,20180705,1311,64100,42
614,20180705,1312,64100,27
615,20180705,1313,64000,87
616,20180705,1314,64100,87
617,20180705,1315,64300,1
618,20180705,1316,64300,52
619,20180705,1318,64300,1
620,20180705,1320,64300,33
621,20180705,1321,64300,122
622,20180705,1322,64100,321
623,20180705,1323,64200,123
624,20180705,1324,64100,20
625,20180705,1326,64200,24
626,20180705,1327,64100,12
627,20180705,1328,64200,3
628,20180705,1329,64200,8
629,20180705,1330,64200,1
630,20180705,1331,64200,12
631,20180705,1332,64100,63
632,20180705,1333,64200,26
633,20180705,1334,64200,303
634,20180705,1335,64300,1
635,20180705,1336,64200,5
636,20180705,1337,64300,39
637,20180705,1338,64300,92
638,20180705,1339,64400,1
639,20180705,1342,64400,282
640,20180705,1343,64300,61
641,20180705,1344,64300,26
642,20180705,1345,64300,47
643,20180705,1346,64400,196
644,20180705,1347,64500,1
645,20180705,1348,64500,16
646,20180705,1349,64500,137
647,20180705,1350,64500,115
648,20180705,1351,64500,42
649,20180705,1352,64500,3
650,20180705,1353,64500,1169
651,20180705,1354,64600,23
652,20180705,1355,64600,24
653,20180705,1356,64600,109
654,20180705,1357,64600,4
655,20180705,1358,64600,3
656,20180705,1359,64600,54
657,20180705,1400,64600,5
658,20180705,1401,64600,205
659,20180705,1402,64500,52
660,20180705,1403,64500,153
661,20180705,1404,64400,115
662,20180705,1405,64500,1252
663,20180705,1406,64300,3
664,20180705,1407,64300,3
665,20180705,1408,64300,270
666,20180705,1409,64300,7
667,20180705,1410,64300,2
668,20180705,1411,64300,680
669,20180705,1412,64400,39
670,20180705,1413,64400,2
671,20180705,1414,64400,232
672,20180705,1415,64200,244
673,20180705,1416,64100,177
674,20180705,1417,64200,54
675,20180705,1418,64100,278
676,20180705,1419,64300,3
677,20180705,1420,64200,303
678,20180705,1421,64400,18
679,20180705,1422,64400,3
680,20180705,1423,64400,4
681,20180705,1424,64400,4
682,20180705,1425,64400,21
683,20180705,1426,64400,36
684,20180705,1427,64400,10
685,20180705,1428,64400,70
686,20180705,1429,64400,243
687,20180705,1430,64400,7
688,20180705,1431,64400,3
689,20180705,1432,64400,6
690,20180705,1433,64300,137
691,20180705,1434,64400,98
692,20180705,1435,64400,131
693,20180705,1436,64400,4
694,20180705,1437,64400,1
695,20180705,1438,64400,54
696,20180705,1439,64400,364
697,20180705,1440,64400,111
698,20180705,1441,64400,367
699,20180705,1442,64500,2
700,20180705,1443,64400,33
701,20180705,1444,64500,94
702,20180705,1445,64500,6
703,20180705,1446,64500,38
704,20180705,1447,64500,144
705,20180705,1448,64500,731
706,20180705,1449,64800,6
707,20180705,1450,64800,79
708,20180705,1451,64800,2790
709,20180705,1452,65000,1260
710,20180705,1453,65400,980
711,20180705,1454,65000,398
712,20180705,1455,65200,135
713,20180705,1456,65200,36
714,20180705,1457,65200,120
715,20180705,1458,65300,332
716,20180705,1459,65500,2923
717,20180705,1500,65900,284
718,20180705,1501,65700,206
719,20180705,1502,65400,188
720,20180705,1503,65600,246
721,20180705,1504,65600,30
722,20180705,1505,65400,166
723,20180705,1506,65400,322
724,20180705,1507,65400,5
725,20180705,1508,65700,187
726,20180705,1509,65700,160
727,20180705,1510,65700,512
728,20180705,1511,65700,449
729,20180705,1512,65900,219
730,20180705,1513,65700,104
731,20180705,1514,65400,117
732,20180705,1515,65400,248
733,20180705,1516,65400,49
734,20180705,1517,65300,359
735,20180705,1518,65600,97
736,20180705,1519,65600,108
737,20180705,1520,65300,139
738,20180705,1530,65400,4821
739,20180706,901,65000,497
740,20180706,902,65400,177
741,20180706,903,65400,201
742,20180706,904,65300,346
743,20180706,905,65000,261
744,20180706,906,65100,136
745,20180706,907,65100,208
746,20180706,909,65200,63
747,20180706,910,65200,906
748,20180706,911,65100,91
749,20180706,912,65000,167
750,20180706,913,64900,1
751,20180706,914,64800,82
752,20180706,915,64800,144
753,20180706,916,64700,236
754,20180706,917,64300,974
755,20180706,918,64300,229
756,20180706,919,64500,59
757,20180706,920,64400,343
758,20180706,921,64500,85
759,20180706,922,64700,92
760,20180706,923,64700,13
761,20180706,924,64600,126
762,20180706,925,64600,45
763,20180706,926,64600,105
764,20180706,927,64600,280
765,20180706,928,64600,155
766,20180706,929,64600,30
767,20180706,930,64700,20
768,20180706,931,64700,419
769,20180706,932,65100,48
770,20180706,933,65100,130
771,20180706,934,64900,38
772,20180706,935,65000,1145
773,20180706,936,64700,388
774,20180706,937,64900,18
775,20180706,938,64800,184
776,20180706,939,64900,84
777,20180706,940,65000,17
778,20180706,941,64900,25
779,20180706,942,64900,427
780,20180706,944,65100,86
781,20180706,945,65000,321
782,20180706,947,64900,39
783,20180706,948,64900,420
784,20180706,949,65000,49
785,20180706,950,65100,6
786,20180706,951,65000,36
787,20180706,952,65000,85
788,20180706,953,64900,31
789,20180706,954,64900,87
790,20180706,955,64900,35
791,20180706,958,64800,80
792,20180706,959,64900,31
793,20180706,1000,64700,38
794,20180706,1002,64800,56
795,20180706,1003,64800,43
796,20180706,1004,64900,15
797,20180706,1005,64800,73
798,20180706,1006,64900,32
799,20180706,1007,64900,49
800,20180706,1008,64900,110
801,20180706,1010,64900,16
802,20180706,1011,64900,38
803,20180706,1013,64900,62
804,20180706,1015,64900,12
805,20180706,1016,64800,34
806,20180706,1017,64900,50
807,20180706,1018,64800,11
808,20180706,1019,64800,83
809,20180706,1020,64800,64
810,20180706,1021,64900,120
811,20180706,1022,64700,3
812,20180706,1023,64900,50
813,20180706,1024,64900,60
814,20180706,1025,65000,52
815,20180706,1026,65000,9
816,20180706,1027,65000,63
817,20180706,1028,64800,2
818,20180706,1029,64900,51
819,20180706,1030,64900,25
820,20180706,1031,64900,107
821,20180706,1032,64800,156
822,20180706,1033,64600,39
823,20180706,1034,64700,240
824,20180706,1035,64600,324
825,20180706,1036,64700,109
826,20180706,1037,64800,42
827,20180706,1039,64700,23
828,20180706,1041,64900,154
829,20180706,1042,65100,28
830,20180706,1043,65000,302
831,20180706,1044,65100,29
832,20180706,1046,65000,351
833,20180706,1048,65100,45
834,20180706,1049,65000,1
835,20180706,1050,65100,41
836,20180706,1051,65000,30
837,20180706,1052,65100,88
838,20180706,1053,65100,5
839,20180706,1054,65000,126
840,20180706,1055,65000,44
841,20180706,1056,64600,27
842,20180706,1057,64700,41
843,20180706,1058,64700,112
844,20180706,1059,64900,2
845,20180706,1100,64700,135
846,20180706,1101,64600,26
847,20180706,1102,64500,431
848,20180706,1103,64900,44
849,20180706,1104,64800,4
850,20180706,1106,64700,41
851,20180706,1107,64600,88
852,20180706,1108,64700,90
853,20180706,1109,64800,10
854,20180706,1110,64800,68
855,20180706,1111,64800,1
856,20180706,1112,64800,198
857,20180706,1113,64900,52
858,20180706,1114,64900,12
859,20180706,1115,64700,38
860,20180706,1117,64800,93
861,20180706,1118,64700,92
862,20180706,1119,64900,15
863,20180706,1120,64900,6
864,20180706,1121,64800,208
865,20180706,1122,64800,75
866,20180706,1124,64900,62
867,20180706,1126,64800,36
868,20180706,1127,64600,256
869,20180706,1128,64500,372
870,20180706,1129,64600,107
871,20180706,1130,64500,1318
872,20180706,1131,64300,568
873,20180706,1132,64100,878
874,20180706,1133,64100,1000
875,20180706,1134,64100,174
876,20180706,1135,64100,5
877,20180706,1136,64200,290
878,20180706,1137,64400,60
879,20180706,1139,64400,73
880,20180706,1140,64200,113
881,20180706,1141,64300,1
882,20180706,1142,64400,25
883,20180706,1143,64400,81
884,20180706,1144,64400,35
885,20180706,1145,64400,96
886,20180706,1147,64300,1
887,20180706,1148,64300,60
888,20180706,1149,64300,20
889,20180706,1150,64300,40
890,20180706,1151,64400,23
891,20180706,1152,64400,16
892,20180706,1154,64400,88
893,20180706,1155,64400,8
894,20180706,1156,64400,32
895,20180706,1158,64200,1
896,20180706,1200,64300,356
897,20180706,1201,64700,40
898,20180706,1203,64700,1
899,20180706,1204,64500,3
900,20180706,1205,64600,9
901,20180706,1206,64500,205
902,20180706,1207,64500,80
903,20180706,1208,64400,165
904,20180706,1209,64300,1
905,20180706,1210,64300,82
906,20180706,1211,64400,36
907,20180706,1212,64400,48
908,20180706,1215,64300,41
909,20180706,1216,64400,39
910,20180706,1217,64400,116
911,20180706,1218,64600,32
912,20180706,1219,64600,35
913,20180706,1220,64600,7
914,20180706,1221,64400,1
915,20180706,1222,64600,51
916,20180706,1223,64600,160
917,20180706,1224,64700,9
918,20180706,1225,64400,340
919,20180706,1226,64400,6
920,20180706,1228,64600,28
921,20180706,1229,64700,7
922,20180706,1231,64700,367
923,20180706,1232,64800,366
924,20180706,1233,64700,65
925,20180706,1234,64500,9
926,20180706,1235,64400,39
927,20180706,1236,64500,6
928,20180706,1237,64500,11
929,20180706,1238,64400,1
930,20180706,1240,64400,229
931,20180706,1242,64300,2
932,20180706,1243,64300,75
933,20180706,1244,64300,114
934,20180706,1245,64500,27
935,20180706,1246,64400,79
936,20180706,1247,64300,258
937,20180706,1248,64400,180
938,20180706,1249,64400,1
939,20180706,1250,64600,16
940,20180706,1254,64600,76
941,20180706,1256,64600,13
942,20180706,1257,64600,500
943,20180706,1300,64700,42
944,20180706,1301,64700,35
945,20180706,1302,64600,135
946,20180706,1304,64600,30
947,20180706,1305,64700,26
948,20180706,1306,64500,62
949,20180706,1308,64400,6
950,20180706,1309,64300,176
951,20180706,1310,64700,38
952,20180706,1311,64800,84
953,20180706,1312,64800,513
954,20180706,1313,65000,1471
955,20180706,1314,65400,192
956,20180706,1315,65200,49
957,20180706,1316,65200,133
958,20180706,1317,65200,121
959,20180706,1319,65200,117
960,20180706,1320,65100,89
961,20180706,1321,65200,35
962,20180706,1322,65100,13
963,20180706,1323,65000,22
964,20180706,1324,65100,57
965,20180706,1325,65100,372
966,20180706,1326,65300,65
967,20180706,1327,65300,54
968,20180706,1328,65300,38
969,20180706,1329,65300,143
970,20180706,1330,65300,55
971,20180706,1331,65300,51
972,20180706,1332,65300,71
973,20180706,1333,65300,50
974,20180706,1334,65300,46
975,20180706,1335,65300,32
976,20180706,1336,65300,40
977,20180706,1337,65300,77
978,20180706,1338,65300,81
979,20180706,1339,65300,125
980,20180706,1340,65200,73
981,20180706,1341,65400,312
982,20180706,1342,65400,267
983,20180706,1343,65500,114
984,20180706,1344,65400,221
985,20180706,1345,65400,481
986,20180706,1346,65200,207
987,20180706,1347,65200,3734
988,20180706,1348,65500,105
989,20180706,1349,65500,125
990,20180706,1350,65500,42
991,20180706,1351,65500,143
992,20180706,1352,65600,27
993,20180706,1353,65600,459
994,20180706,1354,65800,345
995,20180706,1355,65800,134
996,20180706,1356,65800,410
997,20180706,1357,65700,130
998,20180706,1358,65900,1891
999,20180706,1359,66200,756
1000,20180706,1400,66100,149
1001,20180706,1401,66100,373
1002,20180706,1402,66000,115
1003,20180706,1403,66000,140
1004,20180706,1404,66000,301
1005,20180706,1405,66000,181
1006,20180706,1406,66000,173
1007,20180706,1407,66100,80
1008,20180706,1408,66100,36
1009,20180706,1409,66100,315
1010,20180706,1410,66200,65
1011,20180706,1411,66200,322
1012,20180706,1412,66100,172
1013,20180706,1413,66100,34
1014,20180706,1414,66100,249
1015,20180706,1415,66100,280
1016,20180706,1416,66100,150
1017,20180706,1417,66200,247
1018,20180706,1418,66300,316
1019,20180706,1419,66300,50
1020,20180706,1420,66300,139
1021,20180706,1421,66200,307
1022,20180706,1422,66000,242
1023,20180706,1423,66000,222
1024,20180706,1424,66200,39
1025,20180706,1425,66200,75
1026,20180706,1426,66200,223
1027,20180706,1427,66300,606
1028,20180706,1428,66500,245
1029,20180706,1429,66500,368
1030,20180706,1430,66600,208
1031,20180706,1431,66700,62
1032,20180706,1432,66700,849
1033,20180706,1433,66700,358
1034,20180706,1434,66600,336
1035,20180706,1435,66700,168
1036,20180706,1436,66500,140
1037,20180706,1437,66600,2275
1038,20180706,1438,66300,417
1039,20180706,1439,66200,466
1040,20180706,1440,66200,117
1041,20180706,1441,66100,665
1042,20180706,1442,66400,139
1043,20180706,1443,66600,279
1044,20180706,1444,66500,281
1045,20180706,1445,66500,103
1046,20180706,1446,66600,128
1047,20180706,1447,66600,100
1048,20180706,1448,66500,183
1049,20180706,1449,66500,140
1050,20180706,1450,66500,51
1051,20180706,1451,66500,37
1052,20180706,1452,66500,59
1053,20180706,1453,66500,287
1054,20180706,1454,66600,114
1055,20180706,1455,66600,138
1056,20180706,1456,66600,136
1057,20180706,1457,66600,713
1058,20180706,1458,66600,35
1059,20180706,1459,66500,202
1060,20180706,1500,66500,776
1061,20180706,1501,66600,55
1062,20180706,1502,66600,77
1063,20180706,1503,66500,428
1064,20180706,1504,66700,394
1065,20180706,1505,66800,677
1066,20180706,1506,66900,886
1067,20180706,1507,66800,2128
1068,20180706,1508,66800,342
1069,20180706,1509,66700,105
1070,20180706,1510,66600,434
1071,20180706,1511,66800,60
1072,20180706,1512,66600,51
1073,20180706,1513,66700,121
1074,20180706,1514,66600,392
1075,20180706,1515,66200,222
1076,20180706,1516,66600,61
1077,20180706,1517,66600,292
1078,20180706,1518,66600,59
1079,20180706,1519,66700,169
1080,20180706,1520,66500,87
1081,20180706,1530,66700,7156
0,20180709,901,66600,505
1,20180709,902,66400,183
2,20180709,903,66300,287
3,20180709,904,66700,84
4,20180709,905,66400,193
5,20180709,906,66700,318
6,20180709,907,66800,61
7,20180709,908,66800,107
8,20180709,909,66700,3184
9,20180709,910,67000,1928
10,20180709,911,67000,982
11,20180709,912,67000,482
12,20180709,913,67000,110
13,20180709,914,67000,674
14,20180709,915,67000,33
15,20180709,916,66900,740
16,20180709,917,66700,723
17,20180709,918,66800,394
18,20180709,919,66800,74
19,20180709,920,66800,2323
20,20180709,921,67000,252
21,20180709,922,66900,3692
22,20180709,923,67200,456
23,20180709,924,67200,847
24,20180709,925,67200,36
25,20180709,926,67200,81
26,20180709,927,67300,1470
27,20180709,928,67100,65
28,20180709,929,67100,1251
29,20180709,930,66700,19
30,20180709,931,66700,372
31,20180709,932,66800,74
32,20180709,933,66700,14
33,20180709,934,66800,138
34,20180709,935,66700,439
35,20180709,936,66500,495
36,20180709,937,66600,12
37,20180709,938,66500,548
38,20180709,939,66500,292
39,20180709,940,66400,78
40,20180709,941,66400,123
41,20180709,942,66400,289
42,20180709,944,66400,87
43,20180709,945,66300,153
44,20180709,947,66300,33
45,20180709,948,66300,29
46,20180709,949,66300,58
47,20180709,950,66300,61
48,20180709,952,66300,113
49,20180709,953,66300,568
50,20180709,954,66300,1520
51,20180709,955,66000,93
52,20180709,956,66000,462
53,20180709,957,66000,27
54,20180709,958,66100,28
55,20180709,959,66100,75
56,20180709,1000,66100,121
57,20180709,1001,66400,5
58,20180709,1002,66400,652
59,20180709,1003,66300,3
60,20180709,1004,66300,63
61,20180709,1005,66200,58
62,20180709,1006,66200,378
63,20180709,1007,66500,52
64,20180709,1008,66400,44
65,20180709,1009,66500,72
66,20180709,1010,66500,23
67,20180709,1011,66500,3
68,20180709,1012,66500,133
69,20180709,1013,66500,52
70,20180709,1014,66500,81
71,20180709,1015,66500,8
72,20180709,1016,66400,43
73,20180709,1017,66500,25
74,20180709,1018,66400,63
75,20180709,1019,66400,154
76,20180709,1020,66500,3
77,20180709,1021,66500,2
78,20180709,1022,66500,575
79,20180709,1023,66600,1044
80,20180709,1024,66800,25
81,20180709,1025,66700,257
82,20180709,1026,66600,3
83,20180709,1027,66700,101
84,20180709,1028,66800,365
85,20180709,1029,66700,15
86,20180709,1030,66700,41
87,20180709,1031,66600,115
88,20180709,1032,66800,142
89,20180709,1033,66700,57
90,20180709,1034,66800,576
91,20180709,1035,67000,61
92,20180709,1036,67000,400
93,20180709,1037,67100,149
94,20180709,1038,67100,12
95,20180709,1039,67100,46
96,20180709,1040,67100,187
97,20180709,1041,67100,34
98,20180709,1042,67100,4
99,20180709,1043,67200,203
100,20180709,1044,67100,416
101,20180709,1045,67100,377
102,20180709,1046,67100,619
103,20180709,1047,67100,294
104,20180709,1048,67200,80
105,20180709,1049,67100,125
106,20180709,1050,67200,11
107,20180709,1051,67200,7
108,20180709,1052,67100,22
109,20180709,1053,67200,61
110,20180709,1054,67100,64
111,20180709,1055,67200,3
112,20180709,1056,67100,21
113,20180709,1057,67200,76
114,20180709,1058,67200,3
115,20180709,1059,67200,207
116,20180709,1100,67100,423
117,20180709,1101,67200,26
118,20180709,1102,67100,444
119,20180709,1103,67200,972
120,20180709,1104,67100,108
121,20180709,1105,67200,1207
122,20180709,1106,67300,16
123,20180709,1107,67300,261
124,20180709,1108,67400,80
125,20180709,1109,67400,266
126,20180709,1110,67300,388
127,20180709,1111,67300,77
128,20180709,1112,67200,12
129,20180709,1113,67300,161
130,20180709,1114,67300,2
131,20180709,1115,67300,3
132,20180709,1116,67300,24
133,20180709,1117,67200,221
134,20180709,1118,67200,177
135,20180709,1119,67300,215
136,20180709,1120,67300,106
137,20180709,1121,67400,57
138,20180709,1122,67300,160
139,20180709,1123,67400,75
140,20180709,1124,67300,34
141,20180709,1125,67200,175
142,20180709,1126,67200,25
143,20180709,1127,67300,36
144,20180709,1128,67300,211
145,20180709,1129,67400,110
146,20180709,1130,67400,14
147,20180709,1131,67400,10
148,20180709,1132,67300,123
149,20180709,1133,67300,65
150,20180709,1134,67400,188
151,20180709,1135,67300,2
152,20180709,1136,67400,32
153,20180709,1137,67300,8
154,20180709,1138,67400,93
155,20180709,1139,67300,486
156,20180709,1140,67300,138
157,20180709,1141,67400,40
158,20180709,1142,67400,296
159,20180709,1143,67300,86
160,20180709,1144,67300,132
161,20180709,1145,67400,80
162,20180709,1146,67400,124
163,20180709,1147,67300,22
164,20180709,1148,67300,32
165,20180709,1150,67400,528
166,20180709,1151,67300,30
167,20180709,1153,67200,252
168,20180709,1154,67200,8
169,20180709,1155,67200,55
170,20180709,1156,67300,36
171,20180709,1157,67200,3
172,20180709,1158,67300,33
173,20180709,1159,67300,3
174,20180709,1200,67200,4
175,20180709,1201,67300,386
176,20180709,1202,67400,55
177,20180709,1203,67400,30
178,20180709,1204,67400,161
179,20180709,1205,67300,162
180,20180709,1206,67400,167
181,20180709,1207,67300,71
182,20180709,1208,67300,112
183,20180709,1209,67300,729
184,20180709,1210,67400,141
185,20180709,1211,67400,461
186,20180709,1212,67400,123
187,20180709,1213,67400,628
188,20180709,1214,67500,51
189,20180709,1215,67300,39
190,20180709,1216,67500,68
191,20180709,1217,67400,104
192,20180709,1218,67400,54
193,20180709,1219,67400,12
194,20180709,1220,67400,70
195,20180709,1221,67400,271
196,20180709,1222,67500,70
197,20180709,1223,67500,1744
198,20180709,1224,67500,166
199,20180709,1225,67700,1447
200,20180709,1226,67900,931
201,20180709,1227,68000,315
202,20180709,1228,67900,449
203,20180709,1229,67800,74
204,20180709,1230,67800,211
205,20180709,1231,67900,404
206,20180709,1232,68000,806
207,20180709,1233,68200,53
208,20180709,1234,68300,709
209,20180709,1235,68200,106
210,20180709,1236,68100,6
211,20180709,1237,68100,107
212,20180709,1238,68100,98
213,20180709,1239,68200,98
214,20180709,1240,68300,90
215,20180709,1241,68300,373
216,20180709,1242,68200,253
217,20180709,1243,68100,56
218,20180709,1244,68100,117
219,20180709,1245,68100,605
220,20180709,1246,67800,55
221,20180709,1247,67900,250
222,20180709,1248,67800,25
223,20180709,1249,67900,46
224,20180709,1250,68000,14
225,20180709,1251,67800,172
226,20180709,1252,67800,52
227,20180709,1253,67900,262
228,20180709,1254,67800,70
229,20180709,1255,67700,165
230,20180709,1256,67600,40
231,20180709,1257,67700,92
232,20180709,1258,67900,30
233,20180709,1259,67900,27
234,20180709,1300,67900,62
235,20180709,1301,67900,108
236,20180709,1302,67800,103
237,20180709,1303,67800,193
238,20180709,1304,67900,83
239,20180709,1305,67900,85
240,20180709,1306,67900,278
241,20180709,1307,67700,95
242,20180709,1308,67800,148
243,20180709,1309,67900,55
244,20180709,1310,67700,315
245,20180709,1311,67600,103
246,20180709,1312,67500,44
247,20180709,1313,67700,74
248,20180709,1314,67600,46
249,20180709,1315,67600,49
250,20180709,1316,67600,51
251,20180709,1317,67600,42
252,20180709,1318,67600,79
253,20180709,1319,67600,20
254,20180709,1320,67600,121
255,20180709,1321,67600,349
256,20180709,1322,67400,887
257,20180709,1323,67400,85
258,20180709,1324,67500,538
259,20180709,1325,67500,91
260,20180709,1326,67600,139
261,20180709,1327,67700,97
262,20180709,1328,67500,8
263,20180709,1329,67500,8
264,20180709,1330,67600,91
265,20180709,1331,67700,77
266,20180709,1332,67700,93
267,20180709,1333,67600,48
268,20180709,1334,67700,48
269,20180709,1335,67600,123
270,20180709,1336,67700,134
271,20180709,1337,67600,315
272,20180709,1338,67500,163
273,20180709,1339,67500,65
274,20180709,1340,67500,43
275,20180709,1341,67500,239
276,20180709,1342,67600,34
277,20180709,1343,67600,29
278,20180709,1344,67600,78
279,20180709,1345,67600,1986
280,20180709,1346,67900,181
281,20180709,1347,67700,334
282,20180709,1348,67800,123
283,20180709,1349,67800,50
284,20180709,1350,67800,3
285,20180709,1351,67800,60
286,20180709,1352,67800,126
287,20180709,1353,67900,126
288,20180709,1354,67700,48
289,20180709,1355,67800,96
290,20180709,1356,67800,146
291,20180709,1357,67800,273
292,20180709,1358,67900,1405
293,20180709,1359,68200,798
294,20180709,1400,68000,94
295,20180709,1401,67900,50
296,20180709,1402,67800,514
297,20180709,1403,67800,134
298,20180709,1404,67800,875
299,20180709,1405,67700,24
300,20180709,1406,67700,47
301,20180709,1407,67700,269
302,20180709,1408,67700,166
303,20180709,1409,67800,283
304,20180709,1410,67800,14
305,20180709,1411,67800,50
306,20180709,1412,67700,58
307,20180709,1413,67800,176
308,20180709,1414,67700,49
309,20180709,1415,67700,375
310,20180709,1416,67700,391
311,20180709,1417,67600,9
312,20180709,1418,67600,122
313,20180709,1419,67700,235
314,20180709,1420,67700,383
315,20180709,1421,67700,255
316,20180709,1422,67700,21
317,20180709,1423,67700,230
318,20180709,1424,67600,74
319,20180709,1425,67700,205
320,20180709,1426,67700,48
321,20180709,1427,67800,57
322,20180709,1428,67800,93
323,20180709,1429,67800,127
324,20180709,1430,67700,107
325,20180709,1431,67600,64
326,20180709,1432,67700,119
327,20180709,1433,67700,48
328,20180709,1434,67700,77
329,20180709,1435,67700,138
330,20180709,1436,67700,202
331,20180709,1437,67800,83
332,20180709,1438,67700,919
333,20180709,1439,67600,131
334,20180709,1440,67600,227
335,20180709,1441,67600,45
336,20180709,1442,67600,589
337,20180709,1443,67500,27
338,20180709,1444,67400,319
339,20180709,1445,67500,83
340,20180709,1446,67400,44
341,20180709,1447,67500,159
342,20180709,1448,67400,664
343,20180709,1449,67400,299
344,20180709,1450,67400,46
345,20180709,1451,67500,269
346,20180709,1452,67400,330
347,20180709,1453,67300,113
348,20180709,1454,67300,352
349,20180709,1455,67400,99
350,20180709,1456,67400,234
351,20180709,1457,67500,55
352,20180709,1458,67400,107
353,20180709,1459,67500,200
354,20180709,1500,67400,83
355,20180709,1501,67400,136
356,20180709,1502,67200,23
357,20180709,1503,67200,133
358,20180709,1504,67400,34
359,20180709,1505,67300,9
360,20180709,1506,67300,298
361,20180709,1507,67500,149
362,20180709,1508,67400,41
363,20180709,1509,67300,15
364,20180709,1510,67300,252
365,20180709,1511,67300,51
366,20180709,1512,67300,27
367,20180709,1513,67300,32
368,20180709,1514,67400,152
369,20180709,1515,67400,93
370,20180709,1516,67500,48
371,20180709,1517,67500,721
372,20180709,1518,67600,182
373,20180709,1519,67600,490
374,20180709,1520,67500,237
375,20180709,1530,67800,3732
0,20180710,901,68000,639
1,20180710,902,68100,364
2,20180710,903,68100,1593
3,20180710,904,68000,204
4,20180710,905,68000,112
5,20180710,906,68000,583
6,20180710,907,67900,647
7,20180710,908,67800,142
8,20180710,909,67800,10
9,20180710,910,67800,406
10,20180710,911,67800,70
11,20180710,912,67800,231
12,20180710,913,67800,175
13,20180710,914,67800,72
14,20180710,915,67900,22
15,20180710,916,67900,61
16,20180710,917,68000,314
17,20180710,918,68100,116
18,20180710,919,68100,74
19,20180710,920,68000,17
20,20180710,921,68000,64
21,20180710,922,68000,73
22,20180710,923,68100,400
23,20180710,924,68200,840
24,20180710,925,68400,109
25,20180710,926,68300,597
26,20180710,927,68200,1
27,20180710,928,68200,83
28,20180710,929,68100,111
29,20180710,930,68200,259
30,20180710,931,68200,1
31,20180710,932,68200,363
32,20180710,933,68000,39
33,20180710,934,68100,239
34,20180710,935,68200,288
35,20180710,936,68200,180
36,20180710,937,68200,168
37,20180710,938,68300,83
38,20180710,939,68300,108
39,20180710,940,68300,170
40,20180710,941,68400,988
41,20180710,942,68600,76
42,20180710,943,68500,474
43,20180710,944,68700,311
44,20180710,945,68700,406
45,20180710,946,68700,225
46,20180710,947,68700,425
47,20180710,948,68500,236
48,20180710,949,68600,847
49,20180710,950,68800,24
50,20180710,951,68700,122
51,20180710,952,68800,16
52,20180710,953,68700,703
53,20180710,954,68700,41
54,20180710,955,68700,263
55,20180710,956,68600,48
56,20180710,957,68600,103
57,20180710,958,68600,9
58,20180710,959,68600,7
59,20180710,1000,68600,48
60,20180710,1001,68700,125
61,20180710,1002,68700,561
62,20180710,1003,68700,3544
63,20180710,1004,69000,2294
64,20180710,1005,69300,819
65,20180710,1006,69500,1353
66,20180710,1007,69600,1080
67,20180710,1008,69200,106
68,20180710,1009,69200,192
69,20180710,1010,69300,3
70,20180710,1011,69300,151
71,20180710,1012,69400,387
72,20180710,1013,69400,67
73,20180710,1014,69400,541
74,20180710,1015,69500,772
75,20180710,1016,69600,700
76,20180710,1017,69600,124
77,20180710,1018,69600,214
78,20180710,1019,69600,2501
79,20180710,1020,69900,8180
80,20180710,1021,69800,3323
81,20180710,1022,70200,902
82,20180710,1023,70000,963
83,20180710,1024,70200,807
84,20180710,1025,70200,811
85,20180710,1026,70400,1700
86,20180710,1027,70100,486
87,20180710,1028,70200,459
88,20180710,1029,70200,317
89,20180710,1030,70200,693
90,20180710,1031,70000,295
91,20180710,1032,70000,238
92,20180710,1033,70000,94
93,20180710,1034,70100,62
94,20180710,1035,70000,65
95,20180710,1036,70100,182
96,20180710,1037,70100,266
97,20180710,1038,70100,399
98,20180710,1039,70200,495
99,20180710,1040,70300,586
100,20180710,1041,70400,1696
101,20180710,1042,70500,2180
102,20180710,1043,70300,31
103,20180710,1044,70300,599
104,20180710,1045,70200,595
105,20180710,1046,70200,2129
106,20180710,1047,70100,878
107,20180710,1048,69900,1019
108,20180710,1049,69700,752
109,20180710,1050,69700,398
110,20180710,1051,69800,608
111,20180710,1052,69700,48
112,20180710,1053,69700,484
113,20180710,1054,69800,274
114,20180710,1055,69800,70
115,20180710,1056,69800,65
116,20180710,1057,69800,749
117,20180710,1058,69600,55
118,20180710,1059,69600,16
119,20180710,1100,69600,342
120,20180710,1101,69800,1532
121,20180710,1102,69600,632
122,20180710,1103,69800,265
123,20180710,1104,69600,92
124,20180710,1105,69800,152
125,20180710,1106,69800,419
126,20180710,1107,70000,459
127,20180710,1108,69900,308
128,20180710,1109,70000,9
129,20180710,1110,70100,471
130,20180710,1111,70000,224
131,20180710,1112,70000,58
132,20180710,1113,70000,117
133,20180710,1114,70000,102
134,20180710,1115,70000,15
135,20180710,1116,70000,8
136,20180710,1117,70000,19
137,20180710,1118,70000,24
138,20180710,1119,70000,274
139,20180710,1120,70100,1843
140,20180710,1121,70000,7
141,20180710,1122,70100,54
142,20180710,1123,70100,85
143,20180710,1124,70100,1037
144,20180710,1125,70000,2
145,20180710,1126,70000,636
146,20180710,1127,70000,6
147,20180710,1128,70000,365
148,20180710,1129,70000,6
149,20180710,1130,70000,355
150,20180710,1131,69900,435
151,20180710,1132,70000,21
152,20180710,1133,69900,44
153,20180710,1134,70000,35
154,20180710,1135,69900,1
155,20180710,1136,69900,2
156,20180710,1137,70000,14
157,20180710,1138,69900,968
158,20180710,1140,69700,30
159,20180710,1141,69700,114
160,20180710,1142,69700,16
161,20180710,1143,69700,1688
162,20180710,1144,69300,296
163,20180710,1145,69400,17
164,20180710,1146,69300,301
165,20180710,1147,69200,4
166,20180710,1148,69300,710
167,20180710,1149,69400,116
168,20180710,1150,69300,3
169,20180710,1151,69500,32
170,20180710,1152,69400,47
171,20180710,1153,69400,47
172,20180710,1154,69400,412
173,20180710,1155,69500,3
174,20180710,1156,69500,20
175,20180710,1157,69500,1
176,20180710,1158,69600,677
177,20180710,1159,69400,1
178,20180710,1200,69400,605
179,20180710,1201,69400,326
180,20180710,1202,69500,115
181,20180710,1203,69400,163
182,20180710,1204,69300,416
183,20180710,1205,69400,67
184,20180710,1206,69400,339
185,20180710,1207,69600,18
186,20180710,1208,69400,13
187,20180710,1209,69400,37
188,20180710,1210,69500,67
189,20180710,1211,69600,403
190,20180710,1212,69800,175
191,20180710,1213,69600,11
192,20180710,1214,69700,7
193,20180710,1215,69600,809
194,20180710,1216,69600,117
195,20180710,1217,69600,101
196,20180710,1218,69600,216
197,20180710,1219,69700,46
198,20180710,1220,69800,12
199,20180710,1221,69700,232
200,20180710,1222,69600,48
201,20180710,1223,69700,198
202,20180710,1224,69700,132
203,20180710,1225,69800,198
204,20180710,1226,69800,12
205,20180710,1227,69800,279
206,20180710,1228,69800,234
207,20180710,1229,69800,229
208,20180710,1230,69900,14
209,20180710,1231,69900,277
210,20180710,1232,69900,173
211,20180710,1233,69800,54
212,20180710,1234,69800,466
213,20180710,1235,69800,132
214,20180710,1236,69800,63
215,20180710,1237,69800,3
216,20180710,1238,69800,57
217,20180710,1239,69700,99
218,20180710,1240,69800,34
219,20180710,1241,69900,58
220,20180710,1242,69800,416
221,20180710,1243,69700,106
222,20180710,1244,69700,91
223,20180710,1245,69800,3
224,20180710,1246,69900,58
225,20180710,1247,69900,2
226,20180710,1248,69900,53
227,20180710,1249,69800,930
228,20180710,1250,70000,134
229,20180710,1251,70000,72
230,20180710,1252,70000,140
231,20180710,1253,70000,3
232,20180710,1254,70000,620
233,20180710,1255,69800,18
234,20180710,1256,69900,49
235,20180710,1257,69800,79
236,20180710,1258,69900,5
237,20180710,1259,69900,214
238,20180710,1300,69900,38
239,20180710,1301,69800,179
240,20180710,1302,69900,13
241,20180710,1303,70000,668
242,20180710,1304,70000,371
243,20180710,1305,69900,573
244,20180710,1306,69800,574
245,20180710,1307,69800,143
246,20180710,1308,69600,169
247,20180710,1309,69700,119
248,20180710,1310,69800,91
249,20180710,1311,69800,2
250,20180710,1312,69700,361
251,20180710,1313,69600,622
252,20180710,1314,69700,310
253,20180710,1315,69800,2
254,20180710,1316,69600,5
255,20180710,1317,69600,39
256,20180710,1318,69800,189
257,20180710,1319,69700,181
258,20180710,1320,69800,15
259,20180710,1321,69800,165
260,20180710,1322,69800,3
261,20180710,1323,69900,160
262,20180710,1324,69900,125
263,20180710,1325,69800,128
264,20180710,1326,69800,209
265,20180710,1327,69900,42
266,20180710,1328,69800,139
267,20180710,1329,69900,229
268,20180710,1330,70000,567
269,20180710,1331,69900,82
270,20180710,1332,70000,466
271,20180710,1333,70000,96
272,20180710,1334,69900,234
273,20180710,1335,70000,51
274,20180710,1336,70100,485
275,20180710,1337,70200,2575
276,20180710,1338,70400,215
277,20180710,1339,70300,796
278,20180710,1340,70400,3976
279,20180710,1341,70500,310
280,20180710,1342,70500,215
281,20180710,1343,70500,1826
282,20180710,1344,70300,17
283,20180710,1345,70200,137
284,20180710,1346,70300,87
285,20180710,1347,70300,192
286,20180710,1348,70400,780
287,20180710,1349,70500,199
288,20180710,1350,70600,181
289,20180710,1351,70600,301
290,20180710,1352,70500,91
291,20180710,1353,70500,386
292,20180710,1354,70500,1045
293,20180710,1355,70500,243
294,20180710,1356,70500,656
295,20180710,1357,70500,287
296,20180710,1358,70500,109
297,20180710,1359,70500,373
298,20180710,1400,70500,116
299,20180710,1401,70500,327
300,20180710,1402,70500,142
301,20180710,1403,70500,88
302,20180710,1404,70600,4
303,20180710,1405,70500,450
304,20180710,1406,70500,3776
305,20180710,1407,70600,94
306,20180710,1408,70600,541
307,20180710,1409,70600,785
308,20180710,1410,70700,854
309,20180710,1411,70700,193
310,20180710,1412,70600,189
311,20180710,1413,70800,245
312,20180710,1414,70700,218
313,20180710,1415,70700,33
314,20180710,1416,70700,1769
315,20180710,1417,70800,309
316,20180710,1418,70800,116
317,20180710,1419,70800,227
318,20180710,1420,70800,45
319,20180710,1421,70700,1180
320,20180710,1422,70500,65
321,20180710,1423,70500,87
322,20180710,1424,70600,77
323,20180710,1425,70600,1905
324,20180710,1426,70300,383
325,20180710,1427,70200,74
326,20180710,1428,70200,106
327,20180710,1429,70300,13
328,20180710,1430,70200,69
329,20180710,1431,70300,94
330,20180710,1432,70200,27
331,20180710,1433,70200,230
332,20180710,1434,70300,298
333,20180710,1435,70300,146
334,20180710,1436,70300,1120
335,20180710,1437,70100,82
336,20180710,1438,70100,106
337,20180710,1439,70100,134
338,20180710,1440,70000,53
339,20180710,1441,70000,27
340,20180710,1442,70100,218
341,20180710,1443,70100,141
342,20180710,1444,70100,43
343,20180710,1445,70100,62
344,20180710,1446,70200,476
345,20180710,1447,70100,8
346,20180710,1448,70000,26
347,20180710,1449,70000,119
348,20180710,1450,70000,195
349,20180710,1451,70100,124
350,20180710,1452,70100,35
351,20180710,1453,70000,11
352,20180710,1454,70000,298
353,20180710,1455,70100,207
354,20180710,1456,70000,383
355,20180710,1457,70100,351
356,20180710,1458,70000,100
357,20180710,1459,70100,323
358,20180710,1500,70100,88
359,20180710,1501,70000,301
360,20180710,1502,69900,32
361,20180710,1503,69900,207
362,20180710,1504,69900,162
363,20180710,1505,70000,2
364,20180710,1506,70100,314
365,20180710,1507,70000,71
366,20180710,1508,70000,45
367,20180710,1509,69900,24
368,20180710,1510,70000,35
369,20180710,1511,70000,332
370,20180710,1512,70100,55
371,20180710,1513,70200,142
372,20180710,1514,70100,160
373,20180710,1515,70100,94
374,20180710,1516,70000,168
375,20180710,1517,70000,74
376,20180710,1518,70000,567
377,20180710,1519,70000,33
378,20180710,1520,70100,246
379,20180710,1530,70000,4501
380,20180711,901,69000,2305
381,20180711,902,69000,265
382,20180711,903,68800,749
383,20180711,904,68600,445
384,20180711,905,68500,284
385,20180711,906,69100,147
386,20180711,907,68900,278
387,20180711,908,68800,378
388,20180711,909,68900,128
389,20180711,910,68900,198
390,20180711,911,68800,1056
391,20180711,912,68700,1181
392,20180711,913,68500,217
393,20180711,914,68400,228
394,20180711,915,68500,27
395,20180711,916,68500,31
396,20180711,917,68400,844
397,20180711,918,68200,349
398,20180711,919,68400,279
399,20180711,920,68400,228
400,20180711,921,68300,139
401,20180711,922,68300,13
402,20180711,923,68300,611
403,20180711,924,68100,73
404,20180711,925,68200,332
405,20180711,926,68300,32
406,20180711,927,68200,73
407,20180711,928,68100,87
408,20180711,929,68200,320
409,20180711,930,68100,224
410,20180711,931,68100,41
411,20180711,932,68200,82
412,20180711,933,68200,71
413,20180711,934,68200,737
414,20180711,935,68100,2296
415,20180711,936,67900,356
416,20180711,937,67800,30
417,20180711,938,67900,50
418,20180711,939,67900,88
419,20180711,940,67900,514
420,20180711,941,68000,84
421,20180711,942,68000,45
422,20180711,943,68000,76
423,20180711,944,68000,452
424,20180711,945,68100,81
425,20180711,946,68100,160
426,20180711,947,68200,49
427,20180711,948,68200,90
428,20180711,949,68200,375
429,20180711,950,68300,106
430,20180711,951,68300,161
431,20180711,952,68300,165
432,20180711,953,68400,11
433,20180711,954,68300,18
434,20180711,955,68400,24
435,20180711,956,68300,820
436,20180711,957,68300,1536
437,20180711,958,68000,44
438,20180711,959,68000,9
439,20180711,1000,68100,217
440,20180711,1001,68000,465
441,20180711,1002,67900,94
442,20180711,1003,67900,321
443,20180711,1004,67900,106
444,20180711,1005,67800,230
445,20180711,1006,67900,39
446,20180711,1007,67800,79
447,20180711,1008,67800,146
448,20180711,1009,67900,55
449,20180711,1010,67800,11
450,20180711,1011,67800,4
451,20180711,1012,67800,17
452,20180711,1013,67800,716
453,20180711,1014,68000,292
454,20180711,1015,68000,72
455,20180711,1016,67900,213
456,20180711,1017,67900,45
457,20180711,1018,68000,100
458,20180711,1019,67900,27
459,20180711,1020,67900,2176
460,20180711,1021,67900,55
461,20180711,1022,67900,21
462,20180711,1023,67800,1135
463,20180711,1024,67700,5395
464,20180711,1025,67400,331
465,20180711,1026,67200,614
466,20180711,1027,67200,245
467,20180711,1028,67200,650
468,20180711,1029,67300,147
469,20180711,1030,67400,82
470,20180711,1031,67300,296
471,20180711,1032,67200,210
472,20180711,1033,67400,95
473,20180711,1034,67500,98
474,20180711,1035,67600,265
475,20180711,1036,67500,140
476,20180711,1037,67300,42
477,20180711,1038,67400,117
478,20180711,1039,67400,16
479,20180711,1040,67500,144
480,20180711,1041,67300,245
481,20180711,1042,67300,46
482,20180711,1043,67300,249
483,20180711,1044,67400,177
484,20180711,1045,67300,148
485,20180711,1046,67500,66
486,20180711,1047,67400,223
487,20180711,1048,67300,944
488,20180711,1049,67300,51
489,20180711,1050,67400,579
490,20180711,1051,67400,203
491,20180711,1052,67400,462
492,20180711,1053,67400,355
493,20180711,1054,67400,99
494,20180711,1055,67500,67
495,20180711,1056,67300,2
496,20180711,1057,67400,184
497,20180711,1058,67400,43
498,20180711,1059,67400,26
499,20180711,1100,67400,239
500,20180711,1101,67500,172
501,20180711,1102,67600,47
502,20180711,1103,67600,28
503,20180711,1104,67500,6
504,20180711,1105,67500,602
505,20180711,1106,67400,38
506,20180711,1107,67500,70
507,20180711,1108,67400,48
508,20180711,1109,67500,43
509,20180711,1110,67500,15
510,20180711,1111,67500,278
511,20180711,1112,67600,51
512,20180711,1113,67700,99
513,20180711,1114,67700,9
514,20180711,1115,67700,514
515,20180711,1116,67800,196
516,20180711,1117,67800,110
517,20180711,1118,67800,237
518,20180711,1119,67800,54
519,20180711,1120,67800,115
520,20180711,1121,67900,143
521,20180711,1122,67900,25
522,20180711,1123,67900,146
523,20180711,1124,67900,276
524,20180711,1125,68000,96
525,20180711,1126,67900,269
526,20180711,1127,67700,66
527,20180711,1128,67800,67
528,20180711,1129,67700,206
529,20180711,1130,67900,149
530,20180711,1131,67800,13
531,20180711,1132,67900,355
532,20180711,1133,67900,9
533,20180711,1134,67900,9
534,20180711,1135,67900,80
535,20180711,1136,67900,176
536,20180711,1137,67900,23
537,20180711,1138,67900,71
538,20180711,1139,67900,45
539,20180711,1140,67800,294
540,20180711,1141,67800,21
541,20180711,1142,67800,18
542,20180711,1143,67800,28
543,20180711,1144,67800,24
544,20180711,1145,67700,239
545,20180711,1146,67800,39
546,20180711,1147,67700,25
547,20180711,1148,67800,35
548,20180711,1149,67700,16
549,20180711,1150,67800,75
550,20180711,1151,67800,21
551,20180711,1152,67800,430
552,20180711,1153,67800,6
553,20180711,1154,67800,15
554,20180711,1155,67800,63
555,20180711,1156,67700,18
556,20180711,1157,67700,65
557,20180711,1158,67700,96
558,20180711,1159,67800,38
559,20180711,1200,67800,2225
560,20180711,1201,67700,4
561,20180711,1202,67600,44
562,20180711,1203,67700,10
563,20180711,1204,67700,12
564,20180711,1205,67700,9
565,20180711,1206,67700,20
566,20180711,1207,67700,195
567,20180711,1208,67600,27
568,20180711,1209,67700,291
569,20180711,1210,67600,46
570,20180711,1211,67600,256
571,20180711,1212,67600,16
572,20180711,1213,67600,104
573,20180711,1214,67600,142
574,20180711,1215,67700,22
575,20180711,1216,67700,275
576,20180711,1217,67600,127
577,20180711,1218,67600,28
578,20180711,1219,67600,26
579,20180711,1220,67500,2311
580,20180711,1221,67500,635
581,20180711,1222,67400,184
582,20180711,1223,67400,143
583,20180711,1224,67400,20
584,20180711,1225,67400,43
585,20180711,1226,67400,79
586,20180711,1227,67500,124
587,20180711,1228,67500,31
588,20180711,1229,67400,1
589,20180711,1230,67500,1267
590,20180711,1231,67300,22
591,20180711,1232,67300,95
592,20180711,1233,67400,65
593,20180711,1234,67300,314
594,20180711,1235,67400,1322
595,20180711,1236,67400,38
596,20180711,1237,67500,252
597,20180711,1238,67600,8
598,20180711,1239,67600,141
599,20180711,1240,67600,348
600,20180711,1241,67700,53
601,20180711,1242,67600,36
602,20180711,1243,67600,307
603,20180711,1244,67700,6
604,20180711,1245,67700,20
605,20180711,1246,67700,35
606,20180711,1247,67700,19
607,20180711,1248,67600,43
608,20180711,1249,67700,45
609,20180711,1250,67700,12
610,20180711,1251,67700,57
611,20180711,1252,67700,333
612,20180711,1253,67800,32
613,20180711,1254,67800,60
614,20180711,1255,67700,502
615,20180711,1256,67600,19
616,20180711,1257,67700,12
617,20180711,1258,67700,35
618,20180711,1300,67700,31
619,20180711,1301,67700,161
620,20180711,1302,67700,18
621,20180711,1303,67700,20
622,20180711,1304,67600,139
623,20180711,1305,67700,113
624,20180711,1306,67600,148
625,20180711,1307,67600,84
626,20180711,1308,67600,559
627,20180711,1309,67700,20
628,20180711,1310,67700,9
629,20180711,1311,67700,59
630,20180711,1312,67700,12
631,20180711,1313,67700,8
632,20180711,1314,67600,263
633,20180711,1315,67600,17
634,20180711,1316,67700,20
635,20180711,1317,67700,267
636,20180711,1318,67700,249
637,20180711,1319,67500,318
638,20180711,1320,67600,239
639,20180711,1321,67500,87
640,20180711,1322,67400,302
641,20180711,1323,67400,74
642,20180711,1324,67300,46
643,20180711,1325,67400,49
644,20180711,1326,67400,62
645,20180711,1327,67400,10
646,20180711,1328,67400,50
647,20180711,1329,67300,111
648,20180711,1330,67400,839
649,20180711,1331,67300,55
650,20180711,1332,67300,1114
651,20180711,1333,67300,34
652,20180711,1334,67300,24
653,20180711,1335,67300,91
654,20180711,1336,67300,1434
655,20180711,1337,67400,264
656,20180711,1338,67500,77
657,20180711,1339,67600,92
658,20180711,1340,67600,12
659,20180711,1341,67700,23
660,20180711,1342,67700,122
661,20180711,1343,67700,51
662,20180711,1344,67600,64
663,20180711,1345,67700,441
664,20180711,1346,67800,236
665,20180711,1347,67800,646
666,20180711,1348,67700,80
667,20180711,1349,67800,55
668,20180711,1350,67800,19
669,20180711,1351,67800,92
670,20180711,1352,67700,33
671,20180711,1353,67800,116
672,20180711,1354,67800,293
673,20180711,1355,67900,209
674,20180711,1356,67900,252
675,20180711,1357,67900,84
676,20180711,1358,67900,199
677,20180711,1359,67900,43
678,20180711,1400,67900,250
679,20180711,1401,67700,183
680,20180711,1402,67700,354
681,20180711,1403,67500,53
682,20180711,1404,67500,14
683,20180711,1405,67500,14
684,20180711,1406,67600,107
685,20180711,1407,67500,3
686,20180711,1408,67500,355
687,20180711,1409,67400,18
688,20180711,1410,67400,11
689,20180711,1411,67400,320
690,20180711,1412,67500,630
691,20180711,1413,67400,333
692,20180711,1414,67400,36
693,20180711,1415,67500,21
694,20180711,1416,67400,23
695,20180711,1417,67500,4
696,20180711,1418,67400,424
697,20180711,1419,67300,2875
698,20180711,1420,67200,29
699,20180711,1421,67100,189
700,20180711,1422,67100,25
701,20180711,1423,67200,65
702,20180711,1424,67200,94
703,20180711,1425,67200,66
704,20180711,1426,67100,130
705,20180711,1427,67200,208
706,20180711,1428,67100,14
707,20180711,1429,67100,286
708,20180711,1430,67200,57
709,20180711,1431,67100,423
710,20180711,1432,67100,1630
711,20180711,1433,67200,251
712,20180711,1434,67200,31
713,20180711,1435,67300,549
714,20180711,1436,67300,55
715,20180711,1437,67400,150
716,20180711,1438,67300,33
717,20180711,1439,67300,792
718,20180711,1440,67200,741
719,20180711,1441,67200,211
720,20180711,1442,67100,2124
721,20180711,1443,67000,2163
722,20180711,1444,66900,607
723,20180711,1445,66900,336
724,20180711,1446,67000,12
725,20180711,1447,67000,113
726,20180711,1448,67000,114
727,20180711,1449,66900,142
728,20180711,1450,66900,122
729,20180711,1451,66900,570
730,20180711,1452,66900,653
731,20180711,1453,66800,235
732,20180711,1454,66800,24
733,20180711,1455,66800,399
734,20180711,1456,66800,449
735,20180711,1457,66700,312
736,20180711,1458,66700,35
737,20180711,1459,66700,346
738,20180711,1500,66700,920
739,20180711,1501,66800,10
740,20180711,1502,66900,219
741,20180711,1503,66900,25
742,20180711,1504,66800,107
743,20180711,1505,66800,47
744,20180711,1506,66800,67
745,20180711,1507,66800,288
746,20180711,1508,66800,1190
747,20180711,1509,66900,545
748,20180711,1510,66900,21
749,20180711,1511,66900,182
750,20180711,1512,66900,654
751,20180711,1513,66900,251
752,20180711,1514,67000,1336
753,20180711,1515,67200,321
754,20180711,1516,67000,590
755,20180711,1517,67000,18
756,20180711,1518,67000,428
757,20180711,1519,67100,110
758,20180711,1520,67000,802
759,20180711,1530,67200,8229
760,20180712,901,67600,315
761,20180712,902,67400,141
762,20180712,903,67400,62
763,20180712,904,67800,153
764,20180712,905,67800,167
765,20180712,906,67900,448
766,20180712,907,67900,19
767,20180712,908,68000,64
768,20180712,909,67900,201
769,20180712,910,67800,310
770,20180712,911,67700,65
771,20180712,912,67600,444
772,20180712,913,67900,427
773,20180712,914,68000,86
774,20180712,915,68000,190
775,20180712,916,68000,105
776,20180712,917,68000,441
777,20180712,918,68100,39
778,20180712,919,68000,189
779,20180712,920,68000,717
780,20180712,921,67900,451
781,20180712,922,67700,18
782,20180712,923,67700,87
783,20180712,924,67700,79
784,20180712,925,67700,60
785,20180712,926,67700,21
786,20180712,927,67700,7
787,20180712,928,67700,115
788,20180712,929,67700,50
789,20180712,930,67700,375
790,20180712,931,67600,231
791,20180712,932,67600,41
792,20180712,933,67600,37
793,20180712,934,67600,27
794,20180712,935,67700,154
795,20180712,936,67600,14
796,20180712,937,67700,19
797,20180712,938,67600,1
798,20180712,939,67600,11
799,20180712,940,67600,17
800,20180712,941,67600,156
801,20180712,942,67500,122
802,20180712,943,67400,135
803,20180712,944,67400,156
804,20180712,945,67300,209
805,20180712,946,67400,115
806,20180712,947,67400,108
807,20180712,948,67300,450
808,20180712,949,67100,25
809,20180712,950,67100,195
810,20180712,951,66900,424
811,20180712,952,66800,272
812,20180712,953,67000,89
813,20180712,954,67100,79
814,20180712,955,66900,89
815,20180712,956,67000,26
816,20180712,957,67100,250
817,20180712,958,67000,54
818,20180712,959,67200,729
819,20180712,1000,67200,130
820,20180712,1001,67400,112
821,20180712,1002,67200,128
822,20180712,1003,67300,14
823,20180712,1004,67300,125
824,20180712,1005,67500,41
825,20180712,1006,67300,24
826,20180712,1007,67400,45
827,20180712,1008,67300,25
828,20180712,1009,67400,6
829,20180712,1010,67500,29
830,20180712,1011,67400,36
831,20180712,1012,67500,25
832,20180712,1013,67400,7
833,20180712,1014,67400,128
834,20180712,1015,67400,23
835,20180712,1016,67500,14
836,20180712,1017,67500,232
837,20180712,1018,67400,12
838,20180712,1019,67400,54
839,20180712,1020,67400,31
840,20180712,1021,67500,55
841,20180712,1022,67500,25
842,20180712,1023,67500,49
843,20180712,1024,67500,59
844,20180712,1025,67400,401
845,20180712,1026,67400,176
846,20180712,1027,67500,456
847,20180712,1028,67700,23
848,20180712,1029,67600,232
849,20180712,1030,67700,138
850,20180712,1031,67600,66
851,20180712,1032,67700,31
852,20180712,1033,67800,52
853,20180712,1034,67700,5
854,20180712,1035,67800,218
855,20180712,1036,67800,15
856,20180712,1037,67900,233
857,20180712,1038,67900,35
858,20180712,1039,67900,169
859,20180712,1040,67900,151
860,20180712,1041,68000,26
861,20180712,1042,68000,42
862,20180712,1043,67900,144
863,20180712,1044,67900,69
864,20180712,1045,68000,27
865,20180712,1046,67900,16
866,20180712,1047,68000,37
867,20180712,1048,68000,42
868,20180712,1049,68000,2
869,20180712,1050,67900,34
870,20180712,1051,68000,71
871,20180712,1052,68000,31
872,20180712,1053,68000,260
873,20180712,1054,67900,16
874,20180712,1055,67800,85
875,20180712,1056,67900,176
876,20180712,1057,67700,12
877,20180712,1058,67700,27
878,20180712,1059,67600,18
879,20180712,1100,67600,178
880,20180712,1101,67700,411
881,20180712,1102,67900,20
882,20180712,1103,67900,12
883,20180712,1104,68000,23
884,20180712,1105,68000,32
885,20180712,1106,67900,28
886,20180712,1107,67900,13
887,20180712,1108,67900,242
888,20180712,1109,68000,18
889,20180712,1110,68000,133
890,20180712,1111,67900,29
891,20180712,1112,68000,23
892,20180712,1113,67900,106
893,20180712,1114,68000,16
894,20180712,1115,68000,18
895,20180712,1116,68000,23
896,20180712,1117,68000,124
897,20180712,1118,68000,241
898,20180712,1119,67700,42
899,20180712,1120,67700,20
900,20180712,1121,67700,38
901,20180712,1122,67700,7
902,20180712,1123,67700,463
903,20180712,1124,67800,124
904,20180712,1125,67900,23
905,20180712,1126,67900,140
906,20180712,1127,67800,18
907,20180712,1128,67800,10
908,20180712,1129,67900,27
909,20180712,1130,67900,39
910,20180712,1131,67900,29
911,20180712,1132,67900,64
912,20180712,1133,67900,300
913,20180712,1134,67900,21
914,20180712,1135,67900,31
915,20180712,1136,67900,177
916,20180712,1137,67900,25
917,20180712,1138,67900,22
918,20180712,1139,67900,28
919,20180712,1140,67900,16
920,20180712,1141,67900,101
921,20180712,1142,67900,19
922,20180712,1143,67900,59
923,20180712,1144,67900,50
924,20180712,1145,67900,107
925,20180712,1146,68000,20
926,20180712,1147,68000,70
927,20180712,1148,68000,30
928,20180712,1149,68000,13
929,20180712,1150,68000,17
930,20180712,1151,68000,48
931,20180712,1152,68000,42
932,20180712,1153,67900,12
933,20180712,1154,68000,22
934,20180712,1155,68000,1
935,20180712,1156,67900,148
936,20180712,1157,67900,31
937,20180712,1158,68000,36
938,20180712,1159,67900,16
939,20180712,1200,68000,329
940,20180712,1201,67900,6
941,20180712,1202,68000,18
942,20180712,1203,68000,819
943,20180712,1204,68100,63
944,20180712,1205,68100,43
945,20180712,1206,68100,11
946,20180712,1207,68100,659
947,20180712,1208,68100,47
948,20180712,1209,68200,25
949,20180712,1210,68200,61
950,20180712,1211,68200,3
951,20180712,1212,68200,115
952,20180712,1213,68200,51
953,20180712,1214,68200,26
954,20180712,1215,68200,37
955,20180712,1216,68200,171
956,20180712,1217,68200,155
957,20180712,1218,68200,99
958,20180712,1219,68200,3
959,20180712,1220,68100,132
960,20180712,1221,68200,4
961,20180712,1222,68300,27
962,20180712,1223,68300,17
963,20180712,1224,68200,36
964,20180712,1225,68300,22
965,20180712,1226,68300,12
966,20180712,1227,68300,42
967,20180712,1228,68300,11
968,20180712,1229,68300,138
969,20180712,1230,68300,459
970,20180712,1231,68400,50
971,20180712,1232,68400,106
972,20180712,1233,68400,34
973,20180712,1234,68400,500
974,20180712,1235,68300,14
975,20180712,1236,68300,2
976,20180712,1237,68200,126
977,20180712,1238,68200,43
978,20180712,1239,68300,93
979,20180712,1240,68200,1
980,20180712,1241,68200,119
981,20180712,1242,68200,95
982,20180712,1243,68100,25
983,20180712,1244,68100,1
984,20180712,1245,68100,108
985,20180712,1246,68200,76
986,20180712,1247,68100,36
987,20180712,1248,68200,26
988,20180712,1249,68200,150
989,20180712,1250,68100,218
990,20180712,1251,68200,194
991,20180712,1253,68000,114
992,20180712,1254,68000,193
993,20180712,1255,68200,1
994,20180712,1256,68200,20
995,20180712,1257,68200,11
996,20180712,1258,68200,11
997,20180712,1259,68200,241
998,20180712,1300,68200,285
999,20180712,1301,68300,1
1000,20180712,1302,68300,142
1001,20180712,1303,68300,2
1002,20180712,1304,68300,12
1003,20180712,1305,68300,1
1004,20180712,1306,68300,578
1005,20180712,1307,68400,2
1006,20180712,1308,68400,2184
1007,20180712,1309,68400,4
1008,20180712,1310,68400,41
1009,20180712,1311,68400,30
1010,20180712,1312,68400,34
1011,20180712,1314,68400,77
1012,20180712,1315,68500,14
1013,20180712,1316,68500,619
1014,20180712,1317,68600,10
1015,20180712,1318,68600,782
1016,20180712,1319,68600,500
1017,20180712,1320,68400,23
1018,20180712,1321,68500,108
1019,20180712,1322,68600,14
1020,20180712,1323,68600,107
1021,20180712,1324,68600,23
1022,20180712,1325,68600,107
1023,20180712,1326,68600,56
1024,20180712,1327,68600,57
1025,20180712,1328,68600,6
1026,20180712,1329,68600,20
1027,20180712,1330,68600,349
1028,20180712,1331,68700,131
1029,20180712,1332,68700,17
1030,20180712,1333,68700,161
1031,20180712,1334,68700,22
1032,20180712,1335,68700,232
1033,20180712,1336,68700,42
1034,20180712,1337,68700,182
1035,20180712,1338,68800,33
1036,20180712,1339,68800,42
1037,20180712,1340,68800,312
1038,20180712,1341,68900,377
1039,20180712,1342,69000,124
1040,20180712,1343,69000,362
1041,20180712,1344,69100,257
1042,20180712,1345,69200,452
1043,20180712,1346,69100,591
1044,20180712,1347,69300,308
1045,20180712,1348,69300,479
1046,20180712,1349,69200,301
1047,20180712,1350,69300,209
1048,20180712,1351,69300,398
1049,20180712,1352,69100,90
1050,20180712,1353,69200,22
1051,20180712,1354,69200,320
1052,20180712,1355,69200,257
1053,20180712,1356,69100,103
1054,20180712,1357,69100,1283
1055,20180712,1358,69000,2112
1056,20180712,1359,68600,462
1057,20180712,1400,68700,168
1058,20180712,1401,68700,49
1059,20180712,1402,68800,116
1060,20180712,1403,69000,385
1061,20180712,1404,69200,146
1062,20180712,1405,69300,99
1063,20180712,1406,69100,451
1064,20180712,1407,69200,354
1065,20180712,1408,69200,68
1066,20180712,1409,69200,327
1067,20180712,1410,69200,28
1068,20180712,1411,69300,430
1069,20180712,1412,69300,68
1070,20180712,1413,69300,62
1071,20180712,1414,69200,407
1072,20180712,1415,69300,538
1073,20180712,1416,69200,24
1074,20180712,1417,69200,492
1075,20180712,1418,69300,70
1076,20180712,1419,69300,288
1077,20180712,1420,69300,245
1078,20180712,1421,69300,260
1079,20180712,1422,69400,147
1080,20180712,1423,69400,305
1081,20180712,1424,69400,1140
1082,20180712,1425,69400,80
1083,20180712,1426,69400,114
1084,20180712,1427,69400,425
1085,20180712,1428,69500,503
1086,20180712,1429,69400,85
1087,20180712,1430,69400,63
1088,20180712,1431,69400,219
1089,20180712,1432,69300,1727
1090,20180712,1433,69000,280
1091,20180712,1434,69100,35
1092,20180712,1435,69100,56
1093,20180712,1436,69100,13
1094,20180712,1437,69100,62
1095,20180712,1438,69200,55
1096,20180712,1439,69200,155
1097,20180712,1440,69200,158
1098,20180712,1441,69300,563
1099,20180712,1442,69300,73
1100,20180712,1443,69300,45
1101,20180712,1444,69300,116
1102,20180712,1445,69200,119
1103,20180712,1446,69300,238
1104,20180712,1447,69300,52
1105,20180712,1448,69400,207
1106,20180712,1449,69400,51
1107,20180712,1450,69300,14
1108,20180712,1451,69300,169
1109,20180712,1452,69300,74
1110,20180712,1453,69300,84
1111,20180712,1454,69300,468
1112,20180712,1455,69300,918
1113,20180712,1456,68900,78
1114,20180712,1457,69000,180
1115,20180712,1458,69000,89
1116,20180712,1459,69200,107
1117,20180712,1500,69100,226
1118,20180712,1501,69100,402
1119,20180712,1502,68900,149
1120,20180712,1503,68700,188
1121,20180712,1504,68700,105
1122,20180712,1505,68500,133
1123,20180712,1506,68600,116
1124,20180712,1507,68500,193
1125,20180712,1508,68900,98
1126,20180712,1509,68800,74
1127,20180712,1510,68800,59
1128,20180712,1511,68800,164
1129,20180712,1512,68600,168
1130,20180712,1513,68700,87
1131,20180712,1514,68900,66
1132,20180712,1515,68700,41
1133,20180712,1516,68800,79
1134,20180712,1517,68900,134
1135,20180712,1518,68700,139
1136,20180712,1519,68900,39
1137,20180712,1520,68700,114
1138,20180712,1530,68700,19998
0,20180713,901,67800,769
1,20180713,902,68200,46
2,20180713,903,68300,275
3,20180713,904,68300,13
4,20180713,905,68400,135
5,20180713,906,68300,153
6,20180713,907,68200,312
7,20180713,908,68100,350
8,20180713,909,68200,79
9,20180713,910,68200,57
10,20180713,911,68200,182
11,20180713,912,68300,483
12,20180713,913,68600,223
13,20180713,914,69000,394
14,20180713,915,68900,134
15,20180713,916,69000,242
16,20180713,917,69300,115
17,20180713,918,69300,280
18,20180713,919,69400,58
19,20180713,920,69300,345
20,20180713,921,69200,299
21,20180713,922,69000,225
22,20180713,923,69200,137
23,20180713,924,69200,266
24,20180713,925,69200,980
25,20180713,926,69600,408
26,20180713,927,69900,589
27,20180713,928,69900,391
28,20180713,929,70000,75
29,20180713,930,69900,1079
30,20180713,931,70000,425
31,20180713,932,70000,136
32,20180713,933,70100,68
33,20180713,934,70100,352
34,20180713,935,70100,116
35,20180713,936,70100,114
36,20180713,937,70100,368
37,20180713,938,69900,1102
38,20180713,939,69600,696
39,20180713,940,69300,39
40,20180713,941,69400,46
41,20180713,942,69400,608
42,20180713,943,69600,17
43,20180713,944,69600,8
44,20180713,945,69700,137
45,20180713,946,69700,461
46,20180713,947,69600,40
47,20180713,948,69700,93
48,20180713,949,69800,214
49,20180713,950,69900,71
50,20180713,951,69900,20
51,20180713,952,69900,141
52,20180713,953,69900,233
53,20180713,954,69900,408
54,20180713,955,70000,1110
55,20180713,956,70200,674
56,20180713,957,70300,525
57,20180713,958,70200,75
58,20180713,959,70200,284
59,20180713,1000,70200,118
60,20180713,1001,70200,500
61,20180713,1002,70100,55
62,20180713,1003,70100,269
63,20180713,1004,70100,801
64,20180713,1005,69800,266
65,20180713,1006,69800,1
66,20180713,1007,69900,14
67,20180713,1008,69900,32
68,20180713,1009,69900,169
69,20180713,1010,69800,114
70,20180713,1011,69800,73
71,20180713,1012,69800,1
72,20180713,1013,69700,136
73,20180713,1014,69800,59
74,20180713,1017,69800,139
75,20180713,1018,69500,140
76,20180713,1019,69400,494
77,20180713,1020,69300,177
78,20180713,1021,69300,517
79,20180713,1022,69000,310
80,20180713,1023,69100,98
81,20180713,1024,69100,50
82,20180713,1025,69100,32
83,20180713,1026,69100,6
84,20180713,1027,69200,35
85,20180713,1028,69200,14
86,20180713,1030,69100,10
87,20180713,1032,69100,107
88,20180713,1033,69100,137
89,20180713,1034,69000,46
90,20180713,1035,69000,55
91,20180713,1036,69000,7
92,20180713,1038,69000,50
93,20180713,1039,69100,10
94,20180713,1040,69000,296
95,20180713,1041,69000,367
96,20180713,1042,68900,110
97,20180713,1043,68900,153
98,20180713,1044,68900,84
99,20180713,1045,68900,30
100,20180713,1046,68900,11
101,20180713,1047,68900,10
102,20180713,1048,68900,2
103,20180713,1050,68900,5
104,20180713,1051,68800,643
105,20180713,1052,68700,75
106,20180713,1053,68700,132
107,20180713,1054,68700,266
108,20180713,1055,68700,76
109,20180713,1056,68700,106
110,20180713,1057,68700,17
111,20180713,1059,68700,124
112,20180713,1100,68700,53
113,20180713,1101,68800,22
114,20180713,1102,68800,612
115,20180713,1103,69000,117
116,20180713,1104,69200,1
117,20180713,1106,69200,51
118,20180713,1107,69200,111
119,20180713,1108,69200,142
120,20180713,1109,69500,343
121,20180713,1111,69200,120
122,20180713,1112,69200,106
123,20180713,1113,69200,22
124,20180713,1114,69300,130
125,20180713,1115,69400,69
126,20180713,1116,69300,30
127,20180713,1117,69300,398
128,20180713,1118,69400,54
129,20180713,1119,69400,238
130,20180713,1120,69400,440
131,20180713,1121,69400,64
132,20180713,1122,69500,142
133,20180713,1123,69500,55
134,20180713,1124,69600,90
135,20180713,1125,69600,17
136,20180713,1127,69600,111
137,20180713,1128,69600,123
138,20180713,1129,69500,30
139,20180713,1131,69500,1144
140,20180713,1132,69100,204
141,20180713,1133,69100,60
142,20180713,1134,69000,21
143,20180713,1135,69000,20
144,20180713,1138,69100,293
145,20180713,1140,69100,3
146,20180713,1141,69200,10
147,20180713,1144,69100,50
148,20180713,1148,69200,5
149,20180713,1149,69100,8
150,20180713,1150,69200,22
151,20180713,1152,69200,1
152,20180713,1154,69200,55
153,20180713,1155,69100,21
154,20180713,1156,69200,64
155,20180713,1157,69200,643
156,20180713,1200,69300,22
157,20180713,1201,69200,183
158,20180713,1204,69300,103
159,20180713,1205,69300,12
160,20180713,1206,69200,20
161,20180713,1208,69300,20
162,20180713,1209,69300,1
163,20180713,1210,69300,35
164,20180713,1211,69300,339
165,20180713,1212,69400,142
166,20180713,1213,69500,6
167,20180713,1216,69500,50
168,20180713,1217,69400,453
169,20180713,1218,69200,194
170,20180713,1220,69300,1
171,20180713,1221,69300,102
172,20180713,1224,69300,1
173,20180713,1226,69300,3
174,20180713,1228,69300,25
175,20180713,1229,69300,3
176,20180713,1230,69200,2
177,20180713,1231,69200,10
178,20180713,1233,69300,17
179,20180713,1235,69300,50
180,20180713,1236,69200,11
181,20180713,1238,69300,16
182,20180713,1239,69300,3
183,20180713,1240,69300,33
184,20180713,1241,69200,10
185,20180713,1242,69300,16
186,20180713,1243,69200,102
187,20180713,1244,69300,14
188,20180713,1245,69300,50
189,20180713,1246,69300,338
190,20180713,1247,69400,201
191,20180713,1248,69400,83
192,20180713,1249,69400,3
193,20180713,1250,69400,635
194,20180713,1251,69200,1
195,20180713,1253,69200,110
196,20180713,1256,69200,255
197,20180713,1258,69200,1
198,20180713,1300,69200,47
199,20180713,1301,69200,12
200,20180713,1302,69200,11
201,20180713,1305,69300,39
202,20180713,1306,69200,1
203,20180713,1307,69200,10
204,20180713,1308,69200,2
205,20180713,1312,69300,3
206,20180713,1313,69300,339
207,20180713,1314,69400,172
208,20180713,1315,69400,107
209,20180713,1316,69400,123
210,20180713,1318,69500,21
211,20180713,1322,69400,29
212,20180713,1323,69500,497
213,20180713,1324,69700,351
214,20180713,1325,69800,340
215,20180713,1326,69600,202
216,20180713,1327,69400,60
217,20180713,1330,69500,325
218,20180713,1331,69600,103
219,20180713,1332,69600,14
220,20180713,1333,69600,11
221,20180713,1334,69600,73
222,20180713,1335,69600,55
223,20180713,1336,69600,39
224,20180713,1337,69700,3
225,20180713,1339,69600,64
226,20180713,1341,69600,124
227,20180713,1343,69600,128
228,20180713,1345,69600,36
229,20180713,1346,69500,2
230,20180713,1348,69600,1
231,20180713,1349,69600,19
232,20180713,1350,69600,196
233,20180713,1351,69600,423
234,20180713,1352,69500,482
235,20180713,1353,69500,65
236,20180713,1355,69500,201
237,20180713,1356,69500,97
238,20180713,1358,69500,133
239,20180713,1359,69400,100
240,20180713,1401,69400,1
241,20180713,1402,69400,249
242,20180713,1403,69400,3
243,20180713,1404,69300,207
244,20180713,1405,69300,234
245,20180713,1406,69300,4
246,20180713,1407,69300,1
247,20180713,1408,69400,71
248,20180713,1409,69400,3
249,20180713,1411,69400,39
250,20180713,1412,69400,11
251,20180713,1413,69400,152
252,20180713,1415,69400,23
253,20180713,1416,69500,2
254,20180713,1417,69500,666
255,20180713,1418,69500,13
256,20180713,1420,69500,47
257,20180713,1421,69500,30
258,20180713,1422,69500,218
259,20180713,1424,69300,11
260,20180713,1429,69300,189
261,20180713,1430,69300,2
262,20180713,1431,69300,217
263,20180713,1432,69300,11
264,20180713,1433,69400,5
265,20180713,1434,69400,9
266,20180713,1435,69300,61
267,20180713,1436,69400,308
268,20180713,1438,69300,22
269,20180713,1439,69300,1
270,20180713,1440,69400,1
271,20180713,1441,69400,3
272,20180713,1442,69400,2
273,20180713,1443,69400,116
274,20180713,1444,69300,697
275,20180713,1445,69200,1
276,20180713,1446,69200,50
277,20180713,1448,69200,1460
278,20180713,1449,69100,5
279,20180713,1450,69100,60
280,20180713,1451,69100,229
281,20180713,1453,69200,222
282,20180713,1454,69200,5
283,20180713,1455,69200,4
284,20180713,1456,69200,196
285,20180713,1457,69200,4
286,20180713,1458,69200,300
287,20180713,1459,69100,100
288,20180713,1500,69100,10
289,20180713,1501,69100,1048
290,20180713,1502,68800,339
291,20180713,1503,68800,332
292,20180713,1504,68800,55
293,20180713,1505,69000,36
294,20180713,1507,69000,233
295,20180713,1508,69300,13
296,20180713,1509,69300,120
297,20180713,1510,69300,24
298,20180713,1511,69300,338
299,20180713,1512,69200,76
300,20180713,1513,69100,9
301,20180713,1514,69100,734
302,20180713,1515,69100,105
303,20180713,1516,69000,70
304,20180713,1517,69000,135
305,20180713,1518,69100,172
306,20180713,1519,69000,101
307,20180713,1520,69100,63
308,20180713,1530,69100,3880
0,20180716,901,68700,529
1,20180716,902,68800,553
2,20180716,903,68800,309
3,20180716,904,68700,428
4,20180716,905,68300,89
5,20180716,906,68200,660
6,20180716,907,68500,160
7,20180716,908,69000,51
8,20180716,909,69000,69
9,20180716,910,68700,160
10,20180716,911,68800,228
11,20180716,912,68800,41
12,20180716,913,68800,472
13,20180716,914,68600,46
14,20180716,915,68600,66
15,20180716,916,68600,662
16,20180716,917,68400,386
17,20180716,918,68500,105
18,20180716,919,68600,334
19,20180716,920,68900,317
20,20180716,921,68800,97
21,20180716,922,69000,183
22,20180716,923,68900,938
23,20180716,924,68700,102
24,20180716,925,68800,230
25,20180716,926,68900,4
26,20180716,927,68900,9
27,20180716,928,68900,4
28,20180716,929,68900,265
29,20180716,930,69000,609
30,20180716,931,69300,672
31,20180716,932,69000,76
32,20180716,933,69100,194
33,20180716,934,69000,169
34,20180716,935,69000,285
35,20180716,936,69100,240
36,20180716,938,69200,11
37,20180716,939,69300,301
38,20180716,940,69300,6
39,20180716,941,69300,248
40,20180716,942,69300,344
41,20180716,944,69400,170
42,20180716,945,69200,1
43,20180716,946,69300,930
44,20180716,948,69200,2
45,20180716,949,69200,38
46,20180716,950,69100,13
47,20180716,951,69100,5
48,20180716,952,69100,40
49,20180716,953,69100,127
50,20180716,954,69100,143
51,20180716,955,69100,1
52,20180716,957,69100,123
53,20180716,958,69100,10
54,20180716,959,69100,240
55,20180716,1000,69100,11
56,20180716,1001,69100,91
57,20180716,1002,69100,76
58,20180716,1004,69000,360
59,20180716,1005,69100,15
60,20180716,1007,69000,230
61,20180716,1008,69100,30
62,20180716,1009,69000,135
63,20180716,1010,69100,134
64,20180716,1013,68900,40
65,20180716,1015,68900,5
66,20180716,1017,68900,222
67,20180716,1018,68900,42
68,20180716,1020,68900,310
69,20180716,1021,68900,48
70,20180716,1022,68900,3
71,20180716,1023,68900,1028
72,20180716,1024,68900,173
73,20180716,1025,68900,587
74,20180716,1026,68900,321
75,20180716,1027,69000,196
76,20180716,1028,69100,264
77,20180716,1029,69000,204
78,20180716,1030,69100,5
79,20180716,1031,69100,440
80,20180716,1032,69200,377
81,20180716,1033,69300,227
82,20180716,1034,69400,83
83,20180716,1035,69500,271
84,20180716,1036,69500,179
85,20180716,1037,69600,713
86,20180716,1038,69600,205
87,20180716,1039,69600,93
88,20180716,1040,69600,71
89,20180716,1042,69500,5
90,20180716,1043,69600,89
91,20180716,1046,69600,957
92,20180716,1047,69400,630
93,20180716,1048,69200,54
94,20180716,1049,69300,35
95,20180716,1050,69300,17
96,20180716,1051,69300,5
97,20180716,1052,69300,447
98,20180716,1054,69400,76
99,20180716,1055,69400,89
100,20180716,1056,69500,87
101,20180716,1057,69600,34
102,20180716,1058,69600,247
103,20180716,1059,69400,38
104,20180716,1100,69400,66
105,20180716,1101,69400,50
106,20180716,1102,69400,85
107,20180716,1103,69400,118
108,20180716,1104,69400,34
109,20180716,1105,69400,1
110,20180716,1107,69400,73
111,20180716,1109,69400,42
112,20180716,1111,69400,16
113,20180716,1112,69400,63
114,20180716,1113,69400,18
115,20180716,1114,69300,780
116,20180716,1115,69200,131
117,20180716,1116,69200,602
118,20180716,1117,69100,200
119,20180716,1118,69100,311
120,20180716,1119,69000,20
121,20180716,1121,69100,1
122,20180716,1122,69100,41
123,20180716,1123,69100,2
124,20180716,1124,69100,460
125,20180716,1125,69200,287
126,20180716,1126,69400,655
127,20180716,1127,69500,142
128,20180716,1128,69500,39
129,20180716,1129,69400,59
130,20180716,1130,69400,55
131,20180716,1131,69400,47
132,20180716,1132,69300,39
133,20180716,1133,69200,74
134,20180716,1135,69200,3
135,20180716,1138,69300,470
136,20180716,1139,69500,1
137,20180716,1140,69400,5
138,20180716,1142,69400,281
139,20180716,1143,69500,211
140,20180716,1144,69400,26
141,20180716,1145,69500,2
142,20180716,1147,69500,6
143,20180716,1149,69500,86
144,20180716,1150,69500,2
145,20180716,1151,69400,34
146,20180716,1153,69400,239
147,20180716,1154,69500,147
148,20180716,1155,69400,20
149,20180716,1200,69400,117
150,20180716,1203,69400,50
151,20180716,1204,69400,35
152,20180716,1205,69400,46
153,20180716,1206,69400,11
154,20180716,1207,69400,36
155,20180716,1208,69400,100
156,20180716,1209,69400,135
157,20180716,1211,69400,101
158,20180716,1212,69400,37
159,20180716,1213,69400,21
160,20180716,1214,69400,21
161,20180716,1215,69400,51
162,20180716,1217,69400,264
163,20180716,1218,69400,37
164,20180716,1219,69400,40
165,20180716,1220,69300,23
166,20180716,1221,69400,20
167,20180716,1222,69400,8
168,20180716,1223,69400,265
169,20180716,1224,69400,191
170,20180716,1226,69500,45
171,20180716,1227,69400,16
172,20180716,1228,69400,1
173,20180716,1229,69500,9
174,20180716,1230,69500,32
175,20180716,1231,69400,34
176,20180716,1232,69500,14
177,20180716,1233,69500,137
178,20180716,1234,69500,1
179,20180716,1235,69500,3
180,20180716,1236,69400,4
181,20180716,1237,69400,13
182,20180716,1238,69500,8
183,20180716,1239,69400,11
184,20180716,1241,69500,21
185,20180716,1242,69500,1
186,20180716,1244,69500,10
187,20180716,1245,69500,3
188,20180716,1246,69500,3
189,20180716,1247,69400,1
190,20180716,1248,69400,218
191,20180716,1249,69500,592
192,20180716,1250,69500,988
193,20180716,1251,69500,29
194,20180716,1252,69600,1
195,20180716,1253,69600,27
196,20180716,1254,69600,245
197,20180716,1255,69500,35
198,20180716,1256,69500,89
199,20180716,1257,69600,11
200,20180716,1258,69500,167
201,20180716,1259,69500,176
202,20180716,1300,69500,19
203,20180716,1301,69600,1
204,20180716,1303,69600,1
205,20180716,1304,69500,1
206,20180716,1306,69600,19
207,20180716,1307,69500,43
208,20180716,1308,69500,618
209,20180716,1309,69500,143
210,20180716,1310,69500,1
211,20180716,1311,69500,80
212,20180716,1312,69500,1
213,20180716,1313,69500,38
214,20180716,1314,69500,42
215,20180716,1315,69500,36
216,20180716,1316,69500,6
217,20180716,1317,69500,1
218,20180716,1318,69500,39
219,20180716,1319,69500,5
220,20180716,1320,69500,84
221,20180716,1321,69600,5
222,20180716,1322,69600,97
223,20180716,1323,69500,187
224,20180716,1325,69500,5
225,20180716,1326,69500,60
226,20180716,1327,69500,651
227,20180716,1328,69400,490
228,20180716,1329,69400,1
229,20180716,1330,69400,33
230,20180716,1331,69400,102
231,20180716,1333,69300,179
232,20180716,1335,69300,494
233,20180716,1337,69400,124
234,20180716,1338,69400,11
235,20180716,1339,69400,9
236,20180716,1340,69400,417
237,20180716,1341,69500,33
238,20180716,1342,69400,259
239,20180716,1343,69500,5
240,20180716,1346,69500,8
241,20180716,1347,69400,316
242,20180716,1348,69400,14
243,20180716,1349,69400,10
244,20180716,1350,69400,63
245,20180716,1351,69400,63
246,20180716,1352,69400,142
247,20180716,1353,69400,10
248,20180716,1354,69400,2
249,20180716,1355,69400,42
250,20180716,1356,69400,4
251,20180716,1357,69400,6
252,20180716,1358,69400,51
253,20180716,1359,69400,32
254,20180716,1400,69400,5
255,20180716,1401,69500,4
256,20180716,1402,69400,2
257,20180716,1403,69400,322
258,20180716,1404,69400,3
259,20180716,1405,69400,6
260,20180716,1406,69400,3
261,20180716,1407,69500,6
262,20180716,1408,69400,6
263,20180716,1409,69400,56
264,20180716,1410,69400,424
265,20180716,1411,69400,110
266,20180716,1412,69300,238
267,20180716,1413,69300,3
268,20180716,1414,69300,3
269,20180716,1415,69300,6
270,20180716,1416,69300,124
271,20180716,1417,69300,3
272,20180716,1418,69300,6
273,20180716,1419,69400,5
274,20180716,1420,69300,11
275,20180716,1421,69300,7
276,20180716,1422,69400,747
277,20180716,1423,69400,2
278,20180716,1424,69400,14
279,20180716,1425,69400,5
280,20180716,1426,69400,28
281,20180716,1427,69400,6
282,20180716,1428,69500,112
283,20180716,1429,69400,2
284,20180716,1430,69400,4
285,20180716,1431,69500,18
286,20180716,1432,69400,9
287,20180716,1433,69400,748
288,20180716,1434,69300,4
289,20180716,1435,69300,106
290,20180716,1436,69300,34
291,20180716,1437,69300,7
292,20180716,1438,69400,314
293,20180716,1439,69400,1
294,20180716,1440,69400,5
295,20180716,1441,69400,11
296,20180716,1442,69400,89
297,20180716,1443,69400,10
298,20180716,1444,69400,2
299,20180716,1445,69400,278
300,20180716,1446,69400,253
301,20180716,1447,69300,54
302,20180716,1448,69300,3
303,20180716,1449,69300,18
304,20180716,1450,69300,103
305,20180716,1451,69300,135
306,20180716,1452,69400,3
307,20180716,1453,69300,5
308,20180716,1454,69300,322
309,20180716,1455,69200,734
310,20180716,1456,69100,2
311,20180716,1457,69100,206
312,20180716,1458,69100,9
313,20180716,1459,69100,64
314,20180716,1500,69100,127
315,20180716,1501,69100,3
316,20180716,1502,69100,126
317,20180716,1503,69100,51
318,20180716,1504,69100,6
319,20180716,1505,69200,65
320,20180716,1506,69200,79
321,20180716,1507,69100,51
322,20180716,1508,69200,18
323,20180716,1509,69100,50
324,20180716,1510,69100,8
325,20180716,1511,69100,45
326,20180716,1512,69100,2
327,20180716,1513,69100,105
328,20180716,1514,69100,17
329,20180716,1515,69200,49
330,20180716,1516,69200,195
331,20180716,1517,69100,213
332,20180716,1518,69300,83
333,20180716,1519,69300,37
334,20180716,1520,69400,547
335,20180716,1530,69500,2000
336,20180717,901,69400,163
337,20180717,902,69300,652
338,20180717,903,69200,3
339,20180717,905,69200,134
340,20180717,906,69100,111
341,20180717,907,68900,54
342,20180717,908,69000,136
343,20180717,909,69000,489
344,20180717,910,69100,50
345,20180717,911,69100,213
346,20180717,912,69000,760
347,20180717,913,68900,9
348,20180717,914,68900,89
349,20180717,915,68800,193
350,20180717,916,68600,20
351,20180717,917,68500,138
352,20180717,918,68600,1057
353,20180717,919,68800,37
354,20180717,920,68800,499
355,20180717,921,68900,10
356,20180717,922,68900,45
357,20180717,923,68800,1299
358,20180717,924,68700,50
359,20180717,926,68700,55
360,20180717,927,68700,31
361,20180717,928,68600,5
362,20180717,929,68600,172
363,20180717,930,68700,564
364,20180717,931,68700,21
365,20180717,932,68500,52
366,20180717,933,68600,104
367,20180717,934,68600,8
368,20180717,935,68500,303
369,20180717,936,68500,1315
370,20180717,937,68200,265
371,20180717,938,68200,339
372,20180717,939,68100,10
373,20180717,940,68100,9
374,20180717,941,68100,163
375,20180717,942,68200,367
376,20180717,944,68200,40
377,20180717,945,68200,139
378,20180717,946,68200,65
379,20180717,947,68100,56
380,20180717,949,68200,21
381,20180717,950,68100,5
382,20180717,952,68200,6
383,20180717,953,68200,497
384,20180717,954,68300,79
385,20180717,955,68300,186
386,20180717,956,68300,71
387,20180717,957,68300,624
388,20180717,958,68100,135
389,20180717,959,68200,600
390,20180717,1001,68200,22
391,20180717,1002,68200,131
392,20180717,1003,68100,12
393,20180717,1004,68200,3
394,20180717,1005,68200,425
395,20180717,1006,68200,4
396,20180717,1007,68200,100
397,20180717,1008,68200,370
398,20180717,1009,68400,193
399,20180717,1011,68400,19
400,20180717,1012,68300,160
401,20180717,1015,68300,1366
402,20180717,1016,68900,419
403,20180717,1017,68900,316
404,20180717,1019,68800,113
405,20180717,1021,68800,86
406,20180717,1022,68800,26
407,20180717,1023,68900,126
408,20180717,1025,68800,673
409,20180717,1026,68900,16
410,20180717,1027,68900,451
411,20180717,1028,68600,31
412,20180717,1029,68500,311
413,20180717,1030,68600,34
414,20180717,1031,68600,117
415,20180717,1032,68800,140
416,20180717,1033,68700,12
417,20180717,1034,68800,792
418,20180717,1035,69100,111
419,20180717,1036,69000,131
420,20180717,1039,69000,10
421,20180717,1040,69000,13
422,20180717,1041,69100,150
423,20180717,1042,69100,11
424,20180717,1043,69000,5
425,20180717,1044,69100,12
426,20180717,1045,69000,155
427,20180717,1046,69100,104
428,20180717,1047,69100,2
429,20180717,1048,69100,501
430,20180717,1049,68800,710
431,20180717,1050,68500,100
432,20180717,1051,68600,11
433,20180717,1052,68600,2
434,20180717,1053,68600,2
435,20180717,1054,68600,121
436,20180717,1055,68500,21
437,20180717,1056,68500,68
438,20180717,1057,68600,10
439,20180717,1059,68600,11
440,20180717,1100,68600,48
441,20180717,1101,68600,204
442,20180717,1102,68600,146
443,20180717,1104,68500,24
444,20180717,1105,68400,11
445,20180717,1106,68500,698
446,20180717,1109,68700,23
447,20180717,1110,68700,2
448,20180717,1111,68700,32
449,20180717,1112,68700,31
450,20180717,1113,68700,21
451,20180717,1114,68700,33
452,20180717,1115,68700,39
453,20180717,1116,68700,38
454,20180717,1117,68700,34
455,20180717,1118,68700,25
456,20180717,1119,68700,17
457,20180717,1120,68700,33
458,20180717,1121,68700,46
459,20180717,1122,68700,22
460,20180717,1123,68700,32
461,20180717,1124,68700,18
462,20180717,1125,68600,20
463,20180717,1126,68700,46
464,20180717,1127,68700,24
465,20180717,1128,68700,7
466,20180717,1129,68700,24
467,20180717,1130,68700,29
468,20180717,1131,68700,15
469,20180717,1132,68700,17
470,20180717,1133,68700,4
471,20180717,1134,68700,24
472,20180717,1135,68700,38
473,20180717,1136,68700,27
474,20180717,1138,68700,200
475,20180717,1139,68600,54
476,20180717,1140,68700,6
477,20180717,1141,68700,32
478,20180717,1142,68600,10
479,20180717,1143,68600,10
480,20180717,1144,68700,426
481,20180717,1145,68600,4
482,20180717,1147,68500,51
483,20180717,1148,68500,272
484,20180717,1149,68500,96
485,20180717,1151,68600,86
486,20180717,1152,68500,50
487,20180717,1153,68500,18
488,20180717,1154,68500,119
489,20180717,1155,68500,29
490,20180717,1157,68400,101
491,20180717,1158,68400,632
492,20180717,1159,68400,21
493,20180717,1200,68400,1
494,20180717,1201,68400,85
495,20180717,1202,68400,8
496,20180717,1203,68500,32
497,20180717,1204,68500,55
498,20180717,1206,68300,10
499,20180717,1207,68400,42
500,20180717,1208,68400,10
501,20180717,1212,68400,47
502,20180717,1213,68400,20
503,20180717,1214,68400,5
504,20180717,1216,68300,1
505,20180717,1217,68400,14
506,20180717,1218,68400,614
507,20180717,1219,68500,272
508,20180717,1221,68500,881
509,20180717,1222,68500,25
510,20180717,1223,68500,18
511,20180717,1224,68500,3
512,20180717,1227,68500,54
513,20180717,1230,68500,6
514,20180717,1233,68500,181
515,20180717,1234,68400,68
516,20180717,1238,68500,56
517,20180717,1239,68400,1
518,20180717,1240,68500,5
519,20180717,1242,68400,57
520,20180717,1244,68500,76
521,20180717,1245,68500,514
522,20180717,1246,68600,121
523,20180717,1247,68600,1
524,20180717,1248,68600,26
525,20180717,1249,68600,47
526,20180717,1250,68500,246
527,20180717,1251,68500,84
528,20180717,1253,68500,1
529,20180717,1255,68500,125
530,20180717,1256,68500,94
531,20180717,1258,68500,6
532,20180717,1300,68500,197
533,20180717,1301,68500,142
534,20180717,1302,68600,5
535,20180717,1303,68600,3
536,20180717,1304,68600,15
537,20180717,1305,68600,1
538,20180717,1306,68500,241
539,20180717,1307,68500,45
540,20180717,1309,68500,218
541,20180717,1310,68600,10
542,20180717,1313,68600,93
543,20180717,1314,68500,6
544,20180717,1317,68500,8
545,20180717,1318,68600,4
546,20180717,1319,68600,37
547,20180717,1320,68600,9
548,20180717,1322,68500,1
549,20180717,1323,68500,454
550,20180717,1324,68600,3
551,20180717,1325,68500,128
552,20180717,1326,68500,5
553,20180717,1327,68500,36
554,20180717,1328,68600,63
555,20180717,1329,68500,9
556,20180717,1330,68600,1
557,20180717,1331,68600,13
558,20180717,1332,68600,21
559,20180717,1333,68600,33
560,20180717,1334,68600,9
561,20180717,1335,68600,1
562,20180717,1336,68600,3
563,20180717,1337,68500,4
564,20180717,1338,68500,515
565,20180717,1339,68600,17
566,20180717,1340,68600,55
567,20180717,1342,68500,70
568,20180717,1343,68600,19
569,20180717,1344,68600,24
570,20180717,1345,68600,780
571,20180717,1348,68600,593
572,20180717,1349,68700,43
573,20180717,1350,68700,10
574,20180717,1352,68700,35
575,20180717,1353,68700,20
576,20180717,1354,68700,35
577,20180717,1355,68600,35
578,20180717,1356,68700,3
579,20180717,1357,68700,1
580,20180717,1358,68700,28
581,20180717,1359,68700,314
582,20180717,1400,68500,4
583,20180717,1401,68400,34
584,20180717,1402,68400,1
585,20180717,1403,68500,19
586,20180717,1404,68500,11
587,20180717,1405,68400,30
588,20180717,1407,68400,2
589,20180717,1410,68400,20
590,20180717,1411,68500,28
591,20180717,1413,68500,2
592,20180717,1414,68400,8
593,20180717,1415,68400,110
594,20180717,1416,68500,16
595,20180717,1417,68500,49
596,20180717,1418,68500,23
597,20180717,1419,68500,73
598,20180717,1420,68500,24
599,20180717,1421,68500,51
600,20180717,1422,68500,26
601,20180717,1423,68500,1
602,20180717,1424,68500,5
603,20180717,1425,68400,972
604,20180717,1426,68300,32
605,20180717,1427,68200,5
606,20180717,1428,68200,703
607,20180717,1429,68200,289
608,20180717,1430,68200,137
609,20180717,1431,68200,41
610,20180717,1432,68200,46
611,20180717,1433,68200,288
612,20180717,1434,68300,85
613,20180717,1436,68300,1
614,20180717,1437,68300,162
615,20180717,1438,68200,24
616,20180717,1439,68300,28
617,20180717,1440,68300,108
618,20180717,1441,68200,264
619,20180717,1442,68200,650
620,20180717,1443,68200,242
621,20180717,1444,68200,161
622,20180717,1446,68300,6
623,20180717,1447,68300,10
624,20180717,1448,68300,1
625,20180717,1449,68400,24
626,20180717,1450,68400,27
627,20180717,1451,68400,5
628,20180717,1453,68300,63
629,20180717,1454,68400,66
630,20180717,1455,68300,27
631,20180717,1456,68300,4
632,20180717,1457,68300,45
633,20180717,1458,68300,48
634,20180717,1459,68300,205
635,20180717,1500,68300,22
636,20180717,1501,68300,22
637,20180717,1502,68200,55
638,20180717,1503,68200,132
639,20180717,1504,68300,36
640,20180717,1505,68300,35
641,20180717,1506,68300,51
642,20180717,1507,68200,36
643,20180717,1508,68300,6
644,20180717,1509,68200,53
645,20180717,1510,68200,87
646,20180717,1511,68200,1
647,20180717,1512,68200,144
648,20180717,1513,68200,525
649,20180717,1514,68300,43
650,20180717,1515,68300,493
651,20180717,1516,68300,2
652,20180717,1517,68200,1
653,20180717,1518,68300,9
654,20180717,1519,68200,2
655,20180717,1520,68300,45
656,20180717,1530,68300,2415
657,20180718,901,68100,290
658,20180718,902,68200,39
659,20180718,903,68400,500
660,20180718,904,68100,50
661,20180718,905,68100,1113
662,20180718,906,68300,341
663,20180718,907,68300,139
664,20180718,908,68400,58
665,20180718,909,68700,413
666,20180718,910,68500,493
667,20180718,911,68400,189
668,20180718,912,68500,618
669,20180718,913,68400,65
670,20180718,914,68300,1443
671,20180718,915,67900,316
672,20180718,916,67800,860
673,20180718,917,68000,52
674,20180718,918,68100,7
675,20180718,919,68100,52
676,20180718,920,68100,23
677,20180718,921,68100,361
678,20180718,922,67900,152
679,20180718,923,68000,698
680,20180718,924,67900,966
681,20180718,925,67600,289
682,20180718,926,67600,208
683,20180718,927,67600,366
684,20180718,928,67600,185
685,20180718,929,67600,833
686,20180718,930,67500,552
687,20180718,931,67500,110
688,20180718,932,67500,211
689,20180718,933,67800,26
690,20180718,934,67800,11
691,20180718,935,67800,38
692,20180718,936,67700,104
693,20180718,937,67600,80
694,20180718,938,67600,15
695,20180718,939,67600,11
696,20180718,940,67700,2330
697,20180718,941,67100,172
698,20180718,942,67200,115
699,20180718,943,67300,33
700,20180718,944,67300,59
701,20180718,945,67200,267
702,20180718,946,67200,76
703,20180718,947,67300,31
704,20180718,948,67300,224
705,20180718,950,67500,7
706,20180718,951,67500,24
707,20180718,952,67500,364
708,20180718,953,67300,93
709,20180718,954,67300,410
710,20180718,955,67400,223
711,20180718,956,67400,10
712,20180718,957,67400,475
713,20180718,958,67500,42
714,20180718,959,67500,22
715,20180718,1000,67400,11
716,20180718,1001,67300,126
717,20180718,1002,67500,105
718,20180718,1003,67500,20
719,20180718,1004,67500,4
720,20180718,1005,67400,94
721,20180718,1006,67500,4
722,20180718,1007,67500,1081
723,20180718,1008,67600,137
724,20180718,1009,67700,4
725,20180718,1010,67600,116
726,20180718,1012,67700,11
727,20180718,1013,67600,223
728,20180718,1014,67500,10
729,20180718,1015,67500,75
730,20180718,1016,67500,4
731,20180718,1017,67500,24
732,20180718,1018,67400,54
733,20180718,1019,67400,1777
734,20180718,1020,67300,136
735,20180718,1021,67500,78
736,20180718,1022,67500,163
737,20180718,1023,67700,46
738,20180718,1024,67700,4
739,20180718,1025,67700,130
740,20180718,1026,67500,21
741,20180718,1027,67500,27
742,20180718,1028,67400,12
743,20180718,1029,67400,40
744,20180718,1030,67300,20
745,20180718,1031,67400,37
746,20180718,1032,67300,140
747,20180718,1033,67300,15
748,20180718,1034,67200,21
749,20180718,1035,67300,24
750,20180718,1036,67300,42
751,20180718,1037,67300,5
752,20180718,1038,67300,224
753,20180718,1039,67500,274
754,20180718,1040,67600,7
755,20180718,1041,67600,147
756,20180718,1042,67500,30
757,20180718,1043,67600,241
758,20180718,1044,67800,37
759,20180718,1045,67800,5
760,20180718,1046,67700,91
761,20180718,1047,67700,303
762,20180718,1048,67500,436
763,20180718,1049,67500,219
764,20180718,1050,67600,23
765,20180718,1051,67600,61
766,20180718,1052,67500,22
767,20180718,1053,67500,22
768,20180718,1054,67500,7
769,20180718,1055,67500,5
770,20180718,1056,67500,116
771,20180718,1057,67500,783
772,20180718,1058,67400,5
773,20180718,1059,67400,26
774,20180718,1100,67400,122
775,20180718,1101,67500,112
776,20180718,1102,67600,26
777,20180718,1104,67600,58
778,20180718,1105,67700,62
779,20180718,1106,67700,55
780,20180718,1107,67600,15
781,20180718,1108,67700,25
782,20180718,1109,67700,5
783,20180718,1110,67600,164
784,20180718,1111,67700,26
785,20180718,1112,67800,85
786,20180718,1115,67800,11
787,20180718,1116,67800,50
788,20180718,1117,67800,42
789,20180718,1119,67800,129
790,20180718,1120,67700,51
791,20180718,1121,67800,10
792,20180718,1122,67800,12
793,20180718,1123,67800,22
794,20180718,1124,67700,150
795,20180718,1125,67900,3
796,20180718,1126,67900,157
797,20180718,1127,67900,53
798,20180718,1129,67900,174
799,20180718,1130,67800,33
800,20180718,1131,67900,4
801,20180718,1132,67900,76
802,20180718,1133,67900,83
803,20180718,1135,67900,35
804,20180718,1137,67900,1
805,20180718,1138,67900,31
806,20180718,1139,67800,282
807,20180718,1141,67800,41
808,20180718,1142,67800,1
809,20180718,1143,67700,1
810,20180718,1144,67800,32
811,20180718,1145,67800,32
812,20180718,1147,67800,28
813,20180718,1148,67800,21
814,20180718,1149,67800,32
815,20180718,1150,67700,50
816,20180718,1151,67700,20
817,20180718,1152,67800,24
818,20180718,1153,67800,42
819,20180718,1154,67800,1
820,20180718,1155,67800,10
821,20180718,1156,67800,20
822,20180718,1158,67800,11
823,20180718,1159,67800,24
824,20180718,1200,67700,50
825,20180718,1201,67800,19
826,20180718,1202,67800,31
827,20180718,1203,67800,9
828,20180718,1205,67800,10
829,20180718,1206,67800,28
830,20180718,1208,67800,19
831,20180718,1209,67800,171
832,20180718,1211,67800,18
833,20180718,1212,67800,141
834,20180718,1213,67800,10
835,20180718,1214,67800,5
836,20180718,1215,67800,31
837,20180718,1216,67800,20
838,20180718,1217,67800,72
839,20180718,1218,67900,36
840,20180718,1219,67900,32
841,20180718,1221,67900,25
842,20180718,1222,67900,4
843,20180718,1223,67900,24
844,20180718,1224,67900,24
845,20180718,1225,67900,33
846,20180718,1226,67900,41
847,20180718,1227,68000,52
848,20180718,1228,67900,9
849,20180718,1229,67900,27
850,20180718,1230,68000,24
851,20180718,1231,68000,61
852,20180718,1232,68000,3
853,20180718,1233,68000,176
854,20180718,1234,68000,64
855,20180718,1235,68000,12
856,20180718,1236,68000,35
857,20180718,1237,68000,4
858,20180718,1238,68000,2
859,20180718,1239,68000,45
860,20180718,1240,68000,34
861,20180718,1241,68000,176
862,20180718,1242,68200,25
863,20180718,1243,68200,14
864,20180718,1244,68200,13
865,20180718,1245,68300,72
866,20180718,1246,68300,262
867,20180718,1248,68200,74
868,20180718,1249,68200,4
869,20180718,1250,68200,6
870,20180718,1251,68200,41
871,20180718,1253,68200,4
872,20180718,1254,68200,37
873,20180718,1255,68200,4
874,20180718,1256,68200,5
875,20180718,1257,68200,27
876,20180718,1258,68200,1
877,20180718,1259,68200,5
878,20180718,1300,68200,135
879,20180718,1301,68300,4
880,20180718,1302,68300,14
881,20180718,1303,68300,220
882,20180718,1304,68300,4
883,20180718,1305,68300,103
884,20180718,1306,68300,1
885,20180718,1307,68400,68
886,20180718,1308,68400,9
887,20180718,1309,68400,74
888,20180718,1310,68400,12
889,20180718,1311,68400,15
890,20180718,1312,68400,51
891,20180718,1313,68400,20
892,20180718,1314,68400,9
893,20180718,1315,68400,185
894,20180718,1316,68500,200
895,20180718,1317,68500,6
896,20180718,1318,68500,82
897,20180718,1319,68600,152
898,20180718,1320,68500,24
899,20180718,1321,68500,26
900,20180718,1322,68400,17
901,20180718,1323,68400,32
902,20180718,1324,68500,26
903,20180718,1325,68500,152
904,20180718,1326,68300,199
905,20180718,1328,68400,60
906,20180718,1329,68400,5
907,20180718,1330,68400,21
908,20180718,1331,68400,5
909,20180718,1332,68400,6
910,20180718,1333,68400,20
911,20180718,1334,68400,51
912,20180718,1335,68300,165
913,20180718,1336,68300,71
914,20180718,1337,68300,5
915,20180718,1338,68300,4
916,20180718,1339,68400,61
917,20180718,1340,68200,16
918,20180718,1341,68200,181
919,20180718,1342,68200,21
920,20180718,1343,68300,6
921,20180718,1344,68200,58
922,20180718,1346,68200,46
923,20180718,1347,68200,4
924,20180718,1348,68200,26
925,20180718,1350,68200,26
926,20180718,1351,68200,104
927,20180718,1352,68300,2
928,20180718,1353,68300,11
929,20180718,1354,68300,31
930,20180718,1355,68200,237
931,20180718,1356,68300,331
932,20180718,1357,68200,39
933,20180718,1358,68200,244
934,20180718,1359,68200,6
935,20180718,1400,68200,5
936,20180718,1402,68300,5
937,20180718,1403,68300,25
938,20180718,1404,68300,4
939,20180718,1405,68300,231
940,20180718,1406,68100,78
941,20180718,1407,68100,260
942,20180718,1408,68100,518
943,20180718,1409,68100,268
944,20180718,1410,68100,5
945,20180718,1411,68100,39
946,20180718,1412,68100,43
947,20180718,1413,68200,4
948,20180718,1414,68200,60
949,20180718,1415,68200,43
950,20180718,1416,68100,42
951,20180718,1417,68100,162
952,20180718,1418,68100,26
953,20180718,1419,68100,58
954,20180718,1420,68100,1
955,20180718,1421,68000,538
956,20180718,1422,68000,5
957,20180718,1423,68000,4
958,20180718,1424,67900,214
959,20180718,1425,68000,8
960,20180718,1426,67900,5
961,20180718,1427,68000,25
962,20180718,1428,68000,24
963,20180718,1429,67900,30
964,20180718,1430,67900,2
965,20180718,1431,68000,36
966,20180718,1432,68000,21
967,20180718,1433,68000,20
968,20180718,1434,68000,393
969,20180718,1435,67900,4
970,20180718,1436,67800,214
971,20180718,1438,67900,199
972,20180718,1439,67900,70
973,20180718,1440,67900,110
974,20180718,1441,67800,44
975,20180718,1442,67700,313
976,20180718,1443,67700,85
977,20180718,1444,67600,102
978,20180718,1445,67600,135
979,20180718,1446,67600,23
980,20180718,1447,67700,34
981,20180718,1448,67600,8
982,20180718,1449,67700,14
983,20180718,1450,67700,6
984,20180718,1451,67700,21
985,20180718,1452,67700,18
986,20180718,1453,67700,13
987,20180718,1454,67700,36
988,20180718,1455,67600,205
989,20180718,1456,67700,279
990,20180718,1457,67500,27
991,20180718,1458,67500,12
992,20180718,1459,67500,566
993,20180718,1500,67400,27
994,20180718,1501,67300,463
995,20180718,1502,67300,397
996,20180718,1503,67300,106
997,20180718,1504,67300,81
998,20180718,1505,67300,5
999,20180718,1506,67300,78
1000,20180718,1507,67300,6
1001,20180718,1508,67300,72
1002,20180718,1509,67200,550
1003,20180718,1510,67300,28
1004,20180718,1511,67300,86
1005,20180718,1512,67200,165
1006,20180718,1513,67400,18
1007,20180718,1514,67500,7
1008,20180718,1515,67500,133
1009,20180718,1516,67500,7
1010,20180718,1517,67500,90
1011,20180718,1518,67400,46
1012,20180718,1519,67400,35
1013,20180718,1520,67300,310
1014,20180718,1530,67700,2379
0,20180719,901,67500,161
1,20180719,902,67700,90
2,20180719,903,67900,6
3,20180719,904,68000,13
4,20180719,905,68000,145
5,20180719,906,68100,23
6,20180719,907,68200,65
7,20180719,908,68400,484
8,20180719,909,68200,360
9,20180719,910,68100,420
10,20180719,911,67900,4
11,20180719,912,68000,167
12,20180719,913,67700,58
13,20180719,914,68000,20
14,20180719,915,67700,250
15,20180719,916,67800,149
16,20180719,917,67700,10
17,20180719,918,67700,173
18,20180719,919,67900,3
19,20180719,920,67900,173
20,20180719,921,67900,442
21,20180719,922,67600,108
22,20180719,923,67700,9
23,20180719,924,67600,106
24,20180719,925,67600,90
25,20180719,926,67500,706
26,20180719,927,67300,5
27,20180719,928,67300,214
28,20180719,929,67100,105
29,20180719,930,67200,22
30,20180719,931,67300,5
31,20180719,932,67300,325
32,20180719,933,67300,6
33,20180719,934,67100,27
34,20180719,935,67300,180
35,20180719,936,67300,59
36,20180719,937,67300,19
37,20180719,938,67400,5
38,20180719,939,67300,256
39,20180719,940,67400,9
40,20180719,941,67400,47
41,20180719,942,67400,34
42,20180719,943,67400,43
43,20180719,944,67400,90
44,20180719,946,67400,654
45,20180719,947,67100,7
46,20180719,948,67100,601
47,20180719,949,67300,198
48,20180719,950,67400,35
49,20180719,951,67400,91
50,20180719,952,67500,4
51,20180719,953,67500,64
52,20180719,954,67500,183
53,20180719,955,67500,428
54,20180719,956,67800,21
55,20180719,957,67800,5
56,20180719,958,67800,101
57,20180719,959,67900,36
58,20180719,1000,67900,5
59,20180719,1001,68000,306
60,20180719,1002,67900,33
61,20180719,1003,67800,92
62,20180719,1004,67600,793
63,20180719,1005,67400,31
64,20180719,1006,67400,475
65,20180719,1007,67600,64
66,20180719,1008,67600,572
67,20180719,1009,67900,58
68,20180719,1010,68000,20
69,20180719,1011,68000,24
70,20180719,1012,68000,198
71,20180719,1013,68000,53
72,20180719,1014,68000,34
73,20180719,1015,68000,14
74,20180719,1016,68000,5
75,20180719,1017,68000,4
76,20180719,1018,67900,6
77,20180719,1019,67900,61
78,20180719,1020,67900,53
79,20180719,1021,67900,104
80,20180719,1022,67800,33
81,20180719,1023,67900,312
82,20180719,1024,68000,5
83,20180719,1025,68000,68
84,20180719,1026,67800,2
85,20180719,1027,68000,47
86,20180719,1028,68000,8
87,20180719,1029,68000,2
88,20180719,1030,68000,5
89,20180719,1031,68000,45
90,20180719,1032,68000,4
91,20180719,1033,68000,124
92,20180719,1034,68000,64
93,20180719,1035,68000,6
94,20180719,1036,68000,3
95,20180719,1037,68000,106
96,20180719,1038,67900,55
97,20180719,1040,68000,26
98,20180719,1041,67900,17
99,20180719,1042,68000,123
100,20180719,1043,68000,1320
101,20180719,1044,68300,404
102,20180719,1045,68100,3
103,20180719,1046,68200,8
104,20180719,1047,68200,161
105,20180719,1048,68200,13
106,20180719,1049,68200,63
107,20180719,1050,68200,22
108,20180719,1051,68200,40
109,20180719,1052,68200,10
110,20180719,1053,68200,13
111,20180719,1054,68200,170
112,20180719,1055,68200,116
113,20180719,1056,68200,41
114,20180719,1057,68300,29
115,20180719,1058,68300,58
116,20180719,1059,68300,51
117,20180719,1100,68300,87
118,20180719,1101,68300,83
119,20180719,1102,68300,204
120,20180719,1103,68400,35
121,20180719,1104,68400,167
122,20180719,1105,68400,148
123,20180719,1106,68300,87
124,20180719,1107,68400,34
125,20180719,1108,68400,25
126,20180719,1109,68400,67
127,20180719,1110,68400,113
128,20180719,1111,68300,65
129,20180719,1112,68400,219
130,20180719,1113,68400,61
131,20180719,1114,68300,95
132,20180719,1115,68400,34
133,20180719,1116,68400,18
134,20180719,1117,68400,23
135,20180719,1118,68300,486
136,20180719,1119,68300,5
137,20180719,1120,68300,73
138,20180719,1121,68300,3
139,20180719,1122,68300,72
140,20180719,1123,68300,24
141,20180719,1124,68200,173
142,20180719,1125,68200,65
143,20180719,1126,68200,13
144,20180719,1127,68200,23
145,20180719,1128,68200,84
146,20180719,1129,68200,131
147,20180719,1130,68300,192
148,20180719,1131,68400,7
149,20180719,1132,68300,46
150,20180719,1133,68400,253
151,20180719,1134,68400,37
152,20180719,1135,68400,43
153,20180719,1136,68300,62
154,20180719,1137,68300,160
155,20180719,1138,68400,59
156,20180719,1139,68300,41
157,20180719,1140,68300,15
158,20180719,1141,68300,45
159,20180719,1142,68300,7
160,20180719,1143,68300,20
161,20180719,1144,68300,48
162,20180719,1145,68300,8
163,20180719,1146,68300,43
164,20180719,1147,68300,6
165,20180719,1148,68300,259
166,20180719,1149,68400,70
167,20180719,1150,68400,4
168,20180719,1151,68400,81
169,20180719,1152,68400,53
170,20180719,1153,68400,50
171,20180719,1154,68400,24
172,20180719,1155,68400,38
173,20180719,1156,68400,208
174,20180719,1157,68400,485
175,20180719,1158,68400,25
176,20180719,1159,68400,254
177,20180719,1200,68300,78
178,20180719,1201,68300,6
179,20180719,1202,68300,21
180,20180719,1203,68300,21
181,20180719,1204,68300,6
182,20180719,1205,68300,71
183,20180719,1206,68300,6
184,20180719,1207,68300,43
185,20180719,1208,68300,6
186,20180719,1209,68300,56
187,20180719,1210,68300,166
188,20180719,1211,68300,56
189,20180719,1212,68300,14
190,20180719,1213,68300,47
191,20180719,1214,68300,265
192,20180719,1215,68100,414
193,20180719,1216,68100,37
194,20180719,1217,68000,126
195,20180719,1218,68000,231
196,20180719,1219,68000,754
197,20180719,1220,68000,19
198,20180719,1221,67900,70
199,20180719,1222,68000,5
200,20180719,1223,68000,19
201,20180719,1224,68000,166
202,20180719,1225,67900,66
203,20180719,1226,68000,7
204,20180719,1227,68000,27
205,20180719,1228,68000,14
206,20180719,1229,68000,38
207,20180719,1230,67900,69
208,20180719,1231,67900,105
209,20180719,1232,67900,36
210,20180719,1233,68000,64
211,20180719,1234,68000,5
212,20180719,1235,68100,63
213,20180719,1236,68100,39
214,20180719,1237,68100,16
215,20180719,1238,68000,355
216,20180719,1239,68100,3
217,20180719,1240,68100,55
218,20180719,1241,68100,6
219,20180719,1242,68100,16
220,20180719,1243,68100,122
221,20180719,1244,68200,18
222,20180719,1245,68200,193
223,20180719,1246,68100,48
224,20180719,1247,68100,16
225,20180719,1248,68100,148
226,20180719,1249,68100,119
227,20180719,1250,68100,135
228,20180719,1251,68200,21
229,20180719,1252,68200,12
230,20180719,1253,68100,118
231,20180719,1254,68200,8
232,20180719,1255,68200,58
233,20180719,1256,68200,7
234,20180719,1257,68200,751
235,20180719,1258,68300,30
236,20180719,1259,68300,27
237,20180719,1300,68200,67
238,20180719,1301,68300,138
239,20180719,1302,68300,66
240,20180719,1303,68200,91
241,20180719,1304,68200,17
242,20180719,1305,68200,54
243,20180719,1306,68200,168
244,20180719,1307,68200,16
245,20180719,1308,68100,28
246,20180719,1309,68200,62
247,20180719,1310,68200,12
248,20180719,1311,68200,77
249,20180719,1312,68200,8
250,20180719,1313,68200,59
251,20180719,1314,68200,50
252,20180719,1315,68100,8
253,20180719,1316,68200,17
254,20180719,1317,68200,5
255,20180719,1318,68200,236
256,20180719,1319,68100,11
257,20180719,1320,68100,20
258,20180719,1321,68100,2
259,20180719,1322,68100,8
260,20180719,1323,68100,310
261,20180719,1324,68100,40
262,20180719,1325,68100,55
263,20180719,1326,68000,15
264,20180719,1327,68000,32
265,20180719,1328,68000,42
266,20180719,1329,68000,99
267,20180719,1330,67900,130
268,20180719,1331,68000,55
269,20180719,1332,67900,4
270,20180719,1333,67900,33
271,20180719,1334,68000,42
272,20180719,1335,68000,171
273,20180719,1336,68000,69
274,20180719,1337,67900,8
275,20180719,1338,67800,346
276,20180719,1339,67900,53
277,20180719,1340,67800,95
278,20180719,1341,67900,9
279,20180719,1342,67800,3
280,20180719,1343,67800,32
281,20180719,1344,67900,126
282,20180719,1345,67900,119
283,20180719,1346,67900,3
284,20180719,1347,67900,10
285,20180719,1348,67900,40
286,20180719,1349,67900,198
287,20180719,1350,68000,35
288,20180719,1351,68000,5
289,20180719,1352,68000,4
290,20180719,1353,68000,116
291,20180719,1354,67900,96
292,20180719,1355,68000,112
293,20180719,1356,68000,25
294,20180719,1357,68000,5
295,20180719,1358,68000,9
296,20180719,1359,67900,28
297,20180719,1400,68000,35
298,20180719,1401,68000,111
299,20180719,1402,67900,180
300,20180719,1403,68000,4
301,20180719,1404,68000,34
302,20180719,1405,67800,101
303,20180719,1406,67800,78
304,20180719,1407,67700,330
305,20180719,1408,67600,52
306,20180719,1409,67600,477
307,20180719,1410,67600,221
308,20180719,1411,67800,7
309,20180719,1412,67700,60
310,20180719,1413,67700,4
311,20180719,1414,67700,40
312,20180719,1415,67600,113
313,20180719,1416,67600,58
314,20180719,1417,67600,30
315,20180719,1418,67600,83
316,20180719,1419,67600,56
317,20180719,1420,67600,658
318,20180719,1421,67400,39
319,20180719,1422,67500,108
320,20180719,1423,67500,80
321,20180719,1424,67600,440
322,20180719,1425,67900,39
323,20180719,1426,67900,115
324,20180719,1427,67800,112
325,20180719,1428,67900,4
326,20180719,1429,67900,110
327,20180719,1430,67800,66
328,20180719,1431,67800,36
329,20180719,1432,67700,24
330,20180719,1433,67600,248
331,20180719,1434,67700,150
332,20180719,1435,67700,6
333,20180719,1436,67700,95
334,20180719,1437,67700,4
335,20180719,1438,67700,211
336,20180719,1439,67500,47
337,20180719,1440,67500,31
338,20180719,1441,67600,94
339,20180719,1442,67600,57
340,20180719,1443,67700,50
341,20180719,1444,67700,16
342,20180719,1445,67700,10
343,20180719,1446,67700,108
344,20180719,1447,67700,147
345,20180719,1448,67800,9
346,20180719,1449,67800,7
347,20180719,1450,67800,473
348,20180719,1451,67800,53
349,20180719,1452,67800,205
350,20180719,1453,67600,314
351,20180719,1454,67700,97
352,20180719,1455,67700,10
353,20180719,1456,67700,6
354,20180719,1457,67700,97
355,20180719,1458,67600,130
356,20180719,1459,67600,17
357,20180719,1500,67700,189
358,20180719,1501,67500,10
359,20180719,1502,67700,5
360,20180719,1503,67700,1105
361,20180719,1504,67900,59
362,20180719,1505,67900,187
363,20180719,1507,67900,62
364,20180719,1508,67800,394
365,20180719,1509,67600,34
366,20180719,1510,67500,103
367,20180719,1511,67700,60
368,20180719,1512,67700,9
369,20180719,1513,67700,98
370,20180719,1514,67600,28
371,20180719,1515,67600,130
372,20180719,1516,67600,58
373,20180719,1517,67600,64
374,20180719,1518,67600,31
375,20180719,1519,67600,5
376,20180719,1520,67600,139
377,20180719,1530,67800,2347
378,20180720,901,68200,1629
379,20180720,903,67900,148
380,20180720,904,67500,26
381,20180720,906,67700,41
382,20180720,907,67600,4
383,20180720,908,67600,83
384,20180720,909,67400,33
385,20180720,910,67400,45
386,20180720,911,67400,2
387,20180720,912,67500,22
388,20180720,913,67500,735
389,20180720,914,67300,55
390,20180720,915,67400,373
391,20180720,916,67500,10
392,20180720,917,67500,12
393,20180720,918,67500,2
394,20180720,919,67400,463
395,20180720,920,67200,477
396,20180720,921,66900,948
397,20180720,922,67200,2
398,20180720,923,67200,203
399,20180720,924,67100,297
400,20180720,925,67200,1
401,20180720,927,67200,30
402,20180720,929,67200,92
403,20180720,930,67200,5
404,20180720,931,67200,732
405,20180720,932,67300,1377
406,20180720,933,67800,403
407,20180720,934,67600,36
408,20180720,935,67400,48
409,20180720,936,67500,33
410,20180720,937,67400,34
411,20180720,938,67400,55
412,20180720,939,67300,134
413,20180720,940,67400,857
414,20180720,941,67600,18
415,20180720,942,67600,10
416,20180720,943,67600,191
417,20180720,944,67600,37
418,20180720,945,67600,10
419,20180720,946,67600,1
420,20180720,947,67600,10
421,20180720,948,67600,100
422,20180720,950,67700,1026
423,20180720,951,67800,1
424,20180720,954,67700,396
425,20180720,955,67700,12
426,20180720,956,67600,177
427,20180720,959,67500,30
428,20180720,1000,67600,40
429,20180720,1001,67500,131
430,20180720,1002,67500,30
431,20180720,1004,67500,180
432,20180720,1005,67500,1686
433,20180720,1006,68000,11
434,20180720,1007,68000,277
435,20180720,1008,68000,1
436,20180720,1009,68000,170
437,20180720,1010,68000,51
438,20180720,1013,68000,416
439,20180720,1015,68000,20
440,20180720,1016,68000,38
441,20180720,1017,68000,100
442,20180720,1019,68000,4
443,20180720,1020,68000,337
444,20180720,1021,67900,335
445,20180720,1022,67900,40
446,20180720,1023,67900,7
447,20180720,1024,67800,110
448,20180720,1025,67800,22
449,20180720,1026,67800,32
450,20180720,1027,67800,10
451,20180720,1029,67700,526
452,20180720,1030,67700,116
453,20180720,1031,67700,1
454,20180720,1032,67700,36
455,20180720,1034,67600,190
456,20180720,1035,67600,11
457,20180720,1036,67600,215
458,20180720,1037,67600,13
459,20180720,1039,67600,1
460,20180720,1040,67600,586
461,20180720,1041,67500,1
462,20180720,1042,67500,2
463,20180720,1043,67500,1
464,20180720,1046,67400,855
465,20180720,1047,67300,453
466,20180720,1049,67300,50
467,20180720,1050,67300,45
468,20180720,1051,67400,907
469,20180720,1053,67600,54
470,20180720,1054,67600,35
471,20180720,1055,67600,120
472,20180720,1100,67600,2
473,20180720,1101,67600,8
474,20180720,1102,67600,1
475,20180720,1104,67600,60
476,20180720,1105,67600,531
477,20180720,1106,67800,199
478,20180720,1110,67800,10
479,20180720,1111,67800,1
480,20180720,1112,67800,102
481,20180720,1113,67700,30
482,20180720,1114,67700,117
483,20180720,1116,67800,198
484,20180720,1117,67900,1157
485,20180720,1118,68100,32
486,20180720,1119,68100,2
487,20180720,1120,68200,6
488,20180720,1122,68100,50
489,20180720,1123,68200,40
490,20180720,1124,68200,194
491,20180720,1125,68300,3
492,20180720,1126,68200,201
493,20180720,1129,68200,50
494,20180720,1130,68200,160
495,20180720,1132,68300,395
496,20180720,1133,68400,313
497,20180720,1134,68400,109
498,20180720,1135,68400,3
499,20180720,1136,68400,27
500,20180720,1137,68400,14
501,20180720,1138,68400,60
502,20180720,1139,68400,20
503,20180720,1140,68400,638
504,20180720,1142,68200,2
505,20180720,1143,68200,1
506,20180720,1145,68100,134
507,20180720,1146,67900,266
508,20180720,1147,67900,3
509,20180720,1149,68000,190
510,20180720,1150,68100,36
511,20180720,1152,68200,2
512,20180720,1154,68200,3
513,20180720,1156,68200,15
514,20180720,1157,68100,154
515,20180720,1158,68100,1
516,20180720,1159,68200,1
517,20180720,1203,68200,102
518,20180720,1206,68100,10
519,20180720,1210,68100,181
520,20180720,1212,68000,20
521,20180720,1213,68100,103
522,20180720,1216,68100,1
523,20180720,1217,68100,40
524,20180720,1219,68000,55
525,20180720,1220,68000,50
526,20180720,1221,68100,266
527,20180720,1222,68200,1
528,20180720,1223,68200,2
529,20180720,1225,68200,1
530,20180720,1226,68100,200
531,20180720,1227,68100,200
532,20180720,1228,68100,194
533,20180720,1229,68100,20
534,20180720,1230,68100,132
535,20180720,1232,68100,24
536,20180720,1233,68000,12
537,20180720,1234,68100,21
538,20180720,1235,68000,37
539,20180720,1236,68000,28
540,20180720,1237,68000,1
541,20180720,1243,68000,59
542,20180720,1244,68000,79
543,20180720,1245,68000,2
544,20180720,1246,68000,1
545,20180720,1247,68000,33
546,20180720,1248,68000,37
547,20180720,1251,68000,8
548,20180720,1253,68000,2
549,20180720,1255,68000,21
550,20180720,1256,68000,117
551,20180720,1257,68000,27
552,20180720,1258,68000,7
553,20180720,1301,68000,101
554,20180720,1302,67900,62
555,20180720,1303,67900,1
556,20180720,1304,67900,6
557,20180720,1308,67900,7
558,20180720,1311,67800,110
559,20180720,1312,67900,5
560,20180720,1313,67900,6
561,20180720,1315,67900,32
562,20180720,1316,67900,10
563,20180720,1317,67900,1
564,20180720,1318,67800,1
565,20180720,1321,67800,43
566,20180720,1322,67900,2
567,20180720,1323,67900,13
568,20180720,1324,67800,11
569,20180720,1325,67800,5
570,20180720,1326,67900,24
571,20180720,1327,67900,12
572,20180720,1328,67900,20
573,20180720,1329,67800,10
574,20180720,1330,67900,20
575,20180720,1331,67800,140
576,20180720,1332,67900,7
577,20180720,1333,67900,23
578,20180720,1334,67900,10
579,20180720,1335,67900,24
580,20180720,1336,67900,2
581,20180720,1337,67900,26
582,20180720,1338,67900,1
583,20180720,1339,67800,46
584,20180720,1340,67900,277
585,20180720,1341,68000,47
586,20180720,1342,68000,18
587,20180720,1343,67900,57
588,20180720,1344,67900,310
589,20180720,1345,67900,176
590,20180720,1346,67900,23
591,20180720,1347,67900,2
592,20180720,1348,67900,11
593,20180720,1349,67900,13
594,20180720,1350,67900,76
595,20180720,1352,68000,13
596,20180720,1353,68000,14
597,20180720,1354,68000,3
598,20180720,1355,68000,23
599,20180720,1356,68000,4
600,20180720,1357,68000,23
601,20180720,1358,67900,19
602,20180720,1359,68000,11
603,20180720,1400,68000,17
604,20180720,1401,68000,14
605,20180720,1402,67900,426
606,20180720,1403,68000,22
607,20180720,1404,68100,33
608,20180720,1405,68100,274
609,20180720,1406,68200,13
610,20180720,1407,68100,27
611,20180720,1408,68200,11
612,20180720,1409,68200,26
613,20180720,1410,68200,21
614,20180720,1411,68100,27
615,20180720,1412,68200,13
616,20180720,1413,68200,201
617,20180720,1414,68300,117
618,20180720,1415,68200,9
619,20180720,1416,68200,75
620,20180720,1417,68200,10
621,20180720,1418,68200,22
622,20180720,1419,68200,1298
623,20180720,1420,68300,4
624,20180720,1421,68400,28
625,20180720,1422,68400,19
626,20180720,1423,68300,256
627,20180720,1424,68400,12
628,20180720,1425,68400,160
629,20180720,1426,68400,8
630,20180720,1427,68400,644
631,20180720,1428,68200,89
632,20180720,1429,68200,319
633,20180720,1430,68300,71
634,20180720,1431,68300,51
635,20180720,1432,68200,1
636,20180720,1433,68300,178
637,20180720,1434,68300,97
638,20180720,1435,68400,33
639,20180720,1436,68300,615
640,20180720,1437,68400,69
641,20180720,1438,68400,7
642,20180720,1439,68400,143
643,20180720,1440,68400,72
644,20180720,1441,68400,100
645,20180720,1442,68300,1
646,20180720,1443,68300,127
647,20180720,1444,68400,212
648,20180720,1445,68400,15
649,20180720,1446,68300,7
650,20180720,1447,68200,37
651,20180720,1448,68300,16
652,20180720,1449,68300,189
653,20180720,1450,68200,17
654,20180720,1451,68200,2
655,20180720,1452,68300,14
656,20180720,1453,68300,45
657,20180720,1454,68200,150
658,20180720,1455,68300,43
659,20180720,1456,68200,16
660,20180720,1457,68300,140
661,20180720,1458,68300,123
662,20180720,1459,68200,17
663,20180720,1500,68300,18
664,20180720,1501,68300,75
665,20180720,1502,68300,396
666,20180720,1503,68300,5
667,20180720,1504,68300,83
668,20180720,1505,68200,219
669,20180720,1506,68200,287
670,20180720,1507,68200,19
671,20180720,1508,68200,311
672,20180720,1509,68100,13
673,20180720,1510,68000,8
674,20180720,1511,68100,205
675,20180720,1512,68100,123
676,20180720,1513,68100,177
677,20180720,1514,68000,110
678,20180720,1516,68100,96
679,20180720,1517,68100,41
680,20180720,1518,68000,116
681,20180720,1519,68100,210
682,20180720,1520,68200,135
683,20180720,1530,68100,3154
0,20180723,901,68800,413
1,20180723,902,68900,117
2,20180723,903,69200,116
3,20180723,904,69000,216
4,20180723,905,68900,64
5,20180723,906,68900,186
6,20180723,907,68800,60
7,20180723,908,68700,91
8,20180723,909,68900,16
9,20180723,910,68900,115
10,20180723,911,68900,189
11,20180723,912,68600,103
12,20180723,913,68700,81
13,20180723,914,68700,62
14,20180723,915,68600,23
15,20180723,916,68600,194
16,20180723,917,68300,139
17,20180723,918,68200,48
18,20180723,919,68200,112
19,20180723,920,68200,95
20,20180723,921,68400,67
21,20180723,922,68400,2
22,20180723,923,68400,318
23,20180723,924,68600,19
24,20180723,925,68600,412
25,20180723,926,68400,136
26,20180723,927,68100,288
27,20180723,928,68200,27
28,20180723,929,68200,37
29,20180723,930,68200,193
30,20180723,931,68200,388
31,20180723,932,68000,51
32,20180723,933,68100,39
33,20180723,934,68000,134
34,20180723,935,68100,1
35,20180723,936,68100,1
36,20180723,937,68100,123
37,20180723,938,68200,333
38,20180723,939,68500,6
39,20180723,940,68100,51
40,20180723,941,68300,29
41,20180723,942,68400,25
42,20180723,943,68400,49
43,20180723,944,68400,31
44,20180723,945,68400,13
45,20180723,946,68400,52
46,20180723,947,68400,4
47,20180723,948,68400,51
48,20180723,949,68300,373
49,20180723,950,68200,244
50,20180723,952,68300,4
51,20180723,953,68200,250
52,20180723,954,68200,22
53,20180723,955,68200,9
54,20180723,956,68100,14
55,20180723,957,68100,5
56,20180723,958,68100,137
57,20180723,959,68200,11
58,20180723,1000,68100,428
59,20180723,1001,68100,47
60,20180723,1003,68100,4
61,20180723,1004,68000,31
62,20180723,1005,68100,26
63,20180723,1006,68000,50
64,20180723,1007,68100,4
65,20180723,1008,68100,3
66,20180723,1009,68100,3
67,20180723,1010,68100,130
68,20180723,1011,68100,21
69,20180723,1012,68100,4
70,20180723,1013,68000,33
71,20180723,1014,68000,25
72,20180723,1015,68100,39
73,20180723,1016,68100,19
74,20180723,1017,68000,4
75,20180723,1018,68100,68
76,20180723,1019,68100,3
77,20180723,1020,68100,14
78,20180723,1021,68100,36
79,20180723,1022,68100,59
80,20180723,1023,68100,358
81,20180723,1024,68100,536
82,20180723,1025,68000,113
83,20180723,1026,68000,66
84,20180723,1027,68000,3
85,20180723,1028,67900,231
86,20180723,1029,67800,236
87,20180723,1030,67700,36
88,20180723,1031,67700,36
89,20180723,1032,67700,53
90,20180723,1033,67700,345
91,20180723,1034,68100,34
92,20180723,1035,68200,212
93,20180723,1036,67900,34
94,20180723,1037,67800,113
95,20180723,1038,67800,41
96,20180723,1039,67800,20
97,20180723,1040,67800,32
98,20180723,1041,67900,4
99,20180723,1042,67800,45
100,20180723,1043,67900,4
101,20180723,1044,67900,53
102,20180723,1045,67800,707
103,20180723,1046,67500,80
104,20180723,1047,67800,28
105,20180723,1048,67700,278
106,20180723,1049,67600,146
107,20180723,1050,67600,48
108,20180723,1051,67700,3
109,20180723,1052,67600,222
110,20180723,1053,67600,46
111,20180723,1054,67600,36
112,20180723,1055,67600,6
113,20180723,1056,67700,105
114,20180723,1057,68000,139
115,20180723,1058,68100,100
116,20180723,1059,68100,3
117,20180723,1100,68100,86
118,20180723,1101,68100,76
119,20180723,1102,68100,77
120,20180723,1103,68000,106
121,20180723,1104,68100,11
122,20180723,1105,68000,486
123,20180723,1106,68000,276
124,20180723,1107,68000,21
125,20180723,1108,67900,50
126,20180723,1109,68000,4
127,20180723,1110,67900,34
128,20180723,1111,68000,343
129,20180723,1112,68200,123
130,20180723,1113,68200,163
131,20180723,1114,68200,90
132,20180723,1115,68200,24
133,20180723,1116,68300,182
134,20180723,1117,68300,549
135,20180723,1118,68200,48
136,20180723,1121,68300,103
137,20180723,1122,68200,74
138,20180723,1123,68200,155
139,20180723,1124,68300,4
140,20180723,1125,68300,231
141,20180723,1126,68200,47
142,20180723,1127,68100,112
143,20180723,1128,68200,112
144,20180723,1129,68200,115
145,20180723,1130,68200,224
146,20180723,1131,68300,98
147,20180723,1132,68100,287
148,20180723,1133,68300,40
149,20180723,1134,68200,213
150,20180723,1135,68200,114
151,20180723,1136,68300,49
152,20180723,1137,68200,108
153,20180723,1138,68200,221
154,20180723,1140,68300,359
155,20180723,1141,68300,65
156,20180723,1142,68200,114
157,20180723,1143,68200,121
158,20180723,1144,68200,253
159,20180723,1145,68300,72
160,20180723,1146,68300,55
161,20180723,1148,68300,40
162,20180723,1149,68300,3
163,20180723,1150,68300,69
164,20180723,1152,68300,309
165,20180723,1153,68300,142
166,20180723,1154,68200,18
167,20180723,1155,68300,133
168,20180723,1156,68300,13
169,20180723,1158,68300,56
170,20180723,1159,68300,2
171,20180723,1200,68200,88
172,20180723,1201,68300,128
173,20180723,1203,68300,5
174,20180723,1204,68300,93
175,20180723,1205,68300,497
176,20180723,1206,68400,614
177,20180723,1207,68500,1784
178,20180723,1208,68600,250
179,20180723,1209,68700,64
180,20180723,1210,68700,56
181,20180723,1211,68700,424
182,20180723,1212,68700,9
183,20180723,1213,68700,115
184,20180723,1214,68700,25
185,20180723,1215,68600,23
186,20180723,1216,68700,56
187,20180723,1217,68700,139
188,20180723,1218,68700,5
189,20180723,1219,68600,653
190,20180723,1220,68600,140
191,20180723,1221,68600,201
192,20180723,1222,68600,243
193,20180723,1223,68500,25
194,20180723,1224,68500,74
195,20180723,1226,68400,53
196,20180723,1227,68500,180
197,20180723,1228,68500,46
198,20180723,1229,68600,4
199,20180723,1230,68500,2
200,20180723,1231,68500,35
201,20180723,1232,68600,137
202,20180723,1233,68700,642
203,20180723,1234,68800,911
204,20180723,1235,68800,406
205,20180723,1236,68900,80
206,20180723,1237,68900,975
207,20180723,1238,69000,94
208,20180723,1239,68900,1
209,20180723,1240,69000,76
210,20180723,1241,69000,441
211,20180723,1243,69000,79
212,20180723,1244,69000,41
213,20180723,1245,69000,25
214,20180723,1246,68900,168
215,20180723,1247,69000,133
216,20180723,1248,69000,114
217,20180723,1249,69000,49
218,20180723,1250,69000,45
219,20180723,1251,68900,868
220,20180723,1252,69000,234
221,20180723,1253,69100,729
222,20180723,1254,69200,150
223,20180723,1255,69200,876
224,20180723,1256,69400,1431
225,20180723,1257,69100,37
226,20180723,1258,69100,158
227,20180723,1259,69100,128
228,20180723,1300,69100,387
229,20180723,1301,69100,438
230,20180723,1302,69200,5
231,20180723,1303,69200,458
232,20180723,1304,69200,208
233,20180723,1305,69200,180
234,20180723,1306,69200,48
235,20180723,1307,69300,37
236,20180723,1308,69300,287
237,20180723,1309,69300,36
238,20180723,1310,69400,67
239,20180723,1311,69300,381
240,20180723,1312,69400,219
241,20180723,1313,69300,66
242,20180723,1314,69300,230
243,20180723,1315,69200,43
244,20180723,1316,69200,245
245,20180723,1317,69200,411
246,20180723,1318,69300,183
247,20180723,1319,69400,89
248,20180723,1320,69400,304
249,20180723,1321,69100,132
250,20180723,1322,69200,226
251,20180723,1323,69300,220
252,20180723,1324,69200,540
253,20180723,1325,69300,133
254,20180723,1326,69400,946
255,20180723,1327,69400,241
256,20180723,1328,69500,146
257,20180723,1329,69500,236
258,20180723,1330,69500,471
259,20180723,1331,69500,228
260,20180723,1332,69500,279
261,20180723,1333,69400,204
262,20180723,1334,69500,149
263,20180723,1335,69500,287
264,20180723,1336,69500,1167
265,20180723,1337,69500,239
266,20180723,1338,69500,397
267,20180723,1339,69500,153
268,20180723,1340,69500,152
269,20180723,1341,69500,205
270,20180723,1342,69600,111
271,20180723,1343,69600,217
272,20180723,1344,69600,608
273,20180723,1345,69600,171
274,20180723,1346,69600,217
275,20180723,1347,69600,737
276,20180723,1348,69700,1017
277,20180723,1349,69800,129
278,20180723,1350,69800,813
279,20180723,1351,69800,355
280,20180723,1352,69800,310
281,20180723,1353,69700,306
282,20180723,1354,69800,138
283,20180723,1355,69800,161
284,20180723,1356,69800,168
285,20180723,1357,69800,1514
286,20180723,1358,69800,234
287,20180723,1359,69800,543
288,20180723,1400,69800,216
289,20180723,1401,69900,130
290,20180723,1402,69900,187
291,20180723,1403,69900,871
292,20180723,1404,69800,135
293,20180723,1405,69800,271
294,20180723,1406,69800,472
295,20180723,1407,69800,173
296,20180723,1408,69800,96
297,20180723,1409,69800,143
298,20180723,1410,69800,88
299,20180723,1411,69800,567
300,20180723,1412,69800,276
301,20180723,1413,69800,1146
302,20180723,1414,69700,259
303,20180723,1415,69800,1464
304,20180723,1416,69900,339
305,20180723,1417,69900,854
306,20180723,1418,69800,947
307,20180723,1419,69900,518
308,20180723,1420,69800,365
309,20180723,1421,69900,347
310,20180723,1422,69800,333
311,20180723,1423,69800,126
312,20180723,1424,69800,218
313,20180723,1425,69800,199
314,20180723,1426,69800,121
315,20180723,1427,69800,119
316,20180723,1428,69800,262
317,20180723,1429,69800,308
318,20180723,1430,69800,128
319,20180723,1431,69800,1312
320,20180723,1432,69600,118
321,20180723,1433,69600,333
322,20180723,1434,69600,213
323,20180723,1435,69600,631
324,20180723,1436,69500,167
325,20180723,1437,69500,142
326,20180723,1438,69500,146
327,20180723,1439,69400,287
328,20180723,1440,69500,367
329,20180723,1441,69600,701
330,20180723,1442,69400,143
331,20180723,1443,69300,118
332,20180723,1444,69300,359
333,20180723,1445,69000,292
334,20180723,1446,69300,212
335,20180723,1447,69300,278
336,20180723,1448,69300,386
337,20180723,1449,69300,355
338,20180723,1450,68900,367
339,20180723,1451,69000,180
340,20180723,1452,69000,294
341,20180723,1453,69000,413
342,20180723,1454,69000,592
343,20180723,1455,69000,209
344,20180723,1456,69000,793
345,20180723,1457,69000,170
346,20180723,1458,69000,1315
347,20180723,1459,68800,781
348,20180723,1500,68600,322
349,20180723,1501,68700,271
350,20180723,1502,68700,261
351,20180723,1503,68800,271
352,20180723,1504,68900,147
353,20180723,1505,68900,283
354,20180723,1506,68900,216
355,20180723,1507,68900,781
356,20180723,1508,69000,814
357,20180723,1509,68800,103
358,20180723,1510,68700,60
359,20180723,1511,68700,316
360,20180723,1512,68600,220
361,20180723,1513,68600,149
362,20180723,1514,68600,852
363,20180723,1515,68500,1143
364,20180723,1516,68400,55
365,20180723,1517,68500,130
366,20180723,1518,68600,342
367,20180723,1519,68600,899
368,20180723,1520,68400,444
369,20180723,1530,68400,6625
370,20180724,901,68200,881
371,20180724,902,68800,201
372,20180724,903,69000,412
373,20180724,904,68900,63
374,20180724,906,68900,52
375,20180724,907,68900,254
376,20180724,908,69100,56
377,20180724,909,69100,57
378,20180724,910,68700,37
379,20180724,911,68700,420
380,20180724,912,68800,62
381,20180724,913,68900,105
382,20180724,915,69000,3
383,20180724,916,69000,149
384,20180724,917,68900,144
385,20180724,918,68800,54
386,20180724,919,68800,135
387,20180724,920,68800,106
388,20180724,921,68700,837
389,20180724,922,69100,261
390,20180724,923,69000,117
391,20180724,924,69000,438
392,20180724,925,68900,629
393,20180724,926,69100,24
394,20180724,927,69000,435
395,20180724,928,68900,115
396,20180724,929,68900,298
397,20180724,930,68900,381
398,20180724,931,69100,247
399,20180724,932,69100,80
400,20180724,933,69100,66
401,20180724,934,69000,114
402,20180724,935,69100,311
403,20180724,936,69100,105
404,20180724,937,69100,103
405,20180724,939,69000,1307
406,20180724,940,68600,100
407,20180724,941,68700,227
408,20180724,942,69000,1481
409,20180724,943,68900,100
410,20180724,944,68900,101
411,20180724,945,68900,15
412,20180724,946,68900,4
413,20180724,947,68900,197
414,20180724,948,68900,3
415,20180724,949,69000,238
416,20180724,950,68900,1
417,20180724,951,69000,103
418,20180724,952,69000,137
419,20180724,953,68900,357
420,20180724,954,68800,147
421,20180724,955,68800,10
422,20180724,956,68700,219
423,20180724,957,68600,397
424,20180724,958,68400,191
425,20180724,959,68400,449
426,20180724,1000,68500,124
427,20180724,1001,68400,237
428,20180724,1002,68500,126
429,20180724,1003,68600,7
430,20180724,1004,68600,26
431,20180724,1005,68500,375
432,20180724,1006,68600,290
433,20180724,1007,68500,342
434,20180724,1008,68600,44
435,20180724,1009,68500,78
436,20180724,1010,68600,704
437,20180724,1011,68800,39
438,20180724,1012,68800,80
439,20180724,1013,68800,383
440,20180724,1015,68900,61
441,20180724,1016,68900,84
442,20180724,1017,68800,163
443,20180724,1018,68700,151
444,20180724,1020,68700,141
445,20180724,1021,68800,45
446,20180724,1022,68800,9
447,20180724,1023,68800,164
448,20180724,1024,68800,6
449,20180724,1025,68900,217
450,20180724,1026,69000,2
451,20180724,1027,68900,70
452,20180724,1028,69000,205
453,20180724,1030,69100,113
454,20180724,1031,69100,207
455,20180724,1032,69100,1
456,20180724,1033,69000,333
457,20180724,1034,69100,62
458,20180724,1035,69000,181
459,20180724,1036,69000,1
460,20180724,1038,69100,182
461,20180724,1039,69200,76
462,20180724,1040,69000,110
463,20180724,1041,69100,89
464,20180724,1042,69100,145
465,20180724,1043,69200,126
466,20180724,1044,69200,33
467,20180724,1045,69200,85
468,20180724,1046,69100,187
469,20180724,1047,69200,103
470,20180724,1048,69100,193
471,20180724,1049,69100,198
472,20180724,1050,69000,63
473,20180724,1051,69000,90
474,20180724,1052,69000,190
475,20180724,1053,69100,56
476,20180724,1054,69100,114
477,20180724,1055,69000,114
478,20180724,1056,68900,74
479,20180724,1057,69000,118
480,20180724,1058,68900,175
481,20180724,1059,68800,192
482,20180724,1100,68900,143
483,20180724,1101,68800,356
484,20180724,1102,68900,210
485,20180724,1103,69000,24
486,20180724,1104,69000,447
487,20180724,1105,69000,51
488,20180724,1106,68700,1
489,20180724,1107,68800,95
490,20180724,1108,68900,42
491,20180724,1109,68900,242
492,20180724,1110,69100,37
493,20180724,1111,69100,157
494,20180724,1112,69000,34
495,20180724,1113,69000,87
496,20180724,1114,69000,282
497,20180724,1115,69000,36
498,20180724,1116,68900,117
499,20180724,1117,68800,30
500,20180724,1118,68900,199
501,20180724,1119,69000,110
502,20180724,1120,69000,34
503,20180724,1121,68900,210
504,20180724,1122,69000,75
505,20180724,1123,68800,279
506,20180724,1124,69000,180
507,20180724,1125,69000,153
508,20180724,1126,69000,297
509,20180724,1127,68900,43
510,20180724,1128,69000,31
511,20180724,1129,68900,283
512,20180724,1130,69000,103
513,20180724,1131,68900,19
514,20180724,1132,68900,204
515,20180724,1133,69000,86
516,20180724,1134,69000,124
517,20180724,1135,69000,124
518,20180724,1136,69000,228
519,20180724,1137,68900,32
520,20180724,1138,68900,34
521,20180724,1139,68800,136
522,20180724,1140,68900,228
523,20180724,1141,68900,1234
524,20180724,1142,69000,612
525,20180724,1143,69100,32
526,20180724,1144,69100,64
527,20180724,1145,69100,102
528,20180724,1146,69000,175
529,20180724,1147,69100,95
530,20180724,1148,69100,32
531,20180724,1149,69100,237
532,20180724,1150,69000,16
533,20180724,1151,69100,102
534,20180724,1152,69000,276
535,20180724,1155,69000,108
536,20180724,1157,69000,68
537,20180724,1158,69000,48
538,20180724,1159,69000,32
539,20180724,1200,69000,46
540,20180724,1201,68900,329
541,20180724,1202,69100,148
542,20180724,1204,69000,154
543,20180724,1205,68900,101
544,20180724,1206,68900,153
545,20180724,1207,68900,86
546,20180724,1208,68900,24
547,20180724,1209,69000,49
548,20180724,1210,69000,138
549,20180724,1211,69000,195
550,20180724,1212,69100,272
551,20180724,1213,69100,206
552,20180724,1214,69100,96
553,20180724,1215,69100,91
554,20180724,1216,69000,76
555,20180724,1217,69000,756
556,20180724,1218,69000,72
557,20180724,1219,69000,36
558,20180724,1220,69000,71
559,20180724,1221,69100,4
560,20180724,1222,69100,414
561,20180724,1223,69100,108
562,20180724,1224,69100,52
563,20180724,1225,69100,56
564,20180724,1226,69100,39
565,20180724,1227,69100,290
566,20180724,1228,69100,136
567,20180724,1229,69100,32
568,20180724,1230,69100,37
569,20180724,1231,69100,178
570,20180724,1232,69100,326
571,20180724,1233,69200,140
572,20180724,1234,69200,64
573,20180724,1235,69200,549
574,20180724,1236,69200,834
575,20180724,1237,69200,146
576,20180724,1238,69200,254
577,20180724,1239,69300,730
578,20180724,1240,69000,54
579,20180724,1241,69000,667
580,20180724,1242,69300,167
581,20180724,1243,69200,181
582,20180724,1244,69200,7
583,20180724,1245,69200,36
584,20180724,1246,69200,162
585,20180724,1247,69200,367
586,20180724,1248,69200,33
587,20180724,1249,69100,89
588,20180724,1250,69000,51
589,20180724,1251,69100,280
590,20180724,1252,69100,12
591,20180724,1253,69100,241
592,20180724,1254,69200,88
593,20180724,1255,69200,37
594,20180724,1256,69200,79
595,20180724,1257,69100,271
596,20180724,1258,69200,187
597,20180724,1259,69200,78
598,20180724,1300,69100,83
599,20180724,1301,69200,32
600,20180724,1302,69200,293
601,20180724,1303,69200,65
602,20180724,1304,69200,151
603,20180724,1305,69100,53
604,20180724,1306,69200,67
605,20180724,1307,69200,181
606,20180724,1308,69100,181
607,20180724,1309,69100,46
608,20180724,1310,69100,56
609,20180724,1311,69100,162
610,20180724,1312,69200,46
611,20180724,1313,69200,213
612,20180724,1314,69200,17
613,20180724,1315,69200,157
614,20180724,1316,69200,125
615,20180724,1317,69200,116
616,20180724,1318,69200,188
617,20180724,1319,69200,67
618,20180724,1320,69200,80
619,20180724,1321,69200,14
620,20180724,1322,69200,644
621,20180724,1323,69300,250
622,20180724,1324,69300,626
623,20180724,1325,69400,129
624,20180724,1326,69400,1563
625,20180724,1327,69500,520
626,20180724,1328,69600,138
627,20180724,1329,69700,101
628,20180724,1330,69700,221
629,20180724,1331,69700,129
630,20180724,1332,69700,83
631,20180724,1333,69600,186
632,20180724,1334,69700,125
633,20180724,1335,69700,68
634,20180724,1336,69600,367
635,20180724,1337,69600,80
636,20180724,1338,69600,81
637,20180724,1339,69500,137
638,20180724,1340,69500,58
639,20180724,1341,69500,11
640,20180724,1342,69500,124
641,20180724,1343,69500,161
642,20180724,1344,69600,126
643,20180724,1345,69600,91
644,20180724,1346,69500,99
645,20180724,1347,69600,63
646,20180724,1348,69600,422
647,20180724,1349,69500,99
648,20180724,1350,69400,159
649,20180724,1351,69300,96
650,20180724,1352,69300,229
651,20180724,1353,69400,27
652,20180724,1354,69400,71
653,20180724,1355,69400,233
654,20180724,1356,69200,116
655,20180724,1357,69200,274
656,20180724,1358,69300,105
657,20180724,1359,69300,58
658,20180724,1400,69300,45
659,20180724,1401,69300,109
660,20180724,1402,69400,58
661,20180724,1403,69400,387
662,20180724,1404,69400,24
663,20180724,1405,69400,16
664,20180724,1406,69400,150
665,20180724,1407,69400,27
666,20180724,1408,69400,363
667,20180724,1409,69400,59
668,20180724,1410,69400,22
669,20180724,1411,69400,58
670,20180724,1412,69400,19
671,20180724,1413,69400,291
672,20180724,1414,69400,183
673,20180724,1415,69400,39
674,20180724,1416,69300,57
675,20180724,1417,69300,229
676,20180724,1418,69200,129
677,20180724,1419,69300,161
678,20180724,1420,69300,103
679,20180724,1421,69300,12
680,20180724,1422,69300,169
681,20180724,1423,69200,150
682,20180724,1424,69200,244
683,20180724,1425,69300,153
684,20180724,1426,69200,32
685,20180724,1427,69200,12
686,20180724,1428,69200,100
687,20180724,1429,69200,10
688,20180724,1430,69200,204
689,20180724,1431,69200,233
690,20180724,1432,69200,55
691,20180724,1433,69100,11
692,20180724,1434,69100,83
693,20180724,1435,69100,249
694,20180724,1436,69200,96
695,20180724,1437,69100,353
696,20180724,1438,69000,63
697,20180724,1439,69000,27
698,20180724,1440,69100,302
699,20180724,1441,69100,107
700,20180724,1442,69100,304
701,20180724,1443,69000,96
702,20180724,1444,69000,408
703,20180724,1445,69000,424
704,20180724,1446,69000,121
705,20180724,1447,68800,299
706,20180724,1448,68800,51
707,20180724,1449,68900,345
708,20180724,1450,69000,96
709,20180724,1451,69000,178
710,20180724,1452,68900,621
711,20180724,1453,68900,63
712,20180724,1454,68900,213
713,20180724,1455,69000,453
714,20180724,1456,69000,157
715,20180724,1457,69000,121
716,20180724,1458,69000,38
717,20180724,1459,69000,56
718,20180724,1500,69000,309
719,20180724,1501,69000,3721
720,20180724,1502,69300,2948
721,20180724,1503,69700,1047
722,20180724,1504,69700,860
723,20180724,1505,69700,1972
724,20180724,1506,69800,663
725,20180724,1507,69800,452
726,20180724,1508,69800,492
727,20180724,1509,69800,1648
728,20180724,1510,69600,319
729,20180724,1511,69600,414
730,20180724,1512,69800,881
731,20180724,1513,69800,81
732,20180724,1514,69800,127
733,20180724,1515,69700,455
734,20180724,1516,69800,779
735,20180724,1517,69700,934
736,20180724,1518,69600,326
737,20180724,1519,69600,477
738,20180724,1520,69600,1411
739,20180724,1530,69600,4708
0,20180725,901,69200,272
1,20180725,902,69600,402
2,20180725,903,69800,1002
3,20180725,904,70000,164
4,20180725,905,70000,526
5,20180725,907,69800,65
6,20180725,908,69700,2
7,20180725,909,69800,153
8,20180725,910,69900,345
9,20180725,911,69900,227
10,20180725,912,69600,201
11,20180725,913,69400,1216
12,20180725,914,69400,66
13,20180725,915,69400,173
14,20180725,916,69500,301
15,20180725,917,69300,85
16,20180725,918,69200,430
17,20180725,919,69100,211
18,20180725,920,69200,761
19,20180725,921,69000,683
20,20180725,922,69000,467
21,20180725,923,69000,169
22,20180725,924,69000,44
23,20180725,925,69000,427
24,20180725,926,69100,115
25,20180725,927,69100,10
26,20180725,928,69300,63
27,20180725,929,69200,503
28,20180725,930,69000,1045
29,20180725,931,68700,398
30,20180725,932,68900,266
31,20180725,933,68800,195
32,20180725,934,68900,214
33,20180725,936,69000,88
34,20180725,937,69000,74
35,20180725,938,69000,90
36,20180725,939,69000,158
37,20180725,940,69000,202
38,20180725,941,69000,400
39,20180725,942,68700,475
40,20180725,943,68700,233
41,20180725,944,68600,500
42,20180725,945,68500,712
43,20180725,946,68300,1038
44,20180725,947,68300,40
45,20180725,948,68300,109
46,20180725,949,68300,245
47,20180725,950,68400,346
48,20180725,951,68400,150
49,20180725,952,68400,166
50,20180725,953,68500,259
51,20180725,954,68600,253
52,20180725,955,68600,407
53,20180725,956,68400,147
54,20180725,957,68400,92
55,20180725,958,68300,93
56,20180725,959,68300,117
57,20180725,1000,68400,76
58,20180725,1001,68400,272
59,20180725,1002,68400,133
60,20180725,1003,68300,162
61,20180725,1004,68500,65
62,20180725,1005,68300,176
63,20180725,1006,68300,72
64,20180725,1007,68300,21
65,20180725,1008,68300,199
66,20180725,1009,68200,673
67,20180725,1010,68300,1742
68,20180725,1011,68500,46
69,20180725,1012,68400,192
70,20180725,1013,68400,57
71,20180725,1014,68500,41
72,20180725,1015,68400,299
73,20180725,1016,68800,28
74,20180725,1017,68800,258
75,20180725,1018,68700,146
76,20180725,1019,68700,154
77,20180725,1020,68600,332
78,20180725,1021,68900,443
79,20180725,1022,69000,37
80,20180725,1023,69100,81
81,20180725,1024,69200,253
82,20180725,1025,69100,39
83,20180725,1026,69100,374
84,20180725,1027,69100,74
85,20180725,1028,69000,469
86,20180725,1029,68900,67
87,20180725,1030,68800,89
88,20180725,1031,68700,32
89,20180725,1032,68700,142
90,20180725,1033,68700,215
91,20180725,1034,68600,679
92,20180725,1035,68400,1050
93,20180725,1036,68200,947
94,20180725,1037,68100,375
95,20180725,1038,68100,309
96,20180725,1039,68300,271
97,20180725,1040,68300,43
98,20180725,1041,68200,60
99,20180725,1042,68300,363
100,20180725,1043,68200,106
101,20180725,1044,68200,156
102,20180725,1045,68200,387
103,20180725,1046,68200,61
104,20180725,1047,68300,83
105,20180725,1048,68200,91
106,20180725,1049,68200,12
107,20180725,1050,68300,91
108,20180725,1051,68300,92
109,20180725,1052,68200,267
110,20180725,1053,68300,187
111,20180725,1054,68400,71
112,20180725,1055,68300,71
113,20180725,1056,68400,67
114,20180725,1057,68400,40
115,20180725,1058,68400,212
116,20180725,1059,68300,86
117,20180725,1100,68300,124
118,20180725,1101,68300,115
119,20180725,1102,68200,40
120,20180725,1103,68200,41
121,20180725,1104,68200,93
122,20180725,1105,68300,61
123,20180725,1106,68200,451
124,20180725,1107,68200,67
125,20180725,1108,68200,85
126,20180725,1109,68200,107
127,20180725,1110,68300,5
128,20180725,1111,68300,107
129,20180725,1112,68200,70
130,20180725,1113,68200,29
131,20180725,1114,68200,136
132,20180725,1115,68100,300
133,20180725,1116,68200,43
134,20180725,1117,68200,64
135,20180725,1118,68200,80
136,20180725,1119,68300,245
137,20180725,1120,68300,211
138,20180725,1121,68100,140
139,20180725,1122,68100,163
140,20180725,1123,68200,159
141,20180725,1124,68200,39
142,20180725,1125,68100,129
143,20180725,1126,68200,195
144,20180725,1128,68200,95
145,20180725,1129,68300,38
146,20180725,1130,68300,43
147,20180725,1131,68200,1305
148,20180725,1132,68000,1414
149,20180725,1133,68100,957
150,20180725,1134,68100,63
151,20180725,1135,68000,158
152,20180725,1136,68100,411
153,20180725,1137,68100,41
154,20180725,1138,68100,154
155,20180725,1139,68000,38
156,20180725,1140,68000,373
157,20180725,1141,67900,80
158,20180725,1142,68000,298
159,20180725,1143,67900,462
160,20180725,1144,67900,997
161,20180725,1145,68100,38
162,20180725,1146,68000,43
163,20180725,1147,68000,39
164,20180725,1148,68000,108
165,20180725,1149,67900,233
166,20180725,1150,67800,79
167,20180725,1151,67800,70
168,20180725,1152,67800,104
169,20180725,1153,67800,24
170,20180725,1154,67900,1666
171,20180725,1155,68600,1616
172,20180725,1156,68400,3
173,20180725,1157,68200,79
174,20180725,1158,68200,50
175,20180725,1159,68200,143
176,20180725,1200,68200,123
177,20180725,1201,68400,108
178,20180725,1202,68300,79
179,20180725,1203,68300,55
180,20180725,1204,68200,30
181,20180725,1205,68100,198
182,20180725,1206,68100,153
183,20180725,1207,68000,55
184,20180725,1208,68000,44
185,20180725,1209,68100,81
186,20180725,1210,68000,74
187,20180725,1211,68000,345
188,20180725,1212,67900,73
189,20180725,1213,68000,94
190,20180725,1214,68000,55
191,20180725,1215,67900,82
192,20180725,1216,67900,60
193,20180725,1217,68000,89
194,20180725,1218,67900,76
195,20180725,1219,67900,86
196,20180725,1220,68000,40
197,20180725,1221,67900,355
198,20180725,1222,67800,385
199,20180725,1224,67700,507
200,20180725,1225,67700,148
201,20180725,1226,67700,122
202,20180725,1227,67700,348
203,20180725,1228,67600,384
204,20180725,1229,67600,227
205,20180725,1230,67600,639
206,20180725,1231,67500,167
207,20180725,1232,67500,92
208,20180725,1233,67600,546
209,20180725,1234,67600,36
210,20180725,1235,67600,111
211,20180725,1236,67600,147
212,20180725,1237,67500,2305
213,20180725,1238,67300,426
214,20180725,1239,67300,607
215,20180725,1240,67100,1057
216,20180725,1241,67000,199
217,20180725,1242,67000,289
218,20180725,1243,67000,780
219,20180725,1244,67200,98
220,20180725,1245,67100,54
221,20180725,1246,67100,513
222,20180725,1247,67100,315
223,20180725,1248,67300,76
224,20180725,1249,67200,64
225,20180725,1250,67200,214
226,20180725,1251,67200,87
227,20180725,1252,67200,896
228,20180725,1253,67200,81
229,20180725,1254,67200,291
230,20180725,1255,67100,441
231,20180725,1256,66900,110
232,20180725,1257,66900,50
233,20180725,1258,66900,26
234,20180725,1259,66900,339
235,20180725,1300,66900,63
236,20180725,1301,66900,85
237,20180725,1302,67000,1249
238,20180725,1303,67400,313
239,20180725,1304,67200,271
240,20180725,1305,67200,91
241,20180725,1306,67100,576
242,20180725,1307,67000,88
243,20180725,1308,67000,590
244,20180725,1309,67000,11
245,20180725,1310,67000,40
246,20180725,1311,67000,533
247,20180725,1312,66900,40
248,20180725,1313,66900,80
249,20180725,1314,67000,963
250,20180725,1315,66900,128
251,20180725,1316,66900,774
252,20180725,1317,66800,327
253,20180725,1318,66700,154
254,20180725,1319,66700,1534
255,20180725,1320,66400,1571
256,20180725,1321,66700,69
257,20180725,1322,66700,158
258,20180725,1323,66500,335
259,20180725,1324,66800,238
260,20180725,1325,66600,419
261,20180725,1326,66600,351
262,20180725,1327,66500,907
263,20180725,1328,66500,466
264,20180725,1329,66700,902
265,20180725,1330,66900,698
266,20180725,1331,66900,290
267,20180725,1332,66900,69
268,20180725,1333,66900,146
269,20180725,1334,67000,2171
270,20180725,1335,66800,868
271,20180725,1336,66700,2993
272,20180725,1337,66300,96
273,20180725,1338,66300,204
274,20180725,1339,66400,381
275,20180725,1340,66400,157
276,20180725,1341,66500,243
277,20180725,1342,66500,229
278,20180725,1343,66600,232
279,20180725,1344,66600,312
280,20180725,1345,66700,13
281,20180725,1346,66800,271
282,20180725,1347,66800,268
283,20180725,1348,66600,53
284,20180725,1349,66700,300
285,20180725,1350,66700,334
286,20180725,1351,66700,65
287,20180725,1352,66700,126
288,20180725,1353,66700,38
289,20180725,1354,66800,71
290,20180725,1355,66700,126
291,20180725,1356,66700,73
292,20180725,1357,66700,568
293,20180725,1358,66900,108
294,20180725,1359,66900,80
295,20180725,1400,66900,50
296,20180725,1401,67000,83
297,20180725,1402,67000,170
298,20180725,1403,66900,51
299,20180725,1404,66900,194
300,20180725,1405,66800,54
301,20180725,1406,66800,50
302,20180725,1407,66900,75
303,20180725,1408,66800,145
304,20180725,1409,66900,86
305,20180725,1410,66900,885
306,20180725,1411,66900,17
307,20180725,1412,66900,181
308,20180725,1413,67000,234
309,20180725,1414,66900,48
310,20180725,1415,66900,53
311,20180725,1416,66900,54
312,20180725,1417,66900,43
313,20180725,1418,66900,72
314,20180725,1419,66900,30
315,20180725,1420,67000,82
316,20180725,1421,66900,106
317,20180725,1422,66900,680
318,20180725,1423,66800,65
319,20180725,1424,66800,133
320,20180725,1425,66800,19
321,20180725,1426,66800,107
322,20180725,1427,66800,133
323,20180725,1428,66800,118
324,20180725,1429,66900,54
325,20180725,1430,66800,128
326,20180725,1431,66800,48
327,20180725,1432,66900,104
328,20180725,1433,66900,132
329,20180725,1434,66900,89
330,20180725,1435,66800,118
331,20180725,1436,66900,118
332,20180725,1437,66800,226
333,20180725,1438,66800,430
334,20180725,1439,66900,317
335,20180725,1440,66800,38
336,20180725,1441,66800,146
337,20180725,1442,66800,155
338,20180725,1443,66800,826
339,20180725,1444,66700,107
340,20180725,1445,66700,793
341,20180725,1446,66700,770
342,20180725,1447,66600,2135
343,20180725,1448,66600,374
344,20180725,1449,66700,119
345,20180725,1450,66600,138
346,20180725,1451,66600,145
347,20180725,1452,66600,81
348,20180725,1453,66500,101
349,20180725,1454,66500,684
350,20180725,1455,66700,17
351,20180725,1456,66700,126
352,20180725,1457,66800,177
353,20180725,1458,66700,257
354,20180725,1459,66700,625
355,20180725,1500,66800,157
356,20180725,1501,66700,379
357,20180725,1502,66600,66
358,20180725,1503,66600,254
359,20180725,1504,66600,106
360,20180725,1505,66600,253
361,20180725,1506,66500,1296
362,20180725,1507,66500,1103
363,20180725,1508,66700,378
364,20180725,1509,66700,109
365,20180725,1510,66600,188
366,20180725,1511,66600,233
367,20180725,1512,66500,41
368,20180725,1513,66600,191
369,20180725,1514,66600,301
370,20180725,1515,66600,173
371,20180725,1516,66600,84
372,20180725,1517,66600,222
373,20180725,1518,66500,267
374,20180725,1519,66600,117
375,20180725,1520,66600,386
376,20180725,1530,66700,3164
377,20180726,901,67300,597
378,20180726,902,67700,110
379,20180726,903,67600,234
380,20180726,904,67400,206
381,20180726,905,67700,278
382,20180726,906,67500,111
383,20180726,907,67500,157
384,20180726,908,67600,327
385,20180726,909,67700,175
386,20180726,910,67700,165
387,20180726,911,67600,443
388,20180726,912,67300,217
389,20180726,913,67600,35
390,20180726,914,67700,147
391,20180726,915,67800,123
392,20180726,916,67600,373
393,20180726,917,67300,301
394,20180726,918,67200,69
395,20180726,919,67200,4
396,20180726,920,67100,1567
397,20180726,921,67200,91
398,20180726,922,67300,85
399,20180726,923,67100,106
400,20180726,924,67000,49
401,20180726,925,67100,204
402,20180726,926,67100,96
403,20180726,927,67300,242
404,20180726,928,67400,67
405,20180726,929,67400,46
406,20180726,930,67300,11
407,20180726,931,67300,118
408,20180726,932,67200,1
409,20180726,933,67300,305
410,20180726,934,67300,152
411,20180726,935,67400,3240
412,20180726,936,67700,115
413,20180726,937,67700,86
414,20180726,938,67600,558
415,20180726,939,67600,69
416,20180726,940,67600,50
417,20180726,941,67600,100
418,20180726,942,67600,42
419,20180726,943,67600,43
420,20180726,944,67600,19
421,20180726,945,67500,131
422,20180726,946,67600,105
423,20180726,947,67600,143
424,20180726,948,67700,52
425,20180726,949,67600,210
426,20180726,950,67600,22
427,20180726,952,67500,334
428,20180726,953,67700,760
429,20180726,954,68100,161
430,20180726,955,68100,64
431,20180726,956,68200,138
432,20180726,957,68100,37
433,20180726,958,68100,153
434,20180726,959,68100,50
435,20180726,1000,68200,154
436,20180726,1001,68200,199
437,20180726,1002,68100,86
438,20180726,1003,68200,102
439,20180726,1004,68200,115
440,20180726,1005,68200,26
441,20180726,1006,68200,62
442,20180726,1007,68200,309
443,20180726,1008,68000,1
444,20180726,1009,68100,190
445,20180726,1010,68100,21
446,20180726,1011,68100,2468
447,20180726,1012,68500,167
448,20180726,1013,68500,74
449,20180726,1014,68400,403
450,20180726,1015,68600,39
451,20180726,1016,68600,29
452,20180726,1017,68600,343
453,20180726,1018,68700,129
454,20180726,1019,68700,29
455,20180726,1020,68700,128
456,20180726,1021,68600,119
457,20180726,1022,68600,94
458,20180726,1023,68600,50
459,20180726,1024,68600,147
460,20180726,1025,68600,377
461,20180726,1026,68600,140
462,20180726,1027,68600,765
463,20180726,1028,68400,140
464,20180726,1029,68400,174
465,20180726,1030,68300,68
466,20180726,1031,68200,35
467,20180726,1032,68300,73
468,20180726,1033,68300,39
469,20180726,1034,68300,67
470,20180726,1035,68300,43
471,20180726,1036,68200,44
472,20180726,1037,68300,88
473,20180726,1038,68300,42
474,20180726,1039,68300,297
475,20180726,1040,68400,20
476,20180726,1041,68400,103
477,20180726,1042,68200,106
478,20180726,1043,68300,23
479,20180726,1044,68400,95
480,20180726,1045,68500,85
481,20180726,1046,68300,46
482,20180726,1047,68300,78
483,20180726,1048,68400,117
484,20180726,1049,68400,153
485,20180726,1050,68500,22
486,20180726,1051,68500,341
487,20180726,1052,68600,157
488,20180726,1053,68600,146
489,20180726,1054,68500,151
490,20180726,1055,68600,79
491,20180726,1056,68600,37
492,20180726,1057,68600,44
493,20180726,1058,68600,54
494,20180726,1059,68600,197
495,20180726,1100,68700,13
496,20180726,1101,68600,55
497,20180726,1102,68600,64
498,20180726,1103,68600,25
499,20180726,1104,68600,228
500,20180726,1105,68500,209
501,20180726,1106,68600,19
502,20180726,1107,68600,40
503,20180726,1108,68600,31
504,20180726,1109,68600,19
505,20180726,1110,68600,149
506,20180726,1111,68600,262
507,20180726,1112,68600,520
508,20180726,1113,68600,147
509,20180726,1114,68600,75
510,20180726,1115,68700,91
511,20180726,1116,68700,180
512,20180726,1117,68700,88
513,20180726,1118,68700,28
514,20180726,1119,68700,69
515,20180726,1120,68700,128
516,20180726,1121,68600,65
517,20180726,1122,68700,63
518,20180726,1123,68600,199
519,20180726,1124,68700,260
520,20180726,1125,68700,335
521,20180726,1126,68700,145
522,20180726,1127,68700,2508
523,20180726,1128,68800,29
524,20180726,1129,68800,90
525,20180726,1130,68800,21
526,20180726,1131,68700,74
527,20180726,1132,68800,73
528,20180726,1133,68800,104
529,20180726,1134,68800,60
530,20180726,1135,68800,69
531,20180726,1136,68800,53
532,20180726,1137,68800,49
533,20180726,1138,68800,107
534,20180726,1139,68700,77
535,20180726,1140,68800,76
536,20180726,1141,68800,55
537,20180726,1142,68700,25
538,20180726,1143,68800,108
539,20180726,1144,68800,68
540,20180726,1145,68700,126
541,20180726,1146,68800,52
542,20180726,1147,68800,149
543,20180726,1148,68700,81
544,20180726,1149,68700,30
545,20180726,1150,68600,67
546,20180726,1151,68600,1
547,20180726,1152,68600,19
548,20180726,1153,68600,2
549,20180726,1154,68700,52
550,20180726,1155,68700,114
551,20180726,1156,68700,92
552,20180726,1157,68700,28
553,20180726,1158,68700,17
554,20180726,1159,68600,171
555,20180726,1200,68800,86
556,20180726,1201,68800,106
557,20180726,1202,68700,1
558,20180726,1203,68700,36
559,20180726,1204,68700,3
560,20180726,1205,68800,130
561,20180726,1206,68800,168
562,20180726,1207,68700,24
563,20180726,1208,68800,19
564,20180726,1209,68700,9
565,20180726,1210,68700,84
566,20180726,1211,68800,46
567,20180726,1212,68800,102
568,20180726,1213,68700,27
569,20180726,1214,68800,48
570,20180726,1215,68700,373
571,20180726,1216,68800,42
572,20180726,1217,68700,52
573,20180726,1218,68700,38
574,20180726,1220,68700,22
575,20180726,1221,68800,268
576,20180726,1222,68700,96
577,20180726,1223,68700,209
578,20180726,1224,68600,46
579,20180726,1225,68700,74
580,20180726,1226,68600,89
581,20180726,1227,68600,36
582,20180726,1228,68700,39
583,20180726,1229,68700,75
584,20180726,1230,68600,19
585,20180726,1231,68600,102
586,20180726,1232,68500,162
587,20180726,1233,68600,34
588,20180726,1234,68500,28
589,20180726,1235,68600,34
590,20180726,1236,68500,7
591,20180726,1237,68500,205
592,20180726,1238,68500,32
593,20180726,1239,68600,57
594,20180726,1240,68600,132
595,20180726,1241,68700,45
596,20180726,1242,68700,54
597,20180726,1243,68700,133
598,20180726,1244,68700,46
599,20180726,1245,68600,28
600,20180726,1246,68700,30
601,20180726,1247,68600,20
602,20180726,1248,68600,128
603,20180726,1249,68700,136
604,20180726,1250,68700,108
605,20180726,1252,68700,45
606,20180726,1253,68600,109
607,20180726,1254,68700,95
608,20180726,1255,68600,46
609,20180726,1256,68700,46
610,20180726,1257,68600,80
611,20180726,1258,68700,103
612,20180726,1259,68700,54
613,20180726,1300,68600,24
614,20180726,1301,68700,139
615,20180726,1302,68600,102
616,20180726,1303,68600,42
617,20180726,1304,68700,128
618,20180726,1305,68600,23
619,20180726,1306,68600,81
620,20180726,1307,68600,8
621,20180726,1308,68700,175
622,20180726,1309,68600,653
623,20180726,1310,68600,484
624,20180726,1311,68700,102
625,20180726,1312,68800,66
626,20180726,1313,68800,141
627,20180726,1314,68800,145
628,20180726,1315,68700,9
629,20180726,1316,68800,46
630,20180726,1317,68800,60
631,20180726,1318,68700,146
632,20180726,1319,68800,65
633,20180726,1320,68800,85
634,20180726,1321,68800,34
635,20180726,1322,68700,48
636,20180726,1323,68700,69
637,20180726,1324,68700,28
638,20180726,1325,68700,74
639,20180726,1326,68800,46
640,20180726,1327,68800,106
641,20180726,1328,68800,540
642,20180726,1329,68800,120
643,20180726,1330,68800,90
644,20180726,1331,68700,449
645,20180726,1332,68700,26
646,20180726,1333,68700,76
647,20180726,1334,68700,39
648,20180726,1335,68700,110
649,20180726,1336,68800,46
650,20180726,1337,68700,2
651,20180726,1338,68700,332
652,20180726,1339,68600,380
653,20180726,1340,68500,10
654,20180726,1341,68500,56
655,20180726,1342,68500,30
656,20180726,1343,68600,45
657,20180726,1344,68600,186
658,20180726,1345,68600,43
659,20180726,1346,68500,13
660,20180726,1347,68600,19
661,20180726,1348,68600,204
662,20180726,1349,68500,494
663,20180726,1350,68400,158
664,20180726,1351,68400,252
665,20180726,1352,68400,30
666,20180726,1353,68500,51
667,20180726,1354,68400,119
668,20180726,1355,68500,106
669,20180726,1356,68500,219
670,20180726,1357,68400,37
671,20180726,1358,68400,113
672,20180726,1359,68400,20
673,20180726,1400,68500,120
674,20180726,1401,68500,44
675,20180726,1402,68400,66
676,20180726,1403,68400,1
677,20180726,1404,68500,129
678,20180726,1405,68400,19
679,20180726,1406,68400,23
680,20180726,1407,68400,82
681,20180726,1408,68500,77
682,20180726,1409,68500,118
683,20180726,1410,68500,41
684,20180726,1411,68500,47
685,20180726,1412,68400,682
686,20180726,1413,68700,45
687,20180726,1414,68700,98
688,20180726,1415,68600,13
689,20180726,1416,68700,23
690,20180726,1417,68600,184
691,20180726,1418,68700,231
692,20180726,1419,68500,9
693,20180726,1420,68500,117
694,20180726,1421,68600,50
695,20180726,1422,68600,107
696,20180726,1423,68600,66
697,20180726,1424,68600,543
698,20180726,1425,68400,25
699,20180726,1426,68600,116
700,20180726,1427,68600,33
701,20180726,1428,68600,45
702,20180726,1429,68600,95
703,20180726,1430,68600,28
704,20180726,1431,68600,429
705,20180726,1432,68700,64
706,20180726,1433,68600,575
707,20180726,1434,68700,214
708,20180726,1435,68700,90
709,20180726,1436,68500,137
710,20180726,1437,68600,24
711,20180726,1438,68600,502
712,20180726,1439,68500,26
713,20180726,1440,68500,207
714,20180726,1441,68500,89
715,20180726,1442,68500,130
716,20180726,1443,68500,26
717,20180726,1444,68500,54
718,20180726,1445,68500,64
719,20180726,1446,68500,175
720,20180726,1447,68400,154
721,20180726,1448,68500,312
722,20180726,1449,68500,73
723,20180726,1450,68400,27
724,20180726,1451,68400,463
725,20180726,1452,68400,56
726,20180726,1453,68500,110
727,20180726,1454,68500,38
728,20180726,1455,68500,80
729,20180726,1456,68500,196
730,20180726,1457,68300,566
731,20180726,1458,68100,41
732,20180726,1459,68200,179
733,20180726,1500,68200,33
734,20180726,1501,68100,16
735,20180726,1502,68200,30
736,20180726,1503,68100,327
737,20180726,1504,68300,66
738,20180726,1505,68300,180
739,20180726,1506,68300,135
740,20180726,1507,68200,28
741,20180726,1508,68200,34
742,20180726,1509,68200,355
743,20180726,1510,68000,194
744,20180726,1511,68000,29
745,20180726,1512,67900,259
746,20180726,1513,67900,76
747,20180726,1514,67800,269
748,20180726,1515,67800,51
749,20180726,1516,67800,491
750,20180726,1517,67900,143
751,20180726,1518,68100,75
752,20180726,1519,68000,1
753,20180726,1520,68100,321
754,20180726,1530,68000,3927
755,20180727,901,68300,368
756,20180727,902,68000,1
757,20180727,903,68100,31
758,20180727,904,68100,147
759,20180727,905,67900,104
760,20180727,906,67500,300
761,20180727,907,67500,31
762,20180727,908,67400,165
763,20180727,909,67400,343
764,20180727,910,67500,191
765,20180727,911,67400,276
766,20180727,912,67600,171
767,20180727,913,67600,57
768,20180727,914,67600,178
769,20180727,916,67700,32
770,20180727,917,67800,89
771,20180727,918,67800,222
772,20180727,919,67700,22
773,20180727,920,67700,131
774,20180727,921,67800,641
775,20180727,922,67900,57
776,20180727,923,68000,109
777,20180727,924,68000,41
778,20180727,925,67900,34
779,20180727,926,68000,350
780,20180727,928,67900,30
781,20180727,930,67900,122
782,20180727,931,67900,14
783,20180727,932,67900,277
784,20180727,934,68000,3
785,20180727,935,67900,141
786,20180727,936,67900,37
787,20180727,937,67800,420
788,20180727,938,67700,97
789,20180727,939,67700,8
790,20180727,940,67700,554
791,20180727,941,67700,48
792,20180727,942,67700,2
793,20180727,943,67600,1039
794,20180727,944,67300,488
795,20180727,945,67200,218
796,20180727,946,67200,420
797,20180727,947,67200,230
798,20180727,948,67300,24
799,20180727,949,67300,171
800,20180727,950,67400,64
801,20180727,951,67500,25
802,20180727,952,67400,1
803,20180727,953,67400,2
804,20180727,955,67400,7
805,20180727,957,67500,244
806,20180727,958,67500,1
807,20180727,959,67500,4
808,20180727,1000,67500,10
809,20180727,1001,67500,47
810,20180727,1002,67400,365
811,20180727,1003,67400,2
812,20180727,1004,67400,10
813,20180727,1005,67400,99
814,20180727,1006,67300,328
815,20180727,1007,67300,159
816,20180727,1008,67200,69
817,20180727,1010,67300,182
818,20180727,1012,67300,122
819,20180727,1013,67300,2
820,20180727,1014,67300,1
821,20180727,1015,67300,18
822,20180727,1016,67300,10
823,20180727,1017,67300,16
824,20180727,1018,67300,115
825,20180727,1019,67300,15
826,20180727,1020,67300,36
827,20180727,1021,67300,13
828,20180727,1022,67300,36
829,20180727,1025,67300,136
830,20180727,1026,67300,202
831,20180727,1028,67300,68
832,20180727,1029,67400,3
833,20180727,1030,67300,135
834,20180727,1031,67400,1
835,20180727,1032,67400,291
836,20180727,1033,67400,264
837,20180727,1035,67500,169
838,20180727,1036,67700,71
839,20180727,1037,67800,61
840,20180727,1038,67500,1
841,20180727,1039,67500,7
842,20180727,1040,67500,10
843,20180727,1041,67500,11
844,20180727,1042,67500,66
845,20180727,1043,67500,10
846,20180727,1044,67600,13
847,20180727,1045,67600,8
848,20180727,1046,67600,2
849,20180727,1047,67600,2
850,20180727,1048,67600,1
851,20180727,1049,67600,233
852,20180727,1050,67800,16
853,20180727,1051,67700,4
854,20180727,1052,67600,12
855,20180727,1054,67600,82
856,20180727,1055,67700,14
857,20180727,1056,67600,51
858,20180727,1057,67600,2
859,20180727,1058,67600,2
860,20180727,1059,67600,374
861,20180727,1100,67400,114
862,20180727,1101,67400,5
863,20180727,1102,67500,502
864,20180727,1103,67400,2
865,20180727,1105,67400,84
866,20180727,1106,67300,186
867,20180727,1107,67400,2
868,20180727,1108,67300,2
869,20180727,1109,67300,2
870,20180727,1110,67400,4
871,20180727,1111,67400,3
872,20180727,1112,67300,112
873,20180727,1113,67400,135
874,20180727,1114,67500,7
875,20180727,1115,67500,23
876,20180727,1116,67400,1
877,20180727,1117,67400,1
878,20180727,1118,67500,2
879,20180727,1119,67400,2
880,20180727,1120,67400,6
881,20180727,1121,67500,2
882,20180727,1122,67500,7
883,20180727,1123,67400,11
884,20180727,1124,67500,2
885,20180727,1125,67400,95
886,20180727,1126,67500,344
887,20180727,1127,67600,121
888,20180727,1128,67700,12
889,20180727,1129,67600,33
890,20180727,1130,67500,2
891,20180727,1131,67500,1
892,20180727,1132,67500,141
893,20180727,1134,67600,2
894,20180727,1135,67600,4
895,20180727,1136,67500,1
896,20180727,1137,67600,1
897,20180727,1138,67500,2
898,20180727,1139,67500,6
899,20180727,1140,67600,163
900,20180727,1141,67400,103
901,20180727,1142,67400,2
902,20180727,1143,67500,2
903,20180727,1144,67400,5
904,20180727,1145,67400,4
905,20180727,1146,67400,2
906,20180727,1147,67500,1
907,20180727,1148,67400,1
908,20180727,1149,67400,21
909,20180727,1150,67500,1
910,20180727,1151,67500,1
911,20180727,1152,67400,5
912,20180727,1153,67500,6
913,20180727,1154,67500,2
914,20180727,1156,67500,431
915,20180727,1158,67500,38
916,20180727,1159,67500,54
917,20180727,1200,67600,381
918,20180727,1201,67700,69
919,20180727,1202,67800,2
920,20180727,1204,67800,1
921,20180727,1205,67800,2
922,20180727,1206,67800,1
923,20180727,1207,67700,47
924,20180727,1208,67700,24
925,20180727,1209,67700,4
926,20180727,1210,67600,23
927,20180727,1212,67600,5
928,20180727,1213,67600,2
929,20180727,1214,67600,2
930,20180727,1215,67600,1
931,20180727,1216,67600,1
932,20180727,1217,67600,4
933,20180727,1218,67600,5
934,20180727,1220,67500,74
935,20180727,1221,67500,4
936,20180727,1222,67500,3
937,20180727,1223,67500,1
938,20180727,1225,67500,1
939,20180727,1226,67500,31
940,20180727,1228,67600,1
941,20180727,1230,67600,2
942,20180727,1231,67600,2
943,20180727,1232,67600,1
944,20180727,1234,67600,2
945,20180727,1237,67500,2
946,20180727,1238,67600,5
947,20180727,1239,67600,70
948,20180727,1240,67600,302
949,20180727,1241,67600,16
950,20180727,1242,67600,44
951,20180727,1243,67600,1
952,20180727,1244,67600,215
953,20180727,1245,67600,3
954,20180727,1246,67600,2
955,20180727,1247,67700,3
956,20180727,1248,67600,1
957,20180727,1250,67700,14
958,20180727,1251,67600,11
959,20180727,1252,67700,1
960,20180727,1253,67600,12
961,20180727,1255,67600,3
962,20180727,1256,67600,61
963,20180727,1257,67700,1
964,20180727,1259,67600,10
965,20180727,1300,67700,1
966,20180727,1301,67600,5
967,20180727,1302,67600,100
968,20180727,1303,67600,2
969,20180727,1305,67500,402
970,20180727,1306,67500,8
971,20180727,1307,67500,1
972,20180727,1309,67500,16
973,20180727,1310,67400,1
974,20180727,1313,67400,11
975,20180727,1314,67500,1
976,20180727,1316,67500,1
977,20180727,1317,67500,8
978,20180727,1319,67500,7
979,20180727,1320,67500,1
980,20180727,1321,67500,2
981,20180727,1322,67500,1
982,20180727,1324,67500,11
983,20180727,1325,67500,80
984,20180727,1326,67500,37
985,20180727,1327,67500,1
986,20180727,1328,67500,8
987,20180727,1329,67500,7
988,20180727,1330,67500,30
989,20180727,1332,67500,106
990,20180727,1333,67500,1
991,20180727,1334,67400,1032
992,20180727,1335,67400,41
993,20180727,1336,67400,170
994,20180727,1337,67200,66
995,20180727,1338,67300,41
996,20180727,1339,67200,240
997,20180727,1340,67300,140
998,20180727,1341,67300,42
999,20180727,1342,67200,40
1000,20180727,1343,67200,35
1001,20180727,1344,67200,42
1002,20180727,1345,67300,42
1003,20180727,1346,67200,57
1004,20180727,1347,67200,117
1005,20180727,1348,67300,97
1006,20180727,1349,67300,42
1007,20180727,1350,67200,40
1008,20180727,1351,67200,55
1009,20180727,1352,67300,44
1010,20180727,1353,67200,41
1011,20180727,1354,67300,194
1012,20180727,1355,67200,51
1013,20180727,1356,67200,42
1014,20180727,1357,67300,43
1015,20180727,1358,67200,100
1016,20180727,1359,67200,717
1017,20180727,1400,67300,241
1018,20180727,1401,67400,132
1019,20180727,1402,67200,189
1020,20180727,1403,67400,50
1021,20180727,1404,67300,214
1022,20180727,1405,67500,145
1023,20180727,1406,67400,40
1024,20180727,1407,67400,147
1025,20180727,1408,67300,139
1026,20180727,1409,67300,40
1027,20180727,1410,67300,133
1028,20180727,1411,67200,60
1029,20180727,1412,67200,221
1030,20180727,1413,67200,139
1031,20180727,1414,67200,81
1032,20180727,1415,67200,185
1033,20180727,1416,67200,175
1034,20180727,1417,67200,44
1035,20180727,1418,67300,202
1036,20180727,1419,67200,40
1037,20180727,1420,67200,139
1038,20180727,1421,67200,139
1039,20180727,1422,67200,40
1040,20180727,1423,67200,139
1041,20180727,1424,67200,252
1042,20180727,1425,67300,50
1043,20180727,1426,67200,210
1044,20180727,1427,67200,127
1045,20180727,1428,67200,155
1046,20180727,1429,67200,154
1047,20180727,1430,67200,111
1048,20180727,1431,67100,193
1049,20180727,1432,67200,135
1050,20180727,1433,67200,128
1051,20180727,1434,67200,96
1052,20180727,1435,67200,74
1053,20180727,1436,67100,205
1054,20180727,1437,67300,164
1055,20180727,1438,67200,40
1056,20180727,1439,67200,146
1057,20180727,1440,67300,155
1058,20180727,1441,67200,152
1059,20180727,1442,67200,224
1060,20180727,1443,67100,86
1061,20180727,1444,67100,180
1062,20180727,1445,67200,149
1063,20180727,1446,67200,20
1064,20180727,1447,67100,139
1065,20180727,1448,67100,177
1066,20180727,1449,67100,64
1067,20180727,1450,67200,240
1068,20180727,1451,67200,45
1069,20180727,1452,67200,149
1070,20180727,1453,67200,135
1071,20180727,1454,67100,43
1072,20180727,1455,67100,226
1073,20180727,1456,67200,179
1074,20180727,1457,67200,217
1075,20180727,1458,67200,231
1076,20180727,1459,67300,124
1077,20180727,1500,67200,270
1078,20180727,1501,67300,153
1079,20180727,1502,67200,1144
1080,20180727,1503,67100,460
1081,20180727,1504,67100,454
1082,20180727,1505,67100,422
1083,20180727,1506,67200,514
1084,20180727,1507,67100,339
1085,20180727,1508,67100,444
1086,20180727,1509,67100,610
1087,20180727,1510,67100,310
1088,20180727,1511,67100,531
1089,20180727,1512,67100,392
1090,20180727,1513,67000,2176
1091,20180727,1514,66900,978
1092,20180727,1515,66800,417
1093,20180727,1516,66800,472
1094,20180727,1517,67300,352
1095,20180727,1518,67100,579
1096,20180727,1519,67100,47
1097,20180727,1520,67200,165
1098,20180727,1530,67300,1742
0,20180730,901,67000,346
1,20180730,902,67000,8
2,20180730,903,66900,61
3,20180730,904,67000,72
4,20180730,905,67000,97
5,20180730,906,67000,37
6,20180730,907,67400,7
7,20180730,908,67400,10
8,20180730,909,67100,124
9,20180730,910,67100,5
10,20180730,911,67100,38
11,20180730,912,67100,45
12,20180730,913,67000,580
13,20180730,914,67000,300
14,20180730,916,67000,46
15,20180730,917,66900,79
16,20180730,918,66900,622
17,20180730,919,66800,142
18,20180730,921,66800,476
19,20180730,922,66500,12
20,20180730,923,66400,185
21,20180730,924,66700,52
22,20180730,925,66500,101
23,20180730,926,66400,126
24,20180730,927,66400,4
25,20180730,929,66400,30
26,20180730,931,66400,129
27,20180730,932,66300,16
28,20180730,933,66300,32
29,20180730,934,66300,157
30,20180730,935,66200,237
31,20180730,936,66300,129
32,20180730,937,66200,268
33,20180730,938,66100,916
34,20180730,939,66000,338
35,20180730,940,66100,10
36,20180730,941,66200,37
37,20180730,942,66200,39
38,20180730,943,66200,129
39,20180730,944,66300,13
40,20180730,945,66200,9
41,20180730,947,66200,190
42,20180730,949,66200,9
43,20180730,950,66200,31
44,20180730,951,66200,517
45,20180730,953,66100,138
46,20180730,954,66000,70
47,20180730,955,66100,408
48,20180730,956,66000,2671
49,20180730,957,65700,122
50,20180730,958,65900,67
51,20180730,959,65900,170
52,20180730,1000,65800,30
53,20180730,1001,65900,174
54,20180730,1002,66000,40
55,20180730,1003,65900,4
56,20180730,1004,65900,38
57,20180730,1005,66000,196
58,20180730,1007,66100,4
59,20180730,1008,66000,10
60,20180730,1009,66000,33
61,20180730,1010,66100,12
62,20180730,1011,66000,73
63,20180730,1012,66100,54
64,20180730,1013,66100,2435
65,20180730,1014,66700,1
66,20180730,1015,66700,75
67,20180730,1016,66600,40
68,20180730,1017,66500,2
69,20180730,1019,66500,124
70,20180730,1021,66500,30
71,20180730,1022,66500,9
72,20180730,1024,66600,47
73,20180730,1025,66500,50
74,20180730,1026,66600,23
75,20180730,1027,66600,19
76,20180730,1028,66500,32
77,20180730,1030,66600,117
78,20180730,1031,66700,17
79,20180730,1032,66700,75
80,20180730,1033,67000,1
81,20180730,1034,66900,5
82,20180730,1036,66900,169
83,20180730,1038,66800,168
84,20180730,1040,66700,57
85,20180730,1041,66600,242
86,20180730,1042,66500,213
87,20180730,1043,66400,77
88,20180730,1044,66400,2
89,20180730,1045,66300,5
90,20180730,1046,66400,352
91,20180730,1047,66100,310
92,20180730,1048,66100,47
93,20180730,1049,66100,19
94,20180730,1050,66200,345
95,20180730,1051,66100,37
96,20180730,1052,66100,374
97,20180730,1053,66100,15
98,20180730,1054,66100,42
99,20180730,1055,66400,166
100,20180730,1056,66600,45
101,20180730,1057,66500,13
102,20180730,1058,66500,518
103,20180730,1100,66500,70
104,20180730,1101,66600,8
105,20180730,1102,66500,58
106,20180730,1103,66500,5
107,20180730,1106,66400,42
108,20180730,1110,66300,35
109,20180730,1112,66300,5
110,20180730,1113,66400,50
111,20180730,1114,66300,38
112,20180730,1115,66300,64
113,20180730,1116,66300,1
114,20180730,1117,66300,388
115,20180730,1121,66200,30
116,20180730,1122,66300,5
117,20180730,1123,66300,28
118,20180730,1124,66200,57
119,20180730,1125,66200,35
120,20180730,1126,66300,340
121,20180730,1127,66500,16
122,20180730,1128,66500,122
123,20180730,1129,66400,68
124,20180730,1131,66400,1
125,20180730,1132,66400,52
126,20180730,1133,66300,30
127,20180730,1135,66400,18
128,20180730,1136,66300,152
129,20180730,1137,66400,42
130,20180730,1140,66400,30
131,20180730,1141,66500,274
132,20180730,1142,66700,245
133,20180730,1143,66800,35
134,20180730,1144,66800,33
135,20180730,1147,66800,401
136,20180730,1148,66600,30
137,20180730,1150,66600,2
138,20180730,1151,66600,30
139,20180730,1153,66600,328
140,20180730,1154,66500,10
141,20180730,1155,66500,30
142,20180730,1158,66500,394
143,20180730,1159,66300,34
144,20180730,1200,66400,82
145,20180730,1201,66400,104
146,20180730,1203,66300,116
147,20180730,1204,66400,2548
148,20180730,1205,66500,38
149,20180730,1207,66500,46
150,20180730,1209,66500,35
151,20180730,1210,66500,30
152,20180730,1211,66500,11
153,20180730,1212,66400,98
154,20180730,1214,66300,30
155,20180730,1215,66300,73
156,20180730,1216,66300,4
157,20180730,1217,66300,19
158,20180730,1218,66300,30
159,20180730,1221,66300,100
160,20180730,1222,66300,31
161,20180730,1228,66300,10
162,20180730,1229,66300,42
163,20180730,1231,66300,21
164,20180730,1232,66300,88
165,20180730,1233,66400,32
166,20180730,1236,66300,170
167,20180730,1237,66300,30
168,20180730,1240,66400,21
169,20180730,1241,66300,66
170,20180730,1243,66300,15
171,20180730,1244,66300,30
172,20180730,1246,66300,172
173,20180730,1247,66400,35
174,20180730,1248,66300,30
175,20180730,1251,66300,80
176,20180730,1252,66400,130
177,20180730,1253,66400,200
178,20180730,1256,66400,30
179,20180730,1257,66400,1
180,20180730,1258,66500,5
181,20180730,1259,66500,1
182,20180730,1300,66400,30
183,20180730,1302,66500,15
184,20180730,1303,66400,30
185,20180730,1305,66400,11
186,20180730,1306,66500,2
187,20180730,1307,66400,35
188,20180730,1308,66400,1
189,20180730,1310,66400,100
190,20180730,1311,66400,37
191,20180730,1313,66500,8
192,20180730,1314,66500,2
193,20180730,1315,66400,39
194,20180730,1316,66400,43
195,20180730,1317,66500,7
196,20180730,1318,66400,68
197,20180730,1319,66500,1
198,20180730,1320,66500,144
199,20180730,1321,66400,9
200,20180730,1322,66500,36
201,20180730,1323,66500,790
202,20180730,1324,66800,18
203,20180730,1325,66800,7
204,20180730,1326,66800,34
205,20180730,1327,66800,5
206,20180730,1328,66800,2
207,20180730,1329,66800,123
208,20180730,1330,66700,32
209,20180730,1331,66800,273
210,20180730,1332,66800,10
211,20180730,1333,66900,2
212,20180730,1334,66800,35
213,20180730,1335,66900,49
214,20180730,1336,66900,7
215,20180730,1337,66900,42
216,20180730,1338,66800,7
217,20180730,1339,66900,2
218,20180730,1340,66900,343
219,20180730,1341,67000,36
220,20180730,1342,67000,2
221,20180730,1343,67000,6
222,20180730,1344,67000,2
223,20180730,1345,67000,52
224,20180730,1346,67000,18
225,20180730,1347,67000,19
226,20180730,1348,67000,43
227,20180730,1349,66900,32
228,20180730,1350,67000,20
229,20180730,1351,67000,15
230,20180730,1352,67000,65
231,20180730,1353,67000,18
232,20180730,1354,66900,8
233,20180730,1355,67000,7
234,20180730,1356,67000,40
235,20180730,1357,66900,72
236,20180730,1358,67000,14
237,20180730,1359,66900,26
238,20180730,1400,66900,76
239,20180730,1401,67000,110
240,20180730,1402,67000,173
241,20180730,1403,67000,351
242,20180730,1404,67100,195
243,20180730,1405,67200,277
244,20180730,1406,67200,24
245,20180730,1407,67200,2
246,20180730,1408,67100,32
247,20180730,1409,67200,5
248,20180730,1410,67200,4
249,20180730,1411,67200,47
250,20180730,1413,67200,7
251,20180730,1414,67100,8
252,20180730,1415,67100,97
253,20180730,1416,67200,14
254,20180730,1417,67100,57
255,20180730,1418,67100,13
256,20180730,1419,67100,35
257,20180730,1420,67200,17
258,20180730,1421,67100,22
259,20180730,1422,67100,24
260,20180730,1423,67200,58
261,20180730,1424,67200,38
262,20180730,1425,67200,24
263,20180730,1426,67200,31
264,20180730,1427,67100,84
265,20180730,1428,67200,9
266,20180730,1429,67100,6
267,20180730,1430,67100,584
268,20180730,1431,66900,5
269,20180730,1432,66900,20
270,20180730,1433,66900,18
271,20180730,1434,66900,43
272,20180730,1435,66900,6
273,20180730,1436,66900,10
274,20180730,1437,66900,66
275,20180730,1438,66900,112
276,20180730,1439,66800,19
277,20180730,1440,66800,5
278,20180730,1441,66800,64
279,20180730,1442,66900,39
280,20180730,1443,66900,6
281,20180730,1444,66900,15
282,20180730,1445,66800,76
283,20180730,1446,66800,25
284,20180730,1447,66800,8
285,20180730,1448,66800,22
286,20180730,1449,66900,36
287,20180730,1450,66800,6
288,20180730,1451,66800,14
289,20180730,1452,66800,225
290,20180730,1453,66800,53
291,20180730,1454,66700,12
292,20180730,1455,66800,24
293,20180730,1456,66800,14
294,20180730,1457,66700,43
295,20180730,1458,66700,49
296,20180730,1459,66700,29
297,20180730,1500,66700,19
298,20180730,1501,66800,37
299,20180730,1502,66800,283
300,20180730,1503,66900,1
301,20180730,1504,66900,33
302,20180730,1505,66800,16
303,20180730,1506,66900,10
304,20180730,1507,66900,18
305,20180730,1508,66900,40
306,20180730,1509,66900,103
307,20180730,1510,66900,18
308,20180730,1511,66900,203
309,20180730,1512,66600,456
310,20180730,1513,66700,21
311,20180730,1514,66600,73
312,20180730,1515,66700,9
313,20180730,1516,66700,350
314,20180730,1517,66700,115
315,20180730,1519,66800,544
316,20180730,1520,66900,47
317,20180730,1530,67000,2878
0,20180731,901,67300,282
1,20180731,902,67100,3
2,20180731,904,67300,1
3,20180731,905,67100,280
4,20180731,906,67000,18
5,20180731,907,66800,239
6,20180731,908,66300,6
7,20180731,909,66400,36
8,20180731,910,66700,173
9,20180731,911,66700,483
10,20180731,912,66900,115
11,20180731,913,67000,154
12,20180731,914,67000,74
13,20180731,915,67100,440
14,20180731,916,67300,456
15,20180731,917,67400,160
16,20180731,918,67400,5
17,20180731,919,67400,439
18,20180731,920,67400,71
19,20180731,921,67400,42
20,20180731,923,67500,10
21,20180731,924,67400,35
22,20180731,925,67500,4
23,20180731,926,67400,250
24,20180731,927,67400,92
25,20180731,928,67400,4
26,20180731,929,67300,1
27,20180731,930,67300,11
28,20180731,931,67200,29
29,20180731,933,67100,110
30,20180731,934,67100,643
31,20180731,935,67100,378
32,20180731,936,67200,8
33,20180731,937,67100,61
34,20180731,938,67100,10
35,20180731,939,67100,13
36,20180731,940,67200,73
37,20180731,941,67300,152
38,20180731,942,67100,464
39,20180731,943,67200,163
40,20180731,944,67300,183
41,20180731,945,67200,54
42,20180731,946,67200,125
43,20180731,947,67000,18
44,20180731,948,67000,49
45,20180731,949,67100,5
46,20180731,950,67100,380
47,20180731,951,66900,7
48,20180731,952,66900,73
49,20180731,953,66900,6
50,20180731,954,67000,6
51,20180731,955,66900,21
52,20180731,956,66900,119
53,20180731,957,67000,2
54,20180731,958,66900,6
55,20180731,959,66900,13
56,20180731,1000,66900,98
57,20180731,1001,67000,610
58,20180731,1002,67200,259
59,20180731,1003,67300,2006
60,20180731,1004,67000,4
61,20180731,1006,67000,10
62,20180731,1007,67000,1
63,20180731,1008,67100,9
64,20180731,1009,67000,14
65,20180731,1010,67000,55
66,20180731,1011,67100,16
67,20180731,1012,67000,5
68,20180731,1013,67000,14
69,20180731,1014,67000,106
70,20180731,1015,67000,2
71,20180731,1016,67100,123
72,20180731,1017,67000,39
73,20180731,1018,67200,5
74,20180731,1019,67200,4
75,20180731,1020,67200,56
76,20180731,1021,67200,50
77,20180731,1022,67000,6
78,20180731,1023,67000,123
79,20180731,1024,67200,4
80,20180731,1025,67200,3
81,20180731,1026,67200,13
82,20180731,1027,67100,14
83,20180731,1029,67100,3
84,20180731,1030,67100,22
85,20180731,1031,67200,69
86,20180731,1032,67100,2
87,20180731,1033,67100,55
88,20180731,1034,67100,146
89,20180731,1035,66900,72
90,20180731,1037,67200,83
91,20180731,1038,66900,40
92,20180731,1039,67000,81
93,20180731,1040,67400,133
94,20180731,1041,67000,26
95,20180731,1042,67100,95
96,20180731,1043,67300,20
97,20180731,1044,67300,47
98,20180731,1045,67400,9
99,20180731,1047,67300,14
100,20180731,1048,67400,181
101,20180731,1049,67400,13
102,20180731,1050,67300,6
103,20180731,1051,67300,177
104,20180731,1052,67400,17
105,20180731,1053,67400,203
106,20180731,1054,67300,309
107,20180731,1055,67400,46
108,20180731,1056,67300,79
109,20180731,1057,67400,61
110,20180731,1058,67300,41
111,20180731,1059,67400,8
112,20180731,1100,67400,158
113,20180731,1101,67500,67
114,20180731,1102,67500,46
115,20180731,1103,67500,14
116,20180731,1104,67500,8
117,20180731,1105,67500,30
118,20180731,1106,67400,168
119,20180731,1107,67500,59
120,20180731,1108,67500,1626
121,20180731,1109,67600,1670
122,20180731,1110,67900,370
123,20180731,1111,68000,271
124,20180731,1112,68000,701
125,20180731,1113,67900,104
126,20180731,1114,67800,61
127,20180731,1115,67700,135
128,20180731,1116,67600,77
129,20180731,1117,67800,297
130,20180731,1118,67900,57
131,20180731,1119,67800,151
132,20180731,1120,68000,207
133,20180731,1121,67700,319
134,20180731,1122,67600,17
135,20180731,1123,67600,55
136,20180731,1124,67700,76
137,20180731,1125,67600,151
138,20180731,1126,67600,19
139,20180731,1127,67700,25
140,20180731,1128,67800,561
141,20180731,1129,67700,32
142,20180731,1130,67600,34
143,20180731,1131,67700,257
144,20180731,1132,67600,40
145,20180731,1133,67600,54
146,20180731,1134,67500,29
147,20180731,1135,67500,44
148,20180731,1136,67600,112
149,20180731,1137,67500,56
150,20180731,1138,67600,22
151,20180731,1139,67500,48
152,20180731,1140,67500,33
153,20180731,1141,67600,18
154,20180731,1142,67600,173
155,20180731,1143,67600,214
156,20180731,1144,67600,7
157,20180731,1145,67700,90
158,20180731,1146,67600,3
159,20180731,1147,67600,357
160,20180731,1148,67600,667
161,20180731,1149,67500,25
162,20180731,1150,67600,38
163,20180731,1151,67500,52
164,20180731,1152,67600,56
165,20180731,1153,67600,13
166,20180731,1154,67500,88
167,20180731,1155,67600,33
168,20180731,1156,67600,47
169,20180731,1157,67700,39
170,20180731,1158,67700,560
171,20180731,1159,67800,42
172,20180731,1200,67700,46
173,20180731,1201,67700,52
174,20180731,1202,67800,18
175,20180731,1203,67700,37
176,20180731,1204,67700,42
177,20180731,1205,67700,111
178,20180731,1206,67800,172
179,20180731,1207,67800,257
180,20180731,1208,67800,1066
181,20180731,1209,67900,227
182,20180731,1210,67900,118
183,20180731,1211,67900,43
184,20180731,1212,68000,27
185,20180731,1213,68000,72
186,20180731,1214,67900,119
187,20180731,1215,67800,171
188,20180731,1216,67900,32
189,20180731,1217,67900,19
190,20180731,1218,67800,33
191,20180731,1219,67900,47
192,20180731,1220,67900,37
193,20180731,1221,67900,22
194,20180731,1222,67800,137
195,20180731,1223,67800,13
196,20180731,1224,67800,134
197,20180731,1225,67900,35
198,20180731,1226,67900,36
199,20180731,1227,68000,122
200,20180731,1228,68000,191
201,20180731,1229,68000,27
202,20180731,1230,68000,34
203,20180731,1231,67900,49
204,20180731,1232,67900,299
205,20180731,1233,68100,294
206,20180731,1234,68200,83
207,20180731,1235,68100,7
208,20180731,1236,68100,56
209,20180731,1237,68100,12
210,20180731,1238,68100,90
211,20180731,1239,68200,37
212,20180731,1240,68100,15
213,20180731,1241,68100,37
214,20180731,1242,68200,53
215,20180731,1243,68200,17
216,20180731,1244,68200,726
217,20180731,1245,68200,117
218,20180731,1246,68200,41
219,20180731,1247,68100,30
220,20180731,1248,68100,89
221,20180731,1249,68300,6
222,20180731,1250,68200,256
223,20180731,1251,68100,97
224,20180731,1252,68100,28
225,20180731,1253,68200,6
226,20180731,1254,68100,685
227,20180731,1255,68100,332
228,20180731,1256,67900,30
229,20180731,1257,67800,31
230,20180731,1258,67900,34
231,20180731,1259,67900,15
232,20180731,1300,67900,16
233,20180731,1301,67800,24
234,20180731,1302,67800,8
235,20180731,1303,67800,20
236,20180731,1304,67800,15
237,20180731,1305,67800,206
238,20180731,1306,68100,89
239,20180731,1307,68200,8
240,20180731,1308,68100,7
241,20180731,1309,68100,158
242,20180731,1310,68100,112
243,20180731,1311,68100,369
244,20180731,1312,68200,87
245,20180731,1313,68200,51
246,20180731,1314,68300,76
247,20180731,1315,68200,147
248,20180731,1316,68300,48
249,20180731,1317,68300,63
250,20180731,1318,68200,114
251,20180731,1319,68200,116
252,20180731,1320,68300,156
253,20180731,1321,68300,21
254,20180731,1322,68200,74
255,20180731,1323,68300,44
256,20180731,1324,68300,34
257,20180731,1325,68200,91
258,20180731,1326,68300,81
259,20180731,1327,68200,22
260,20180731,1328,68300,77
261,20180731,1329,68300,335
262,20180731,1330,68100,184
263,20180731,1331,68100,182
264,20180731,1332,68200,23
265,20180731,1333,68300,7
266,20180731,1334,68300,67
267,20180731,1335,68200,263
268,20180731,1336,68300,20
269,20180731,1337,68200,123
270,20180731,1338,68200,71
271,20180731,1339,68300,25
272,20180731,1340,68200,167
273,20180731,1341,68300,11
274,20180731,1342,68300,15
275,20180731,1343,68400,148
276,20180731,1344,68300,13
277,20180731,1345,68400,124
278,20180731,1346,68400,895
279,20180731,1347,68400,90
280,20180731,1348,68500,30
281,20180731,1349,68400,81
282,20180731,1350,68400,97
283,20180731,1351,68400,86
284,20180731,1352,68400,11
285,20180731,1353,68400,307
286,20180731,1354,68400,81
287,20180731,1355,68400,48
288,20180731,1356,68500,152
289,20180731,1357,68500,172
290,20180731,1358,68400,18
291,20180731,1359,68400,16
292,20180731,1400,68500,640
293,20180731,1401,68500,112
294,20180731,1402,68500,90
295,20180731,1403,68500,38
296,20180731,1404,68400,8
297,20180731,1405,68400,108
298,20180731,1406,68400,200
299,20180731,1407,68400,141
300,20180731,1408,68500,42
301,20180731,1409,68300,9
302,20180731,1410,68400,68
303,20180731,1411,68400,64
304,20180731,1412,68400,102
305,20180731,1413,68300,89
306,20180731,1414,68400,367
307,20180731,1415,68600,183
308,20180731,1416,68600,94
309,20180731,1417,68500,115
310,20180731,1418,68500,163
311,20180731,1419,68600,348
312,20180731,1420,68600,163
313,20180731,1421,68500,277
314,20180731,1422,68600,72
315,20180731,1423,68600,151
316,20180731,1424,68700,531
317,20180731,1425,68800,197
318,20180731,1426,68700,582
319,20180731,1427,68800,568
320,20180731,1428,68700,154
321,20180731,1429,68700,111
322,20180731,1430,68800,412
323,20180731,1431,68700,628
324,20180731,1432,68900,504
325,20180731,1433,68900,197
326,20180731,1434,68800,62
327,20180731,1435,68800,810
328,20180731,1436,69000,255
329,20180731,1437,69000,74
330,20180731,1438,69000,122
331,20180731,1439,69000,278
332,20180731,1440,69000,402
333,20180731,1441,68900,157
334,20180731,1442,69000,798
335,20180731,1443,69100,87
336,20180731,1444,69100,187
337,20180731,1445,69100,396
338,20180731,1446,69100,1054
339,20180731,1447,69100,449
340,20180731,1448,69100,185
341,20180731,1449,69100,114
342,20180731,1450,69200,141
343,20180731,1451,69300,380
344,20180731,1452,69200,224
345,20180731,1453,69200,98
346,20180731,1454,69200,396
347,20180731,1455,69100,49
348,20180731,1456,69100,143
349,20180731,1457,69200,297
350,20180731,1458,69300,292
351,20180731,1459,69300,125
352,20180731,1500,69200,112
353,20180731,1501,69300,120
354,20180731,1502,69300,356
355,20180731,1503,69300,375
356,20180731,1504,69300,346
357,20180731,1505,69300,679
358,20180731,1506,69400,123
359,20180731,1507,69300,55
360,20180731,1508,69400,109
361,20180731,1509,69300,147
362,20180731,1510,69300,52
363,20180731,1511,69300,325
364,20180731,1512,69000,264
365,20180731,1513,69200,102
366,20180731,1514,69100,52
367,20180731,1515,69100,100
368,20180731,1516,69000,195
369,20180731,1517,69000,232
370,20180731,1518,69000,58
371,20180731,1519,69000,78
372,20180731,1520,69000,213
373,20180731,1530,69300,5103
374,20180801,901,69200,297
375,20180801,902,69400,171
376,20180801,903,69700,627
377,20180801,904,69900,1604
378,20180801,905,70400,2156
379,20180801,906,70500,306
380,20180801,907,70500,712
381,20180801,908,70300,309
382,20180801,909,70200,333
383,20180801,910,70100,185
384,20180801,911,70200,1076
385,20180801,912,70400,61
386,20180801,913,70300,128
387,20180801,914,70300,317
388,20180801,915,70200,150
389,20180801,916,70200,466
390,20180801,917,70200,1193
391,20180801,918,70400,69
392,20180801,919,70400,4308
393,20180801,920,70500,260
394,20180801,921,70500,2152
395,20180801,922,70500,3389
396,20180801,923,70800,3246
397,20180801,924,70900,2726
398,20180801,925,70700,207
399,20180801,926,70800,988
400,20180801,927,70600,930
401,20180801,928,70700,471
402,20180801,929,70600,445
403,20180801,930,70800,702
404,20180801,931,70900,489
405,20180801,932,70900,193
406,20180801,933,70800,652
407,20180801,934,70800,1103
408,20180801,935,70700,369
409,20180801,936,70600,125
410,20180801,937,70600,12
411,20180801,938,70700,158
412,20180801,939,70600,149
413,20180801,940,70700,42
414,20180801,941,70600,122
415,20180801,942,70600,175
416,20180801,943,70600,34
417,20180801,944,70700,26
418,20180801,945,70600,51
419,20180801,946,70600,39
420,20180801,947,70700,23
421,20180801,948,70600,2469
422,20180801,949,70800,2304
423,20180801,950,70900,958
424,20180801,951,70800,31
425,20180801,952,70800,51
426,20180801,953,70800,313
427,20180801,954,70800,291
428,20180801,955,70800,147
429,20180801,956,70800,90
430,20180801,957,70800,572
431,20180801,958,70800,54
432,20180801,959,70800,518
433,20180801,1000,70800,78
434,20180801,1001,70700,940
435,20180801,1002,70600,36
436,20180801,1003,70500,12
437,20180801,1004,70500,28
438,20180801,1005,70500,761
439,20180801,1006,70500,1457
440,20180801,1007,70200,749
441,20180801,1008,70000,837
442,20180801,1009,70300,193
443,20180801,1010,70700,54
444,20180801,1011,70500,104
445,20180801,1012,70400,10
446,20180801,1013,70400,17
447,20180801,1014,70300,154
448,20180801,1016,70300,121
449,20180801,1017,70300,29
450,20180801,1018,70300,66
451,20180801,1019,70400,142
452,20180801,1020,70400,35
453,20180801,1021,70400,56
454,20180801,1022,70400,37
455,20180801,1023,70400,15
456,20180801,1024,70500,29
457,20180801,1025,70400,464
458,20180801,1026,70300,18
459,20180801,1027,70400,262
460,20180801,1028,70400,150
461,20180801,1029,70300,326
462,20180801,1030,70300,131
463,20180801,1031,70300,267
464,20180801,1032,70300,86
465,20180801,1033,70300,25
466,20180801,1034,70300,105
467,20180801,1035,70300,81
468,20180801,1036,70300,14
469,20180801,1037,70300,211
470,20180801,1038,70500,231
471,20180801,1039,70600,782
472,20180801,1040,70400,46
473,20180801,1041,70600,47
474,20180801,1042,70600,71
475,20180801,1043,70700,1480
476,20180801,1044,70700,892
477,20180801,1045,70700,7
478,20180801,1046,70700,31
479,20180801,1047,70800,170
480,20180801,1048,70700,348
481,20180801,1049,70800,159
482,20180801,1050,70700,201
483,20180801,1051,70800,176
484,20180801,1052,70600,52
485,20180801,1053,70600,165
486,20180801,1054,70600,45
487,20180801,1056,70600,74
488,20180801,1057,70600,146
489,20180801,1058,70600,77
490,20180801,1059,70600,16
491,20180801,1100,70600,843
492,20180801,1101,70700,32
493,20180801,1102,70800,27
494,20180801,1103,70800,351
495,20180801,1104,70700,62
496,20180801,1105,70600,94
497,20180801,1106,70600,59
498,20180801,1107,70600,1
499,20180801,1108,70600,454
500,20180801,1109,70700,56
501,20180801,1110,70600,28
502,20180801,1111,70600,2
503,20180801,1112,70700,500
504,20180801,1113,70800,259
505,20180801,1114,70800,20
506,20180801,1115,70800,129
507,20180801,1116,70700,54
508,20180801,1117,70700,854
509,20180801,1118,70800,614
510,20180801,1119,70800,24
511,20180801,1120,70800,215
512,20180801,1121,70800,21
513,20180801,1122,70800,1877
514,20180801,1123,71000,7535
515,20180801,1124,71200,557
516,20180801,1125,71200,141
517,20180801,1126,71200,39
518,20180801,1127,71200,241
519,20180801,1128,71300,43
520,20180801,1129,71200,225
521,20180801,1130,71100,3
522,20180801,1131,71100,71
523,20180801,1132,71200,44
524,20180801,1133,71200,843
525,20180801,1134,71300,453
526,20180801,1135,71300,104
527,20180801,1136,71200,56
528,20180801,1137,71200,10
529,20180801,1138,71200,599
530,20180801,1139,71200,70
531,20180801,1140,71200,83
532,20180801,1141,71200,340
533,20180801,1142,71200,6
534,20180801,1143,71100,25
535,20180801,1144,71100,39
536,20180801,1145,71200,93
537,20180801,1146,71100,89
538,20180801,1147,71200,10
539,20180801,1148,71100,190
540,20180801,1149,71100,310
541,20180801,1150,71200,59
542,20180801,1151,71100,3
543,20180801,1152,71100,24
544,20180801,1153,71100,217
545,20180801,1154,71100,33
546,20180801,1155,71000,174
547,20180801,1156,71000,78
548,20180801,1157,71000,606
549,20180801,1158,70900,23
550,20180801,1159,71000,6
551,20180801,1200,71000,106
552,20180801,1201,71000,248
553,20180801,1202,71100,6
554,20180801,1204,71000,118
555,20180801,1205,71000,28
556,20180801,1206,71000,13
557,20180801,1207,71100,21
558,20180801,1208,71000,6
559,20180801,1209,71000,57
560,20180801,1210,71000,41
561,20180801,1211,71100,447
562,20180801,1212,71000,32
563,20180801,1213,70900,3
564,20180801,1214,70900,40
565,20180801,1215,70900,141
566,20180801,1216,71000,19
567,20180801,1217,70900,30
568,20180801,1218,70800,1
569,20180801,1219,70800,1
570,20180801,1220,70800,26
571,20180801,1221,70900,33
572,20180801,1222,70900,119
573,20180801,1223,70800,2
574,20180801,1224,70900,1
575,20180801,1225,70900,102
576,20180801,1226,70900,142
577,20180801,1227,70900,196
578,20180801,1228,70900,116
579,20180801,1229,71000,20
580,20180801,1230,70900,24
581,20180801,1231,70900,1
582,20180801,1232,70900,20
583,20180801,1233,71000,85
584,20180801,1234,70900,186
585,20180801,1235,70900,28
586,20180801,1236,70800,6
587,20180801,1237,70800,648
588,20180801,1238,70800,1562
589,20180801,1239,70600,70
590,20180801,1240,70700,2
591,20180801,1241,70700,7
592,20180801,1242,70600,13
593,20180801,1243,70700,2
594,20180801,1244,70600,245
595,20180801,1245,70500,204
596,20180801,1246,70700,927
597,20180801,1247,70500,17
598,20180801,1248,70800,105
599,20180801,1249,70700,26
600,20180801,1250,70800,101
601,20180801,1251,70800,68
602,20180801,1252,70800,12
603,20180801,1253,70800,13
604,20180801,1254,70700,89
605,20180801,1255,70800,126
606,20180801,1256,70900,49
607,20180801,1257,70800,19
608,20180801,1258,70800,1
609,20180801,1259,70800,53
610,20180801,1300,70800,42
611,20180801,1301,70800,3
612,20180801,1302,70800,2
613,20180801,1303,70700,887
614,20180801,1304,70700,54
615,20180801,1305,70700,6
616,20180801,1306,70700,1
617,20180801,1307,70700,3
618,20180801,1308,70700,2
619,20180801,1309,70800,55
620,20180801,1310,70800,219
621,20180801,1311,70700,3
622,20180801,1312,70600,45
623,20180801,1313,70600,380
624,20180801,1314,70600,7
625,20180801,1315,70600,156
626,20180801,1316,70700,57
627,20180801,1317,70600,115
628,20180801,1318,70500,173
629,20180801,1319,70500,101
630,20180801,1320,70800,234
631,20180801,1321,70800,143
632,20180801,1322,70600,54
633,20180801,1323,70600,66
634,20180801,1324,70600,64
635,20180801,1325,70600,81
636,20180801,1326,70600,499
637,20180801,1327,70500,50
638,20180801,1328,70500,73
639,20180801,1329,70500,59
640,20180801,1330,70600,43
641,20180801,1331,70500,54
642,20180801,1332,70500,88
643,20180801,1333,70500,26
644,20180801,1334,70500,39
645,20180801,1335,70400,13
646,20180801,1336,70400,244
647,20180801,1337,70400,4
648,20180801,1338,70400,69
649,20180801,1339,70500,6
650,20180801,1340,70500,96
651,20180801,1341,70500,1
652,20180801,1342,70500,7
653,20180801,1343,70600,39
654,20180801,1344,70500,49
655,20180801,1345,70500,11
656,20180801,1346,70500,6
657,20180801,1347,70500,3
658,20180801,1348,70500,9
659,20180801,1349,70600,24
660,20180801,1350,70500,40
661,20180801,1351,70500,5
662,20180801,1352,70500,12
663,20180801,1353,70600,41
664,20180801,1354,70500,529
665,20180801,1355,70500,156
666,20180801,1356,70400,3
667,20180801,1357,70400,16
668,20180801,1358,70400,18
669,20180801,1359,70400,42
670,20180801,1400,70400,392
671,20180801,1401,70400,169
672,20180801,1402,70400,2
673,20180801,1403,70400,40
674,20180801,1404,70400,3
675,20180801,1405,70500,89
676,20180801,1406,70400,172
677,20180801,1407,70600,51
678,20180801,1408,70500,5
679,20180801,1409,70500,42
680,20180801,1410,70500,45
681,20180801,1411,70500,47
682,20180801,1412,70600,34
683,20180801,1413,70500,217
684,20180801,1414,70500,49
685,20180801,1415,70500,38
686,20180801,1416,70500,2
687,20180801,1417,70500,79
688,20180801,1418,70500,158
689,20180801,1419,70600,58
690,20180801,1420,70600,75
691,20180801,1421,70600,63
692,20180801,1422,70700,45
693,20180801,1423,70600,47
694,20180801,1424,70700,68
695,20180801,1425,70600,22
696,20180801,1426,70700,230
697,20180801,1427,70600,37
698,20180801,1428,70700,43
699,20180801,1429,70600,144
700,20180801,1430,70600,210
701,20180801,1431,70700,101
702,20180801,1432,70700,32
703,20180801,1433,70800,71
704,20180801,1434,70800,120
705,20180801,1435,70800,107
706,20180801,1436,70700,80
707,20180801,1437,70700,4
708,20180801,1438,70800,66
709,20180801,1439,70800,54
710,20180801,1440,70800,65
711,20180801,1441,70800,100
712,20180801,1442,70800,28
713,20180801,1443,70800,201
714,20180801,1444,70800,30
715,20180801,1445,70800,1
716,20180801,1446,70900,82
717,20180801,1447,70900,1006
718,20180801,1448,70600,11
719,20180801,1449,70600,76
720,20180801,1450,70700,141
721,20180801,1451,70600,258
722,20180801,1452,70700,49
723,20180801,1453,70700,153
724,20180801,1454,70700,718
725,20180801,1455,70500,134
726,20180801,1456,70500,135
727,20180801,1457,70700,31
728,20180801,1458,70600,62
729,20180801,1459,70800,61
730,20180801,1500,70800,534
731,20180801,1501,70800,81
732,20180801,1502,70900,189
733,20180801,1503,70900,39
734,20180801,1504,70900,372
735,20180801,1505,70900,195
736,20180801,1506,70900,147
737,20180801,1507,71000,37
738,20180801,1508,71000,144
739,20180801,1509,71000,185
740,20180801,1510,70900,91
741,20180801,1511,71000,61
742,20180801,1512,70900,754
743,20180801,1513,70800,113
744,20180801,1514,70900,528
745,20180801,1515,70900,157
746,20180801,1516,70800,156
747,20180801,1517,70900,165
748,20180801,1518,70800,95
749,20180801,1519,70900,45
750,20180801,1520,70900,213
751,20180801,1530,70600,9218
752,20180802,901,70400,408
753,20180802,902,70700,97
754,20180802,903,70700,37
755,20180802,904,70600,74
756,20180802,905,70600,38
757,20180802,906,70600,21
758,20180802,907,70600,202
759,20180802,908,70500,47
760,20180802,909,70500,98
761,20180802,910,70700,44
762,20180802,911,70700,113
763,20180802,912,71000,66
764,20180802,913,71000,144
765,20180802,914,70900,342
766,20180802,915,70900,19
767,20180802,916,70900,149
768,20180802,917,70900,152
769,20180802,918,71000,816
770,20180802,919,71000,1606
771,20180802,920,71100,66
772,20180802,921,71100,521
773,20180802,922,71100,1613
774,20180802,923,71300,650
775,20180802,924,71300,524
776,20180802,925,71400,206
777,20180802,926,71500,1506
778,20180802,927,71600,873
779,20180802,928,71800,680
780,20180802,929,71700,2232
781,20180802,930,71500,22
782,20180802,931,71600,269
783,20180802,932,71700,131
784,20180802,933,71700,164
785,20180802,934,71600,158
786,20180802,935,71600,31
787,20180802,936,71700,408
788,20180802,937,71700,208
789,20180802,938,71800,104
790,20180802,939,71700,96
791,20180802,940,71700,103
792,20180802,941,71700,171
793,20180802,942,71700,17
794,20180802,943,71700,207
795,20180802,944,71600,21
796,20180802,945,71600,215
797,20180802,946,71600,139
798,20180802,947,71500,41
799,20180802,948,71500,1124
800,20180802,949,71200,195
801,20180802,950,71200,152
802,20180802,951,71300,46
803,20180802,952,71100,1
804,20180802,953,71100,27
805,20180802,954,71100,266
806,20180802,955,71300,162
807,20180802,956,71200,110
808,20180802,957,71200,40
809,20180802,958,71200,57
810,20180802,959,71100,103
811,20180802,1000,71100,165
812,20180802,1001,71100,57
813,20180802,1002,71100,5
814,20180802,1003,71200,145
815,20180802,1004,71200,25
816,20180802,1005,71100,17
817,20180802,1006,71100,123
818,20180802,1007,71100,2
819,20180802,1008,71100,170
820,20180802,1009,71000,101
821,20180802,1010,71100,85
822,20180802,1011,71100,645
823,20180802,1012,71400,820
824,20180802,1013,71600,161
825,20180802,1014,71600,152
826,20180802,1015,71700,364
827,20180802,1016,71500,58
828,20180802,1017,71600,49
829,20180802,1018,71500,18
830,20180802,1019,71500,64
831,20180802,1020,71500,157
832,20180802,1021,71600,541
833,20180802,1022,71700,662
834,20180802,1023,71700,39
835,20180802,1024,71700,30
836,20180802,1025,71600,24
837,20180802,1026,71700,51
838,20180802,1027,71700,157
839,20180802,1028,71600,462
840,20180802,1029,71600,73
841,20180802,1030,71600,42
842,20180802,1031,71600,90
843,20180802,1032,71600,260
844,20180802,1033,71500,22
845,20180802,1034,71700,566
846,20180802,1035,71700,192
847,20180802,1036,71700,75
848,20180802,1037,71500,326
849,20180802,1038,71700,33
850,20180802,1039,71600,25
851,20180802,1040,71700,933
852,20180802,1041,71500,148
853,20180802,1042,71400,452
854,20180802,1043,71400,406
855,20180802,1044,71300,162
856,20180802,1045,71300,13
857,20180802,1046,71500,114
858,20180802,1047,71400,21
859,20180802,1048,71400,24
860,20180802,1049,71400,67
861,20180802,1050,71500,36
862,20180802,1051,71400,14
863,20180802,1052,71500,29
864,20180802,1053,71500,75
865,20180802,1054,71500,319
866,20180802,1055,71400,14
867,20180802,1056,71400,65
868,20180802,1057,71300,41
869,20180802,1058,71300,237
870,20180802,1059,71100,144
871,20180802,1100,71200,385
872,20180802,1101,71100,41
873,20180802,1102,71100,35
874,20180802,1103,71000,691
875,20180802,1104,70900,189
876,20180802,1105,71000,35
877,20180802,1106,71200,59
878,20180802,1107,71200,5
879,20180802,1108,71100,5
880,20180802,1109,71200,26
881,20180802,1110,71200,71
882,20180802,1111,71200,78
883,20180802,1112,71200,94
884,20180802,1113,71100,49
885,20180802,1114,71100,88
886,20180802,1115,71300,3
887,20180802,1116,71200,30
888,20180802,1117,71200,94
889,20180802,1118,71000,121
890,20180802,1119,71200,77
891,20180802,1120,71300,127
892,20180802,1121,71100,3
893,20180802,1122,71200,15
894,20180802,1123,71200,3
895,20180802,1124,71100,119
896,20180802,1125,71200,5
897,20180802,1126,71100,115
898,20180802,1127,71300,24
899,20180802,1128,71200,111
900,20180802,1129,71300,90
901,20180802,1130,71100,28
902,20180802,1131,71100,87
903,20180802,1132,71200,25
904,20180802,1133,71100,121
905,20180802,1134,71100,67
906,20180802,1135,71100,28
907,20180802,1136,71200,52
908,20180802,1137,71100,32
909,20180802,1138,71300,190
910,20180802,1139,71200,9
911,20180802,1140,71100,73
912,20180802,1141,71100,4
913,20180802,1142,71200,34
914,20180802,1143,71100,28
915,20180802,1144,71200,74
916,20180802,1145,71100,132
917,20180802,1146,71100,107
918,20180802,1147,71200,81
919,20180802,1148,71000,59
920,20180802,1149,71000,998
921,20180802,1150,70700,263
922,20180802,1151,70800,100
923,20180802,1152,70900,104
924,20180802,1153,70700,16
925,20180802,1154,70800,204
926,20180802,1155,70700,69
927,20180802,1156,70900,107
928,20180802,1157,71000,154
929,20180802,1158,71100,219
930,20180802,1159,71000,108
931,20180802,1200,70900,84
932,20180802,1201,70900,3
933,20180802,1202,71000,31
934,20180802,1203,71000,189
935,20180802,1204,71200,7
936,20180802,1205,71000,22
937,20180802,1206,71000,59
938,20180802,1207,71000,36
939,20180802,1208,71000,36
940,20180802,1209,71000,29
941,20180802,1210,71000,63
942,20180802,1211,71000,61
943,20180802,1212,71100,43
944,20180802,1213,71000,322
945,20180802,1214,71100,144
946,20180802,1215,71300,68
947,20180802,1216,71200,38
948,20180802,1217,71100,20
949,20180802,1218,71100,153
950,20180802,1219,71100,117
951,20180802,1220,71100,90
952,20180802,1221,71100,95
953,20180802,1222,71000,15
954,20180802,1223,71100,46
955,20180802,1224,71000,57
956,20180802,1225,71100,49
957,20180802,1226,71100,38
958,20180802,1227,71100,20
959,20180802,1228,71100,446
960,20180802,1229,71000,92
961,20180802,1230,71000,42
962,20180802,1231,71100,19
963,20180802,1232,71000,98
964,20180802,1233,70900,182
965,20180802,1234,70800,186
966,20180802,1235,70900,82
967,20180802,1236,70800,36
968,20180802,1237,71000,86
969,20180802,1238,70800,31
970,20180802,1239,70800,60
971,20180802,1240,70900,115
972,20180802,1241,70900,5
973,20180802,1242,70900,140
974,20180802,1243,70900,39
975,20180802,1244,70900,85
976,20180802,1245,70900,142
977,20180802,1246,70900,4
978,20180802,1247,70800,2
979,20180802,1248,70900,689
980,20180802,1249,70600,142
981,20180802,1250,70700,37
982,20180802,1251,70700,238
983,20180802,1252,70600,123
984,20180802,1253,70700,113
985,20180802,1254,70900,96
986,20180802,1255,70800,42
987,20180802,1256,70800,4
988,20180802,1257,70800,326
989,20180802,1258,70700,180
990,20180802,1259,70600,130
991,20180802,1300,70600,68
992,20180802,1301,70700,8
993,20180802,1302,70800,62
994,20180802,1303,70800,32
995,20180802,1304,70900,98
996,20180802,1305,70900,114
997,20180802,1306,70800,1
998,20180802,1307,70800,68
999,20180802,1308,70700,77
1000,20180802,1309,70700,91
1001,20180802,1310,70700,33
1002,20180802,1311,70600,374
1003,20180802,1312,70600,58
1004,20180802,1313,70700,27
1005,20180802,1314,70500,366
1006,20180802,1315,70500,98
1007,20180802,1316,70500,178
1008,20180802,1317,70700,101
1009,20180802,1318,70500,929
1010,20180802,1319,70200,465
1011,20180802,1320,70400,88
1012,20180802,1321,70300,210
1013,20180802,1322,70300,160
1014,20180802,1323,70200,228
1015,20180802,1324,70300,84
1016,20180802,1325,70200,225
1017,20180802,1326,70600,94
1018,20180802,1327,70400,103
1019,20180802,1328,70400,167
1020,20180802,1329,70400,88
1021,20180802,1330,70600,76
1022,20180802,1331,70900,99
1023,20180802,1332,70900,150
1024,20180802,1333,70900,187
1025,20180802,1334,71000,47
1026,20180802,1335,71000,48
1027,20180802,1336,71000,146
1028,20180802,1337,71000,311
1029,20180802,1338,71000,208
1030,20180802,1339,70800,27
1031,20180802,1340,70600,151
1032,20180802,1341,70900,28
1033,20180802,1342,70800,324
1034,20180802,1343,70800,13
1035,20180802,1344,70800,57
1036,20180802,1345,70800,163
1037,20180802,1346,70800,68
1038,20180802,1347,70800,46
1039,20180802,1348,70800,145
1040,20180802,1349,70800,206
1041,20180802,1350,70900,46
1042,20180802,1351,70800,146
1043,20180802,1352,70900,81
1044,20180802,1353,70900,155
1045,20180802,1354,70900,91
1046,20180802,1355,71000,274
1047,20180802,1356,71000,72
1048,20180802,1357,71100,43
1049,20180802,1358,71000,152
1050,20180802,1359,71200,85
1051,20180802,1400,71000,43
1052,20180802,1401,71200,149
1053,20180802,1402,71100,277
1054,20180802,1403,71200,16
1055,20180802,1404,71200,130
1056,20180802,1405,71200,43
1057,20180802,1406,71200,10
1058,20180802,1407,71100,138
1059,20180802,1408,71200,118
1060,20180802,1409,71100,28
1061,20180802,1410,71100,118
1062,20180802,1411,71100,392
1063,20180802,1412,70900,232
1064,20180802,1413,71000,27
1065,20180802,1414,71200,10
1066,20180802,1415,71000,46
1067,20180802,1416,71000,138
1068,20180802,1417,71100,92
1069,20180802,1418,71000,62
1070,20180802,1419,71000,90
1071,20180802,1420,70900,242
1072,20180802,1421,70800,107
1073,20180802,1422,71000,146
1074,20180802,1423,71000,11
1075,20180802,1424,71000,81
1076,20180802,1425,71000,14
1077,20180802,1426,70900,251
1078,20180802,1427,71000,161
1079,20180802,1428,71000,174
1080,20180802,1429,70900,9
1081,20180802,1430,71100,104
1082,20180802,1431,71100,22
1083,20180802,1432,71000,207
1084,20180802,1433,71100,99
1085,20180802,1434,71200,126
1086,20180802,1435,71200,35
1087,20180802,1436,71200,94
1088,20180802,1437,71200,37
1089,20180802,1438,71200,135
1090,20180802,1439,71200,75
1091,20180802,1440,71200,180
1092,20180802,1441,71200,86
1093,20180802,1442,71300,417
1094,20180802,1443,71300,87
1095,20180802,1444,71400,799
1096,20180802,1445,71400,290
1097,20180802,1446,71400,126
1098,20180802,1447,71400,42
1099,20180802,1448,71400,114
1100,20180802,1449,71400,96
1101,20180802,1450,71400,285
1102,20180802,1451,71200,10
1103,20180802,1452,71300,106
1104,20180802,1453,71300,138
1105,20180802,1454,71300,177
1106,20180802,1455,71400,194
1107,20180802,1456,71200,35
1108,20180802,1457,71300,6
1109,20180802,1458,71300,308
1110,20180802,1459,71200,113
1111,20180802,1500,71300,94
1112,20180802,1501,71300,72
1113,20180802,1502,71300,214
1114,20180802,1503,71200,135
1115,20180802,1504,71300,76
1116,20180802,1505,71200,123
1117,20180802,1506,71300,158
1118,20180802,1507,71200,13
1119,20180802,1508,71200,9
1120,20180802,1509,71200,37
1121,20180802,1510,71300,122
1122,20180802,1511,71200,86
1123,20180802,1512,71300,85
1124,20180802,1513,71100,7
1125,20180802,1514,71200,49
1126,20180802,1515,71200,16
1127,20180802,1516,71200,145
1128,20180802,1517,71200,194
1129,20180802,1518,71300,32
1130,20180802,1519,71300,287
1131,20180802,1520,71200,104
1132,20180802,1530,71300,3911
0,20180803,901,71400,465
1,20180803,902,71800,166
2,20180803,903,71700,192
3,20180803,904,71700,165
4,20180803,905,71800,375
5,20180803,906,71700,166
6,20180803,907,71800,47
7,20180803,908,71700,14
8,20180803,909,71700,344
9,20180803,910,71500,124
10,20180803,911,71500,19
11,20180803,912,71500,143
12,20180803,913,71800,653
13,20180803,914,71400,479
14,20180803,915,71800,67
15,20180803,916,71800,29
16,20180803,917,71700,1270
17,20180803,918,72200,581
18,20180803,919,72200,157
19,20180803,920,72100,221
20,20180803,921,71900,175
21,20180803,922,71900,415
22,20180803,923,71900,509
23,20180803,924,71900,220
24,20180803,925,71900,363
25,20180803,926,71900,276
26,20180803,927,71800,467
27,20180803,928,71700,202
28,20180803,929,71700,135
29,20180803,930,71800,29
30,20180803,931,71800,4
31,20180803,932,71800,231
32,20180803,933,71700,193
33,20180803,934,71900,26
34,20180803,935,71900,26
35,20180803,936,71900,19
36,20180803,937,71900,52
37,20180803,938,71900,218
38,20180803,939,71900,50
39,20180803,940,71800,129
40,20180803,941,71700,58
41,20180803,942,71800,5
42,20180803,943,71800,53
43,20180803,944,71800,84
44,20180803,945,71800,104
45,20180803,946,71800,1
46,20180803,947,71800,58
47,20180803,948,71900,20
48,20180803,949,71900,10
49,20180803,950,71900,115
50,20180803,951,71800,57
51,20180803,952,71800,56
52,20180803,953,71800,72
53,20180803,954,71900,736
54,20180803,955,71900,34
55,20180803,956,72000,226
56,20180803,957,72000,137
57,20180803,958,72100,629
58,20180803,959,72000,136
59,20180803,1000,71900,21
60,20180803,1002,71900,126
61,20180803,1003,72000,22
62,20180803,1004,72000,13
63,20180803,1005,71900,359
64,20180803,1006,71600,180
65,20180803,1007,71700,44
66,20180803,1008,71700,116
67,20180803,1010,71800,31
68,20180803,1011,71800,34
69,20180803,1012,71800,75
70,20180803,1013,71900,714
71,20180803,1014,72100,123
72,20180803,1015,72100,670
73,20180803,1016,72100,185
74,20180803,1017,72200,46
75,20180803,1018,72000,356
76,20180803,1019,72100,27
77,20180803,1020,72100,100
78,20180803,1021,72100,38
79,20180803,1022,72200,61
80,20180803,1023,72100,190
81,20180803,1024,72100,53
82,20180803,1025,72200,16
83,20180803,1026,72100,126
84,20180803,1027,72200,72
85,20180803,1028,72200,26
86,20180803,1029,72200,28
87,20180803,1030,72100,170
88,20180803,1031,72100,107
89,20180803,1032,72100,52
90,20180803,1033,72200,93
91,20180803,1034,72200,21
92,20180803,1035,72200,144
93,20180803,1036,72200,1964
94,20180803,1037,72200,65
95,20180803,1038,72100,185
96,20180803,1039,72200,33
97,20180803,1040,72200,74
98,20180803,1041,72100,12
99,20180803,1042,72100,1
100,20180803,1043,72100,9
101,20180803,1044,72100,138
102,20180803,1045,72100,100
103,20180803,1046,72200,20
104,20180803,1047,72100,282
105,20180803,1048,72000,12
106,20180803,1049,72100,35
107,20180803,1050,72100,367
108,20180803,1051,72200,22
109,20180803,1052,72200,103
110,20180803,1053,72200,100
111,20180803,1054,72200,42
112,20180803,1055,72200,317
113,20180803,1056,72200,118
114,20180803,1057,72200,15
115,20180803,1058,72200,3
116,20180803,1059,72200,2
117,20180803,1100,72200,122
118,20180803,1101,72200,65
119,20180803,1102,72100,791
120,20180803,1103,72100,138
121,20180803,1104,72100,1
122,20180803,1105,72100,142
123,20180803,1106,72000,213
124,20180803,1107,72100,34
125,20180803,1108,72100,86
126,20180803,1109,72100,45
127,20180803,1110,72100,10
128,20180803,1111,72100,88
129,20180803,1112,72000,642
130,20180803,1113,71900,17
131,20180803,1114,71900,46
132,20180803,1115,71900,104
133,20180803,1116,72000,8
134,20180803,1117,71900,89
135,20180803,1118,71900,10
136,20180803,1119,72000,112
137,20180803,1120,72000,122
138,20180803,1121,72000,1
139,20180803,1122,72000,366
140,20180803,1123,72000,32
141,20180803,1124,71900,56
142,20180803,1125,72000,315
143,20180803,1126,71900,88
144,20180803,1127,71900,236
145,20180803,1128,71900,1
146,20180803,1129,71900,40
147,20180803,1130,71900,42
148,20180803,1131,71900,50
149,20180803,1132,71900,1137
150,20180803,1133,71500,141
151,20180803,1134,71600,222
152,20180803,1135,71700,21
153,20180803,1136,71700,329
154,20180803,1137,71700,2
155,20180803,1138,71700,163
156,20180803,1139,71700,159
157,20180803,1140,71700,32
158,20180803,1141,71700,71
159,20180803,1142,71700,12
160,20180803,1143,71700,12
161,20180803,1144,71800,82
162,20180803,1145,71800,238
163,20180803,1146,71800,15
164,20180803,1148,71800,34
165,20180803,1149,71900,46
166,20180803,1150,71800,58
167,20180803,1151,71900,122
168,20180803,1152,71800,26
169,20180803,1153,71800,44
170,20180803,1154,71800,89
171,20180803,1155,71900,62
172,20180803,1156,71900,430
173,20180803,1201,71700,272
174,20180803,1202,71900,2
175,20180803,1204,71900,68
176,20180803,1205,71900,3
177,20180803,1206,71900,170
178,20180803,1207,71900,14
179,20180803,1209,71900,116
180,20180803,1211,71900,122
181,20180803,1212,71900,55
182,20180803,1213,71900,1
183,20180803,1215,71900,186
184,20180803,1216,72000,70
185,20180803,1217,72000,23
186,20180803,1218,72000,4
187,20180803,1219,72000,66
188,20180803,1220,72000,63
189,20180803,1221,72000,306
190,20180803,1222,72100,50
191,20180803,1223,72100,25
192,20180803,1224,72100,38
193,20180803,1225,72100,26
194,20180803,1226,72100,146
195,20180803,1227,72000,188
196,20180803,1228,72100,10
197,20180803,1229,72000,81
198,20180803,1230,72100,5
199,20180803,1231,72100,137
200,20180803,1232,72100,83
201,20180803,1233,72200,13
202,20180803,1234,72100,16
203,20180803,1235,72200,1
204,20180803,1236,72100,381
205,20180803,1237,72100,72
206,20180803,1238,72200,80
207,20180803,1239,72200,1
208,20180803,1240,72100,42
209,20180803,1241,72100,15
210,20180803,1242,72100,123
211,20180803,1243,72100,98
212,20180803,1244,72200,1
213,20180803,1245,72100,3
214,20180803,1246,72100,30
215,20180803,1247,72200,3
216,20180803,1248,72200,189
217,20180803,1249,72200,1
218,20180803,1250,72200,12
219,20180803,1251,72200,19
220,20180803,1252,72200,2
221,20180803,1253,72200,71
222,20180803,1254,72100,104
223,20180803,1255,72200,68
224,20180803,1256,72200,1
225,20180803,1257,72200,204
226,20180803,1258,72100,42
227,20180803,1259,72200,666
228,20180803,1300,72100,27
229,20180803,1301,72200,162
230,20180803,1302,72200,52
231,20180803,1303,72100,376
232,20180803,1304,71900,201
233,20180803,1305,72100,1
234,20180803,1306,72100,17
235,20180803,1307,72000,94
236,20180803,1308,72100,650
237,20180803,1309,72100,127
238,20180803,1310,72100,173
239,20180803,1312,72000,81
240,20180803,1313,72100,12
241,20180803,1315,72000,253
242,20180803,1316,72100,32
243,20180803,1317,72100,93
244,20180803,1318,72000,138
245,20180803,1319,72100,4
246,20180803,1320,72000,81
247,20180803,1321,72100,138
248,20180803,1322,72100,21
249,20180803,1323,72100,353
250,20180803,1324,72000,20
251,20180803,1325,72100,173
252,20180803,1326,72000,382
253,20180803,1327,72100,8
254,20180803,1328,72100,82
255,20180803,1329,72100,38
256,20180803,1330,72100,263
257,20180803,1331,72000,181
258,20180803,1332,72200,90
259,20180803,1333,72200,8
260,20180803,1334,72100,102
261,20180803,1336,72100,151
262,20180803,1337,72100,143
263,20180803,1338,72200,13
264,20180803,1339,72100,114
265,20180803,1340,72100,290
266,20180803,1342,72100,158
267,20180803,1343,72100,99
268,20180803,1344,72100,78
269,20180803,1345,72100,138
270,20180803,1346,72000,22
271,20180803,1347,72100,263
272,20180803,1348,72100,119
273,20180803,1350,72100,387
274,20180803,1351,72100,1
275,20180803,1352,72100,95
276,20180803,1353,72100,339
277,20180803,1354,71900,132
278,20180803,1356,71900,86
279,20180803,1357,71800,415
280,20180803,1358,71900,84
281,20180803,1359,71900,221
282,20180803,1400,72000,5
283,20180803,1401,72000,86
284,20180803,1402,71800,5
285,20180803,1403,71900,83
286,20180803,1404,71800,301
287,20180803,1405,71900,103
288,20180803,1406,71800,79
289,20180803,1407,71900,6
290,20180803,1408,71900,89
291,20180803,1409,71900,98
292,20180803,1410,71800,67
293,20180803,1411,71800,29
294,20180803,1412,71700,89
295,20180803,1413,71800,145
296,20180803,1414,71800,17
297,20180803,1415,71700,83
298,20180803,1416,71800,78
299,20180803,1417,71800,91
300,20180803,1418,71800,12
301,20180803,1419,71800,312
302,20180803,1420,71900,162
303,20180803,1421,71900,245
304,20180803,1422,71900,39
305,20180803,1423,71900,168
306,20180803,1424,72000,8
307,20180803,1425,72000,21
308,20180803,1426,71900,115
309,20180803,1427,72000,63
310,20180803,1428,72000,179
311,20180803,1429,72000,313
312,20180803,1430,71700,47
313,20180803,1431,71700,183
314,20180803,1432,71600,121
315,20180803,1433,71600,336
316,20180803,1434,71600,247
317,20180803,1435,71600,110
318,20180803,1436,71600,329
319,20180803,1437,71700,41
320,20180803,1438,71700,212
321,20180803,1439,71600,443
322,20180803,1440,71600,326
323,20180803,1441,71500,132
324,20180803,1442,71600,180
325,20180803,1443,71600,640
326,20180803,1444,71500,57
327,20180803,1445,71500,341
328,20180803,1446,71500,145
329,20180803,1447,71600,137
330,20180803,1448,71500,277
331,20180803,1449,71500,405
332,20180803,1450,71500,190
333,20180803,1451,71600,77
334,20180803,1452,71600,111
335,20180803,1453,71600,157
336,20180803,1454,71500,452
337,20180803,1455,71800,260
338,20180803,1456,71700,197
339,20180803,1457,71700,103
340,20180803,1458,71700,163
341,20180803,1459,71800,129
342,20180803,1500,71900,102
343,20180803,1501,71900,334
344,20180803,1502,72000,307
345,20180803,1503,71900,108
346,20180803,1504,71900,111
347,20180803,1505,72000,124
348,20180803,1506,72000,246
349,20180803,1507,71900,33
350,20180803,1508,71900,21
351,20180803,1509,71900,388
352,20180803,1510,71700,69
353,20180803,1511,71700,79
354,20180803,1512,71700,92
355,20180803,1513,71800,24
356,20180803,1514,71900,207
357,20180803,1515,71700,879
358,20180803,1516,71700,29
359,20180803,1517,71700,148
360,20180803,1518,71600,129
361,20180803,1519,71700,251
362,20180803,1520,71700,203
363,20180803,1530,71600,6498
0,20180806,901,71500,348
1,20180806,902,71600,562
2,20180806,903,71700,81
3,20180806,904,71700,163
4,20180806,905,72100,36
5,20180806,906,72100,405
6,20180806,907,72000,368
7,20180806,908,72100,456
8,20180806,909,72100,153
9,20180806,910,72100,160
10,20180806,911,72200,625
11,20180806,912,72200,536
12,20180806,913,72400,416
13,20180806,914,72500,1322
14,20180806,915,72600,741
15,20180806,916,72500,473
16,20180806,917,72700,1900
17,20180806,918,72800,796
18,20180806,919,72900,138
19,20180806,920,72900,4407
20,20180806,921,72900,775
21,20180806,922,73100,805
22,20180806,923,73000,1136
23,20180806,924,73000,590
24,20180806,925,73000,186
25,20180806,926,72900,292
26,20180806,927,72900,120
27,20180806,928,73000,248
28,20180806,929,72900,383
29,20180806,930,73000,1641
30,20180806,931,73000,1643
31,20180806,932,73100,3237
32,20180806,933,73300,2724
33,20180806,934,73400,233
34,20180806,935,73300,1124
35,20180806,936,73400,33
36,20180806,937,73300,82
37,20180806,938,73400,457
38,20180806,939,73300,141
39,20180806,940,73300,319
40,20180806,941,73200,387
41,20180806,942,73300,510
42,20180806,943,73300,86
43,20180806,944,73300,137
44,20180806,945,73300,113
45,20180806,946,73200,1730
46,20180806,947,73400,1872
47,20180806,948,73400,586
48,20180806,949,73500,1467
49,20180806,950,73200,440
50,20180806,951,73200,544
51,20180806,952,73300,927
52,20180806,953,73500,377
53,20180806,954,73400,140
54,20180806,955,73400,94
55,20180806,956,73400,280
56,20180806,957,73500,472
57,20180806,958,73500,774
58,20180806,959,73400,72
59,20180806,1000,73400,835
60,20180806,1001,73500,465
61,20180806,1002,73500,469
62,20180806,1003,73400,545
63,20180806,1004,73300,8
64,20180806,1005,73300,463
65,20180806,1006,73500,7884
66,20180806,1007,73700,2222
67,20180806,1008,73800,915
68,20180806,1009,73700,48
69,20180806,1010,73700,91
70,20180806,1011,73700,286
71,20180806,1012,73700,198
72,20180806,1013,73600,1594
73,20180806,1014,73700,83
74,20180806,1015,73800,11
75,20180806,1016,73700,369
76,20180806,1017,73700,291
77,20180806,1018,73800,853
78,20180806,1019,73800,5232
79,20180806,1020,73900,464
80,20180806,1021,73900,198
81,20180806,1022,74000,146
82,20180806,1023,74000,441
83,20180806,1024,74000,283
84,20180806,1025,73900,632
85,20180806,1026,74000,3627
86,20180806,1027,74200,1736
87,20180806,1028,74200,202
88,20180806,1029,74000,487
89,20180806,1030,74100,826
90,20180806,1031,74100,470
91,20180806,1032,74100,181
92,20180806,1033,74200,1301
93,20180806,1034,74300,607
94,20180806,1035,74200,1443
95,20180806,1036,74300,283
96,20180806,1037,74200,243
97,20180806,1038,74200,370
98,20180806,1039,74100,239
99,20180806,1040,74100,523
100,20180806,1041,74000,1575
101,20180806,1042,74200,89
102,20180806,1043,74100,102
103,20180806,1044,74200,119
104,20180806,1045,74200,341
105,20180806,1046,74200,1985
106,20180806,1047,74300,4929
107,20180806,1048,74300,421
108,20180806,1049,74400,2024
109,20180806,1050,74400,180
110,20180806,1051,74300,896
111,20180806,1052,74300,254
112,20180806,1053,74300,606
113,20180806,1054,74200,177
114,20180806,1055,74200,192
115,20180806,1056,74100,974
116,20180806,1057,74300,2646
117,20180806,1058,74300,101
118,20180806,1059,74300,575
119,20180806,1100,74300,214
120,20180806,1101,74300,629
121,20180806,1102,74200,574
122,20180806,1103,74200,226
123,20180806,1104,74300,349
124,20180806,1105,74300,26
125,20180806,1106,74400,237
126,20180806,1107,74400,712
127,20180806,1108,74400,176
128,20180806,1109,74400,1837
129,20180806,1110,74400,238
130,20180806,1111,74400,93
131,20180806,1112,74500,325
132,20180806,1113,74400,677
133,20180806,1114,74500,152
134,20180806,1115,74400,431
135,20180806,1116,74400,66
136,20180806,1117,74500,186
137,20180806,1118,74500,330
138,20180806,1119,74500,220
139,20180806,1120,74400,140
140,20180806,1121,74500,2780
141,20180806,1122,74600,320
142,20180806,1123,74600,192
143,20180806,1124,74600,148
144,20180806,1125,74600,218
145,20180806,1126,74600,292
146,20180806,1127,74500,131
147,20180806,1128,74600,428
148,20180806,1129,74600,177
149,20180806,1130,74600,98
150,20180806,1131,74600,1542
151,20180806,1132,74500,103
152,20180806,1133,74500,366
153,20180806,1134,74600,322
154,20180806,1135,74600,207
155,20180806,1136,74500,124
156,20180806,1137,74600,124
157,20180806,1138,74500,13
158,20180806,1139,74600,572
159,20180806,1140,74600,660
160,20180806,1141,74500,186
161,20180806,1142,74600,219
162,20180806,1143,74500,133
163,20180806,1144,74600,531
164,20180806,1145,74600,461
165,20180806,1146,74600,339
166,20180806,1147,74600,353
167,20180806,1148,74600,175
168,20180806,1149,74700,188
169,20180806,1150,74600,178
170,20180806,1151,74700,336
171,20180806,1152,74600,17
172,20180806,1153,74600,21
173,20180806,1154,74700,147
174,20180806,1155,74700,98
175,20180806,1156,74700,273
176,20180806,1157,74700,171
177,20180806,1158,74600,83
178,20180806,1159,74700,81
179,20180806,1200,74700,169
180,20180806,1201,74700,151
181,20180806,1202,74700,227
182,20180806,1203,74600,81
183,20180806,1204,74600,88
184,20180806,1205,74700,381
185,20180806,1206,74700,270
186,20180806,1207,74700,251
187,20180806,1208,74700,639
188,20180806,1209,74600,61
189,20180806,1210,74700,128
190,20180806,1211,74700,130
191,20180806,1212,74700,235
192,20180806,1213,74700,55
193,20180806,1214,74700,277
194,20180806,1215,74600,119
195,20180806,1216,74700,123
196,20180806,1217,74600,178
197,20180806,1218,74700,66
198,20180806,1219,74700,247
199,20180806,1220,74700,178
200,20180806,1221,74600,172
201,20180806,1222,74700,174
202,20180806,1223,74600,145
203,20180806,1224,74700,325
204,20180806,1225,74600,186
205,20180806,1226,74700,230
206,20180806,1227,74800,47
207,20180806,1228,74800,150
208,20180806,1229,74800,255
209,20180806,1230,74800,171
210,20180806,1231,74800,203
211,20180806,1232,74800,103
212,20180806,1233,74800,190
213,20180806,1234,74800,201
214,20180806,1235,74800,103
215,20180806,1236,74700,180
216,20180806,1237,74800,115
217,20180806,1238,74800,62
218,20180806,1239,74800,716
219,20180806,1240,74700,224
220,20180806,1241,74800,213
221,20180806,1242,74900,701
222,20180806,1243,74800,2119
223,20180806,1244,74900,216
224,20180806,1245,75000,391
225,20180806,1246,74900,186
226,20180806,1247,74900,355
227,20180806,1248,75000,232
228,20180806,1249,75000,876
229,20180806,1250,75000,2878
230,20180806,1251,74900,858
231,20180806,1252,74700,243
232,20180806,1253,74700,306
233,20180806,1254,74700,212
234,20180806,1255,74700,205
235,20180806,1256,74800,232
236,20180806,1257,74800,171
237,20180806,1258,74800,71
238,20180806,1259,74700,472
239,20180806,1300,74700,209
240,20180806,1301,74600,493
241,20180806,1302,74500,391
242,20180806,1303,74700,200
243,20180806,1304,74600,26
244,20180806,1305,74600,351
245,20180806,1306,74700,145
246,20180806,1307,74600,175
247,20180806,1308,74700,402
248,20180806,1309,74700,243
249,20180806,1310,74800,144
250,20180806,1311,74800,246
251,20180806,1312,74700,207
252,20180806,1313,74900,209
253,20180806,1314,74900,153
254,20180806,1315,74900,202
255,20180806,1316,74800,193
256,20180806,1317,74800,886
257,20180806,1318,74800,408
258,20180806,1319,74700,218
259,20180806,1320,74800,306
260,20180806,1321,74700,182
261,20180806,1322,74800,248
262,20180806,1323,74800,195
263,20180806,1324,74800,210
264,20180806,1325,74800,111
265,20180806,1326,74800,210
266,20180806,1327,74700,254
267,20180806,1328,74800,50
268,20180806,1329,74800,241
269,20180806,1330,74900,811
270,20180806,1331,74800,57
271,20180806,1332,74800,298
272,20180806,1333,74800,292
273,20180806,1334,74800,288
274,20180806,1335,74700,128
275,20180806,1336,74700,217
276,20180806,1337,74800,155
277,20180806,1338,74800,478
278,20180806,1339,74800,186
279,20180806,1340,74800,42
280,20180806,1341,74700,219
281,20180806,1342,74800,156
282,20180806,1343,74700,70
283,20180806,1344,74800,333
284,20180806,1345,74800,225
285,20180806,1346,74700,99
286,20180806,1347,74800,251
287,20180806,1348,74800,139
288,20180806,1349,74800,73
289,20180806,1350,74700,265
290,20180806,1351,74800,140
291,20180806,1352,74800,42
292,20180806,1353,74900,337
293,20180806,1354,74900,169
294,20180806,1355,74900,105
295,20180806,1356,74900,207
296,20180806,1357,74900,137
297,20180806,1358,74900,595
298,20180806,1359,74900,341
299,20180806,1400,74800,215
300,20180806,1401,74900,686
301,20180806,1402,74900,1610
302,20180806,1403,74900,157
303,20180806,1404,74700,413
304,20180806,1405,74600,1589
305,20180806,1406,74300,252
306,20180806,1407,74200,152
307,20180806,1408,74300,118
308,20180806,1409,74300,89
309,20180806,1410,74300,353
310,20180806,1411,74400,1337
311,20180806,1412,74000,884
312,20180806,1413,74100,159
313,20180806,1414,74000,348
314,20180806,1415,73900,253
315,20180806,1416,74000,273
316,20180806,1417,73900,196
317,20180806,1418,74000,610
318,20180806,1419,74000,823
319,20180806,1420,73900,253
320,20180806,1421,73900,519
321,20180806,1422,73900,11
322,20180806,1423,73900,245
323,20180806,1424,74000,361
324,20180806,1425,74000,50
325,20180806,1426,74000,410
326,20180806,1427,74100,307
327,20180806,1428,74100,539
328,20180806,1429,74200,678
329,20180806,1430,74300,146
330,20180806,1431,74300,96
331,20180806,1432,74300,437
332,20180806,1433,74300,139
333,20180806,1434,74200,159
334,20180806,1435,74400,312
335,20180806,1436,74300,379
336,20180806,1437,74300,287
337,20180806,1438,74200,368
338,20180806,1439,74200,211
339,20180806,1440,74300,103
340,20180806,1441,74400,427
341,20180806,1442,74400,629
342,20180806,1443,74400,137
343,20180806,1444,74300,265
344,20180806,1445,74300,30
345,20180806,1446,74400,276
346,20180806,1447,74500,1288
347,20180806,1448,74500,228
348,20180806,1449,74500,297
349,20180806,1450,74600,761
350,20180806,1451,74500,196
351,20180806,1452,74600,239
352,20180806,1453,74600,547
353,20180806,1454,74600,709
354,20180806,1455,74600,184
355,20180806,1456,74700,244
356,20180806,1457,74800,476
357,20180806,1458,74700,273
358,20180806,1459,74700,144
359,20180806,1500,74800,153
360,20180806,1501,74800,381
361,20180806,1502,74800,100
362,20180806,1503,74900,82
363,20180806,1504,74800,926
364,20180806,1505,74600,380
365,20180806,1506,74600,160
366,20180806,1507,74600,168
367,20180806,1508,74600,111
368,20180806,1509,74500,156
369,20180806,1510,74400,31
370,20180806,1511,74500,45
371,20180806,1512,74400,56
372,20180806,1513,74400,46
373,20180806,1514,74500,145
374,20180806,1515,74500,104
375,20180806,1516,74500,72
376,20180806,1517,74500,90
377,20180806,1518,74400,248
378,20180806,1519,74400,169
379,20180806,1520,74500,326
380,20180806,1530,74700,5415
381,20180807,901,74100,563
382,20180807,902,74600,291
383,20180807,903,74600,438
384,20180807,904,74400,411
385,20180807,905,74500,115
386,20180807,906,74600,309
387,20180807,907,74700,419
388,20180807,908,74700,432
389,20180807,909,74300,522
390,20180807,910,74300,332
391,20180807,911,74200,469
392,20180807,912,74000,499
393,20180807,913,74000,602
394,20180807,914,73900,341
395,20180807,915,73800,1158
396,20180807,916,73700,276
397,20180807,917,73800,280
398,20180807,918,73700,242
399,20180807,919,73700,402
400,20180807,920,73600,435
401,20180807,921,73700,71
402,20180807,922,73700,1113
403,20180807,923,73900,179
404,20180807,924,73900,306
405,20180807,925,73900,457
406,20180807,926,73800,32
407,20180807,927,73900,66
408,20180807,928,73800,83
409,20180807,929,74000,342
410,20180807,931,74000,47
411,20180807,932,74000,166
412,20180807,933,74000,443
413,20180807,934,73900,298
414,20180807,935,73900,27
415,20180807,936,73900,11
416,20180807,937,73900,215
417,20180807,938,73800,101
418,20180807,939,73800,52
419,20180807,940,73700,380
420,20180807,941,73900,7
421,20180807,942,73900,198
422,20180807,943,73900,39
423,20180807,944,73900,117
424,20180807,945,74000,72
425,20180807,946,74000,312
426,20180807,947,74100,419
427,20180807,948,74200,422
428,20180807,949,74000,748
429,20180807,950,74100,1772
430,20180807,951,74400,275
431,20180807,952,74400,491
432,20180807,953,74500,838
433,20180807,954,74700,134
434,20180807,955,74700,610
435,20180807,956,74800,1249
436,20180807,957,74900,945
437,20180807,958,75000,677
438,20180807,959,75100,1735
439,20180807,1000,74600,156
440,20180807,1001,74500,47
441,20180807,1002,74500,193
442,20180807,1003,74500,50
443,20180807,1004,74600,128
444,20180807,1006,74500,40
445,20180807,1007,74500,191
446,20180807,1008,74500,94
447,20180807,1009,74600,99
448,20180807,1010,74500,246
449,20180807,1011,74400,155
450,20180807,1012,74400,244
451,20180807,1013,74400,33
452,20180807,1014,74400,121
453,20180807,1015,74400,47
454,20180807,1016,74400,32
455,20180807,1017,74500,53
456,20180807,1019,74500,131
457,20180807,1020,74500,212
458,20180807,1021,74500,41
459,20180807,1022,74500,807
460,20180807,1023,74700,243
461,20180807,1024,74700,303
462,20180807,1025,74900,236
463,20180807,1026,74900,138
464,20180807,1027,74900,423
465,20180807,1028,74900,96
466,20180807,1029,74900,606
467,20180807,1030,75000,4
468,20180807,1031,75000,26
469,20180807,1032,75000,119
470,20180807,1033,75000,234
471,20180807,1034,75000,286
472,20180807,1035,75000,11
473,20180807,1036,74900,84
474,20180807,1037,75000,97
475,20180807,1038,75000,257
476,20180807,1039,75000,280
477,20180807,1040,75000,870
478,20180807,1042,74800,66
479,20180807,1043,74700,175
480,20180807,1044,74700,138
481,20180807,1045,74700,161
482,20180807,1046,74700,43
483,20180807,1047,74600,247
484,20180807,1048,74500,5
485,20180807,1049,74500,59
486,20180807,1050,74600,499
487,20180807,1051,74800,57
488,20180807,1052,74900,293
489,20180807,1053,74800,100
490,20180807,1054,75000,52
491,20180807,1055,75000,70
492,20180807,1056,75000,48
493,20180807,1057,75000,285
494,20180807,1058,74800,59
495,20180807,1059,74800,60
496,20180807,1100,74800,227
497,20180807,1101,74900,36
498,20180807,1102,74900,234
499,20180807,1103,74900,10
500,20180807,1104,74900,68
501,20180807,1105,74900,123
502,20180807,1106,74900,25
503,20180807,1107,74900,115
504,20180807,1108,74900,105
505,20180807,1109,74900,273
506,20180807,1110,75000,99
507,20180807,1111,75000,50
508,20180807,1112,75000,413
509,20180807,1113,75000,99
510,20180807,1114,75000,89
511,20180807,1115,75000,130
512,20180807,1116,74900,521
513,20180807,1117,74900,68
514,20180807,1118,74900,41
515,20180807,1119,74900,806
516,20180807,1120,74800,166
517,20180807,1121,74800,1
518,20180807,1122,74800,193
519,20180807,1123,74900,11
520,20180807,1124,74900,21
521,20180807,1125,74900,72
522,20180807,1126,74800,321
523,20180807,1127,74700,384
524,20180807,1128,74700,237
525,20180807,1129,74700,160
526,20180807,1130,74800,167
527,20180807,1131,74800,38
528,20180807,1132,74800,293
529,20180807,1133,74800,90
530,20180807,1134,74800,174
531,20180807,1135,74900,146
532,20180807,1136,74900,27
533,20180807,1137,74900,160
534,20180807,1138,74900,87
535,20180807,1139,74900,127
536,20180807,1140,74900,68
537,20180807,1141,74900,22
538,20180807,1142,74900,112
539,20180807,1143,74900,19
540,20180807,1144,74900,47
541,20180807,1145,74900,732
542,20180807,1146,75000,230
543,20180807,1147,74900,110
544,20180807,1148,75000,49
545,20180807,1149,75000,112
546,20180807,1150,74900,116
547,20180807,1151,75000,788
548,20180807,1152,75100,498
549,20180807,1153,75100,7
550,20180807,1154,75100,41
551,20180807,1155,75100,94
552,20180807,1156,75100,17
553,20180807,1157,75100,54
554,20180807,1158,75100,31
555,20180807,1159,75100,834
556,20180807,1200,74900,134
557,20180807,1201,75000,156
558,20180807,1202,75000,120
559,20180807,1203,75000,130
560,20180807,1204,75100,16
561,20180807,1205,75100,140
562,20180807,1206,75100,132
563,20180807,1207,75100,415
564,20180807,1208,75000,93
565,20180807,1209,75100,164
566,20180807,1210,75000,128
567,20180807,1211,75100,30
568,20180807,1212,75100,156
569,20180807,1213,75100,65
570,20180807,1214,75100,106
571,20180807,1215,75100,100
572,20180807,1216,75100,120
573,20180807,1217,75100,1173
574,20180807,1218,75200,452
575,20180807,1219,75200,70
576,20180807,1220,75200,439
577,20180807,1221,75100,75
578,20180807,1222,75000,189
579,20180807,1223,75000,210
580,20180807,1224,74900,1
581,20180807,1225,75000,189
582,20180807,1226,75000,117
583,20180807,1227,75100,165
584,20180807,1228,75100,116
585,20180807,1229,75100,66
586,20180807,1230,75100,216
587,20180807,1231,75100,167
588,20180807,1232,75100,143
589,20180807,1233,75200,112
590,20180807,1234,75200,284
591,20180807,1235,75200,143
592,20180807,1236,75300,156
593,20180807,1237,75200,712
594,20180807,1238,75200,281
595,20180807,1239,75200,197
596,20180807,1240,75200,84
597,20180807,1241,75200,97
598,20180807,1242,75200,90
599,20180807,1243,75200,330
600,20180807,1244,75100,209
601,20180807,1245,75100,260
602,20180807,1246,75100,31
603,20180807,1247,75000,260
604,20180807,1249,75200,122
605,20180807,1250,75200,1093
606,20180807,1252,75300,1656
607,20180807,1253,75300,170
608,20180807,1254,75300,176
609,20180807,1255,75300,222
610,20180807,1256,75300,656
611,20180807,1257,75400,148
612,20180807,1258,75400,419
613,20180807,1259,75400,49
614,20180807,1300,75400,452
615,20180807,1301,75400,224
616,20180807,1302,75400,198
617,20180807,1303,75400,166
618,20180807,1304,75400,115
619,20180807,1305,75400,209
620,20180807,1306,75400,226
621,20180807,1307,75400,416
622,20180807,1308,75500,215
623,20180807,1309,75500,245
624,20180807,1310,75500,184
625,20180807,1311,75500,110
626,20180807,1312,75500,189
627,20180807,1313,75500,1025
628,20180807,1314,75400,61
629,20180807,1315,75500,1243
630,20180807,1316,75500,196
631,20180807,1317,75500,14
632,20180807,1318,75500,361
633,20180807,1319,75500,662
634,20180807,1320,75200,200
635,20180807,1321,75300,145
636,20180807,1322,75300,23
637,20180807,1323,75300,189
638,20180807,1324,75400,268
639,20180807,1325,75500,167
640,20180807,1326,75500,267
641,20180807,1327,75300,58
642,20180807,1328,75400,64
643,20180807,1329,75300,415
644,20180807,1330,75400,76
645,20180807,1331,75500,192
646,20180807,1332,75500,241
647,20180807,1333,75500,74
648,20180807,1334,75500,334
649,20180807,1335,75400,149
650,20180807,1336,75300,211
651,20180807,1337,75200,148
652,20180807,1338,75300,150
653,20180807,1339,75300,118
654,20180807,1340,75200,100
655,20180807,1341,75300,193
656,20180807,1342,75200,88
657,20180807,1343,75300,170
658,20180807,1344,75200,184
659,20180807,1345,75300,86
660,20180807,1346,75400,145
661,20180807,1347,75200,177
662,20180807,1348,75300,1127
663,20180807,1349,75000,123
664,20180807,1350,75000,73
665,20180807,1351,75000,116
666,20180807,1352,74900,236
667,20180807,1353,75000,285
668,20180807,1354,74900,273
669,20180807,1355,75000,94
670,20180807,1356,75000,139
671,20180807,1358,75000,469
672,20180807,1359,75100,107
673,20180807,1400,75000,168
674,20180807,1401,75100,54
675,20180807,1402,75100,153
676,20180807,1403,75100,53
677,20180807,1404,75100,222
678,20180807,1405,75100,328
679,20180807,1406,75200,57
680,20180807,1407,75200,221
681,20180807,1408,75300,262
682,20180807,1409,75300,183
683,20180807,1410,75400,84
684,20180807,1411,75300,133
685,20180807,1412,75300,293
686,20180807,1413,75300,425
687,20180807,1414,75300,58
688,20180807,1415,75300,177
689,20180807,1416,75300,299
690,20180807,1417,75100,106
691,20180807,1418,75100,94
692,20180807,1419,75200,49
693,20180807,1420,75300,589
694,20180807,1421,75300,125
695,20180807,1422,75400,121
696,20180807,1423,75300,114
697,20180807,1424,75400,423
698,20180807,1425,75300,483
699,20180807,1426,75200,166
700,20180807,1427,75200,363
701,20180807,1428,75200,54
702,20180807,1429,75200,111
703,20180807,1430,75200,175
704,20180807,1431,75200,111
705,20180807,1432,75200,443
706,20180807,1433,75300,536
707,20180807,1434,75400,58
708,20180807,1435,75400,158
709,20180807,1436,75400,136
710,20180807,1437,75400,263
711,20180807,1438,75300,558
712,20180807,1439,75300,12
713,20180807,1440,75300,149
714,20180807,1441,75400,92
715,20180807,1442,75400,137
716,20180807,1443,75400,93
717,20180807,1444,75400,152
718,20180807,1445,75400,84
719,20180807,1446,75400,139
720,20180807,1447,75300,179
721,20180807,1448,75400,305
722,20180807,1449,75400,229
723,20180807,1450,75400,68
724,20180807,1451,75500,314
725,20180807,1452,75500,31
726,20180807,1453,75400,338
727,20180807,1454,75500,33
728,20180807,1455,75500,166
729,20180807,1456,75400,95
730,20180807,1457,75500,1046
731,20180807,1458,75600,1416
732,20180807,1459,75600,69
733,20180807,1500,75600,250
734,20180807,1501,75600,56
735,20180807,1502,75600,145
736,20180807,1503,75600,107
737,20180807,1504,75500,108
738,20180807,1505,75600,109
739,20180807,1506,75600,120
740,20180807,1507,75600,272
741,20180807,1508,75600,192
742,20180807,1509,75500,32
743,20180807,1510,75500,1057
744,20180807,1511,75400,89
745,20180807,1512,75400,44
746,20180807,1513,75400,67
747,20180807,1514,75400,168
748,20180807,1515,75400,65
749,20180807,1516,75500,61
750,20180807,1517,75400,285
751,20180807,1518,75400,150
752,20180807,1519,75500,121
753,20180807,1520,75500,76
754,20180807,1530,75500,2806
755,20180808,901,75000,806
756,20180808,902,75100,863
757,20180808,903,75500,563
758,20180808,904,75500,676
759,20180808,905,75800,403
760,20180808,906,75400,179
761,20180808,907,75400,140
762,20180808,908,75400,846
763,20180808,909,75200,12
764,20180808,910,75200,15
765,20180808,911,75200,123
766,20180808,912,75200,332
767,20180808,913,75400,84
768,20180808,914,75400,363
769,20180808,915,75500,566
770,20180808,916,75800,480
771,20180808,917,75900,238
772,20180808,918,75900,492
773,20180808,919,75700,410
774,20180808,920,75700,284
775,20180808,921,75600,102
776,20180808,922,75600,215
777,20180808,923,75600,258
778,20180808,924,75500,91
779,20180808,925,75600,534
780,20180808,926,75400,599
781,20180808,927,75300,93
782,20180808,928,75400,12
783,20180808,929,75400,721
784,20180808,930,75000,425
785,20180808,931,75000,856
786,20180808,932,75100,12
787,20180808,933,75300,50
788,20180808,934,75300,236
789,20180808,935,75300,91
790,20180808,936,75400,29
791,20180808,937,75300,650
792,20180808,938,75300,3
793,20180808,939,75300,45
794,20180808,940,75400,110
795,20180808,941,75400,43
796,20180808,942,75400,646
797,20180808,943,75500,131
798,20180808,944,75500,4
799,20180808,945,75500,18
800,20180808,946,75500,115
801,20180808,947,75500,78
802,20180808,948,75500,63
803,20180808,949,75500,194
804,20180808,950,75600,29
805,20180808,951,75700,19
806,20180808,953,75700,226
807,20180808,954,75700,1394
808,20180808,955,76000,443
809,20180808,956,75900,29
810,20180808,957,75900,300
811,20180808,958,75900,80
812,20180808,959,75900,816
813,20180808,1000,75700,279
814,20180808,1001,75600,136
815,20180808,1002,75700,67
816,20180808,1003,75600,49
817,20180808,1004,75600,108
818,20180808,1005,75500,102
819,20180808,1006,75500,2
820,20180808,1007,75600,36
821,20180808,1008,75600,554
822,20180808,1009,75600,121
823,20180808,1010,75600,62
824,20180808,1011,75600,72
825,20180808,1012,75500,8
826,20180808,1013,75600,198
827,20180808,1014,75600,2
828,20180808,1015,75700,19
829,20180808,1016,75700,145
830,20180808,1017,75700,64
831,20180808,1018,75700,95
832,20180808,1019,75600,251
833,20180808,1020,75500,80
834,20180808,1022,75600,54
835,20180808,1023,75600,25
836,20180808,1024,75500,74
837,20180808,1025,75600,17
838,20180808,1027,75600,90
839,20180808,1028,75600,86
840,20180808,1029,75600,1
841,20180808,1030,75600,37
842,20180808,1031,75600,33
843,20180808,1032,75500,622
844,20180808,1033,75400,669
845,20180808,1035,75300,1523
846,20180808,1036,75200,218
847,20180808,1037,75200,102
848,20180808,1038,75200,105
849,20180808,1039,75300,185
850,20180808,1040,75300,1
851,20180808,1041,75300,11
852,20180808,1042,75400,28
853,20180808,1043,75300,331
854,20180808,1044,75300,182
855,20180808,1045,75300,25
856,20180808,1046,75200,17
857,20180808,1047,75200,37
858,20180808,1048,75200,213
859,20180808,1049,75300,55
860,20180808,1050,75200,250
861,20180808,1051,75300,3
862,20180808,1052,75300,152
863,20180808,1053,75300,927
864,20180808,1054,75100,352
865,20180808,1055,75100,54
866,20180808,1056,75100,122
867,20180808,1057,75000,1043
868,20180808,1058,74900,76
869,20180808,1059,74900,479
870,20180808,1100,74900,1704
871,20180808,1101,74700,32
872,20180808,1102,74700,493
873,20180808,1103,74700,32
874,20180808,1104,74600,403
875,20180808,1105,74800,51
876,20180808,1106,74800,88
877,20180808,1107,74800,92
878,20180808,1108,74800,27
879,20180808,1109,74700,390
880,20180808,1110,74800,476
881,20180808,1111,74600,115
882,20180808,1112,74600,35
883,20180808,1113,74600,227
884,20180808,1114,74700,55
885,20180808,1115,74700,38
886,20180808,1116,74700,32
887,20180808,1117,74700,3
888,20180808,1118,74700,16
889,20180808,1119,74700,172
890,20180808,1120,74700,609
891,20180808,1121,74800,118
892,20180808,1122,74800,3
893,20180808,1123,74800,14
894,20180808,1124,74900,53
895,20180808,1125,74900,139
896,20180808,1126,74900,6
897,20180808,1127,74900,55
898,20180808,1128,75000,55
899,20180808,1129,75000,114
900,20180808,1130,75000,107
901,20180808,1131,75000,75
902,20180808,1132,74900,54
903,20180808,1133,74900,20
904,20180808,1134,75000,44
905,20180808,1135,75000,314
906,20180808,1136,75200,15
907,20180808,1137,75200,55
908,20180808,1138,75100,1
909,20180808,1139,75200,32
910,20180808,1140,75200,167
911,20180808,1141,75200,37
912,20180808,1142,75300,54
913,20180808,1143,75300,4
914,20180808,1144,75300,100
915,20180808,1145,75200,166
916,20180808,1146,75400,19
917,20180808,1147,75400,64
918,20180808,1148,75400,104
919,20180808,1149,75400,51
920,20180808,1150,75400,36
921,20180808,1151,75500,40
922,20180808,1152,75500,39
923,20180808,1153,75400,23
924,20180808,1154,75500,304
925,20180808,1155,75500,123
926,20180808,1156,75500,108
927,20180808,1157,75500,142
928,20180808,1158,75500,133
929,20180808,1159,75500,255
930,20180808,1200,75500,30
931,20180808,1201,75500,88
932,20180808,1203,75600,30
933,20180808,1204,75600,40
934,20180808,1205,75600,29
935,20180808,1206,75600,28
936,20180808,1207,75600,61
937,20180808,1208,75600,100
938,20180808,1209,75600,1
939,20180808,1210,75600,344
940,20180808,1211,75600,41
941,20180808,1212,75600,13
942,20180808,1213,75600,83
943,20180808,1215,75600,47
944,20180808,1216,75600,17
945,20180808,1217,75600,130
946,20180808,1218,75600,66
947,20180808,1220,75600,106
948,20180808,1221,75500,98
949,20180808,1222,75600,83
950,20180808,1223,75600,65
951,20180808,1224,75700,27
952,20180808,1225,75700,50
953,20180808,1226,75700,67
954,20180808,1227,75700,229
955,20180808,1229,75700,15
956,20180808,1230,75700,46
957,20180808,1231,75700,57
958,20180808,1232,75700,14
959,20180808,1233,75700,94
960,20180808,1234,75700,107
961,20180808,1235,75700,49
962,20180808,1236,75700,78
963,20180808,1237,75700,61
964,20180808,1238,75700,41
965,20180808,1239,75700,15
966,20180808,1240,75700,72
967,20180808,1241,75700,34
968,20180808,1242,75600,19
969,20180808,1243,75800,62
970,20180808,1244,75800,74
971,20180808,1245,75700,279
972,20180808,1246,75800,30
973,20180808,1247,75700,67
974,20180808,1248,75700,14
975,20180808,1249,75700,52
976,20180808,1250,75700,55
977,20180808,1252,75700,43
978,20180808,1253,75700,70
979,20180808,1254,75600,145
980,20180808,1255,75700,28
981,20180808,1256,75700,223
982,20180808,1257,75700,27
983,20180808,1258,75700,18
984,20180808,1259,75700,83
985,20180808,1300,75700,51
986,20180808,1301,75700,21
987,20180808,1302,75700,32
988,20180808,1303,75700,47
989,20180808,1304,75700,48
990,20180808,1305,75700,68
991,20180808,1306,75700,39
992,20180808,1307,75700,53
993,20180808,1308,75700,19
994,20180808,1309,75700,496
995,20180808,1310,75600,29
996,20180808,1311,75700,5
997,20180808,1312,75700,47
998,20180808,1313,75700,49
999,20180808,1314,75700,14
1000,20180808,1315,75700,145
1001,20180808,1316,75700,30
1002,20180808,1317,75700,29
1003,20180808,1318,75700,28
1004,20180808,1319,75800,182
1005,20180808,1320,75800,14
1006,20180808,1321,75800,312
1007,20180808,1322,75700,134
1008,20180808,1323,75800,35
1009,20180808,1324,75800,451
1010,20180808,1325,75800,44
1011,20180808,1326,75900,924
1012,20180808,1327,75900,12
1013,20180808,1328,75900,28
1014,20180808,1329,75800,431
1015,20180808,1330,75800,62
1016,20180808,1331,75700,27
1017,20180808,1332,75700,54
1018,20180808,1333,75600,106
1019,20180808,1334,75700,502
1020,20180808,1335,75900,44
1021,20180808,1336,75800,27
1022,20180808,1337,75800,9
1023,20180808,1338,75900,21
1024,20180808,1339,75900,26
1025,20180808,1340,75900,127
1026,20180808,1341,75900,37
1027,20180808,1342,75900,259
1028,20180808,1343,75900,65
1029,20180808,1344,75900,37
1030,20180808,1345,75900,278
1031,20180808,1346,75900,4
1032,20180808,1347,75900,55
1033,20180808,1348,75900,42
1034,20180808,1349,75900,20
1035,20180808,1350,75900,404
1036,20180808,1351,75700,30
1037,20180808,1352,75700,44
1038,20180808,1353,75700,183
1039,20180808,1354,75700,123
1040,20180808,1355,75700,250
1041,20180808,1356,75800,104
1042,20180808,1357,75800,40
1043,20180808,1358,75800,71
1044,20180808,1400,75800,264
1045,20180808,1401,75800,29
1046,20180808,1402,75700,121
1047,20180808,1403,75700,638
1048,20180808,1404,75600,156
1049,20180808,1405,75600,203
1050,20180808,1406,75700,5
1051,20180808,1407,75600,156
1052,20180808,1408,75700,29
1053,20180808,1409,75600,22
1054,20180808,1410,75700,62
1055,20180808,1411,75600,251
1056,20180808,1412,75600,78
1057,20180808,1413,75600,39
1058,20180808,1414,75700,26
1059,20180808,1415,75600,527
1060,20180808,1416,75700,171
1061,20180808,1417,75700,84
1062,20180808,1418,75700,31
1063,20180808,1419,75700,26
1064,20180808,1420,75700,47
1065,20180808,1421,75700,67
1066,20180808,1423,75700,51
1067,20180808,1424,75700,30
1068,20180808,1426,75600,122
1069,20180808,1427,75700,127
1070,20180808,1428,75700,46
1071,20180808,1429,75700,26
1072,20180808,1430,75700,113
1073,20180808,1431,75700,87
1074,20180808,1432,75700,88
1075,20180808,1433,75700,307
1076,20180808,1434,75700,67
1077,20180808,1436,75800,221
1078,20180808,1437,75800,29
1079,20180808,1438,75800,209
1080,20180808,1439,75800,25
1081,20180808,1440,75800,72
1082,20180808,1441,75700,1570
1083,20180808,1442,75600,91
1084,20180808,1443,75600,12
1085,20180808,1444,75600,113
1086,20180808,1445,75600,285
1087,20180808,1446,75600,217
1088,20180808,1447,75600,11
1089,20180808,1448,75700,52
1090,20180808,1449,75700,184
1091,20180808,1450,75700,1024
1092,20180808,1451,75700,1067
1093,20180808,1452,75800,6
1094,20180808,1453,75900,239
1095,20180808,1454,75800,8
1096,20180808,1455,75900,249
1097,20180808,1456,75800,447
1098,20180808,1457,75800,1119
1099,20180808,1458,75600,27
1100,20180808,1459,75500,135
1101,20180808,1500,75600,48
1102,20180808,1501,75700,234
1103,20180808,1502,75800,203
1104,20180808,1503,75900,234
1105,20180808,1504,75900,481
1106,20180808,1505,75900,345
1107,20180808,1506,75900,628
1108,20180808,1507,75900,807
1109,20180808,1508,75900,462
1110,20180808,1509,75800,261
1111,20180808,1510,75900,156
1112,20180808,1511,75900,469
1113,20180808,1512,75900,406
1114,20180808,1513,76000,144
1115,20180808,1514,76000,935
1116,20180808,1515,76000,1408
1117,20180808,1516,75900,556
1118,20180808,1517,76000,129
1119,20180808,1518,76000,253
1120,20180808,1519,76000,1310
1121,20180808,1520,76000,788
1122,20180808,1530,76100,4327
0,20180809,901,75800,232
1,20180809,902,75900,486
2,20180809,903,75800,58
3,20180809,904,75900,3
4,20180809,905,75800,397
5,20180809,906,75700,11
6,20180809,907,75600,49
7,20180809,908,75700,31
8,20180809,909,75700,400
9,20180809,910,75800,278
10,20180809,911,75900,64
11,20180809,913,75900,48
12,20180809,914,75800,125
13,20180809,915,75700,263
14,20180809,916,75600,103
15,20180809,917,75500,717
16,20180809,918,75500,70
17,20180809,919,75500,52
18,20180809,920,75700,57
19,20180809,921,75800,103
20,20180809,922,75900,120
21,20180809,923,76000,12
22,20180809,924,76000,27
23,20180809,925,75800,23
24,20180809,926,75800,65
25,20180809,927,75700,58
26,20180809,928,75600,292
27,20180809,929,75600,879
28,20180809,930,75600,10
29,20180809,931,75500,391
30,20180809,932,75700,60
31,20180809,933,75700,30
32,20180809,934,75800,752
33,20180809,935,75800,1348
34,20180809,936,75600,61
35,20180809,937,75700,4
36,20180809,938,75600,1418
37,20180809,939,75500,62
38,20180809,940,75400,52
39,20180809,941,75400,358
40,20180809,942,75400,251
41,20180809,943,75500,23
42,20180809,944,75500,102
43,20180809,945,75500,213
44,20180809,946,75500,102
45,20180809,948,75500,15
46,20180809,949,75500,66
47,20180809,950,75600,76
48,20180809,951,75600,246
49,20180809,952,75600,332
50,20180809,953,75600,23
51,20180809,954,75500,28
52,20180809,955,75500,274
53,20180809,956,75300,24
54,20180809,957,75300,30
55,20180809,958,75300,1882
56,20180809,959,75300,36
57,20180809,1000,75300,101
58,20180809,1001,75400,6
59,20180809,1002,75400,194
60,20180809,1003,75500,1
61,20180809,1004,75600,87
62,20180809,1005,75500,1
63,20180809,1006,75500,79
64,20180809,1007,75500,211
65,20180809,1008,75500,29
66,20180809,1009,75500,30
67,20180809,1010,75500,67
68,20180809,1011,75500,46
69,20180809,1012,75500,115
70,20180809,1013,75400,1
71,20180809,1014,75400,180
72,20180809,1015,75500,21
73,20180809,1016,75500,64
74,20180809,1017,75500,1
75,20180809,1018,75400,40
76,20180809,1019,75400,20
77,20180809,1020,75400,1
78,20180809,1021,75400,41
79,20180809,1022,75400,246
80,20180809,1023,75300,1
81,20180809,1025,75400,156
82,20180809,1026,75600,10
83,20180809,1028,75600,2
84,20180809,1029,75600,1
85,20180809,1030,75500,284
86,20180809,1031,75500,60
87,20180809,1032,75500,25
88,20180809,1033,75400,43
89,20180809,1034,75500,12
90,20180809,1035,75500,8
91,20180809,1036,75500,12
92,20180809,1037,75500,12
93,20180809,1038,75500,2
94,20180809,1039,75500,70
95,20180809,1040,75500,1
96,20180809,1041,75500,27
97,20180809,1042,75600,454
98,20180809,1044,75700,589
99,20180809,1045,75900,109
100,20180809,1046,75900,127
101,20180809,1047,75900,581
102,20180809,1048,76000,6
103,20180809,1049,76000,1
104,20180809,1050,76000,74
105,20180809,1051,76100,319
106,20180809,1052,76300,69
107,20180809,1053,76200,266
108,20180809,1054,76300,150
109,20180809,1055,76200,293
110,20180809,1056,76100,47
111,20180809,1057,76200,1
112,20180809,1058,76200,5
113,20180809,1059,76300,30
114,20180809,1100,76200,5
115,20180809,1101,76300,1622
116,20180809,1102,76500,411
117,20180809,1103,76600,52
118,20180809,1104,76600,238
119,20180809,1105,76700,452
120,20180809,1106,76600,431
121,20180809,1107,76500,143
122,20180809,1108,76600,135
123,20180809,1109,76500,147
124,20180809,1110,76700,26
125,20180809,1111,76600,31
126,20180809,1112,76600,569
127,20180809,1113,76500,7
128,20180809,1114,76400,10
129,20180809,1115,76500,511
130,20180809,1116,76400,1
131,20180809,1117,76300,216
132,20180809,1118,76400,22
133,20180809,1120,76400,163
134,20180809,1121,76300,43
135,20180809,1122,76300,246
136,20180809,1123,76200,261
137,20180809,1124,76200,34
138,20180809,1125,76200,29
139,20180809,1126,76100,824
140,20180809,1127,76100,255
141,20180809,1128,76100,26
142,20180809,1129,76000,40
143,20180809,1130,76000,3
144,20180809,1132,76100,1
145,20180809,1133,76100,37
146,20180809,1134,76100,43
147,20180809,1135,76000,16
148,20180809,1136,76100,6
149,20180809,1137,76100,1
150,20180809,1138,76100,4
151,20180809,1140,76100,747
152,20180809,1141,76300,600
153,20180809,1142,76400,4
154,20180809,1143,76400,54
155,20180809,1144,76500,47
156,20180809,1145,76400,2
157,20180809,1147,76400,172
158,20180809,1149,76400,1
159,20180809,1151,76500,118
160,20180809,1152,76500,81
161,20180809,1153,76500,2
162,20180809,1154,76500,261
163,20180809,1155,76600,199
164,20180809,1156,76600,2
165,20180809,1157,76500,453
166,20180809,1158,76400,1
167,20180809,1159,76400,2
168,20180809,1200,76300,51
169,20180809,1201,76400,21
170,20180809,1202,76400,5
171,20180809,1203,76400,81
172,20180809,1204,76300,39
173,20180809,1205,76300,242
174,20180809,1206,76300,1
175,20180809,1207,76200,78
176,20180809,1208,76300,30
177,20180809,1209,76200,1
178,20180809,1211,76200,10
179,20180809,1212,76200,1
180,20180809,1213,76200,18
181,20180809,1214,76300,2
182,20180809,1215,76300,5
183,20180809,1216,76400,43
184,20180809,1217,76400,3
185,20180809,1218,76400,119
186,20180809,1219,76200,22
187,20180809,1220,76300,1
188,20180809,1222,76300,1
189,20180809,1223,76300,2
190,20180809,1224,76300,1
191,20180809,1225,76300,5
192,20180809,1226,76300,153
193,20180809,1227,76300,6
194,20180809,1228,76400,1
195,20180809,1229,76300,18
196,20180809,1230,76300,73
197,20180809,1232,76200,1
198,20180809,1234,76200,21
199,20180809,1235,76200,1
200,20180809,1236,76300,39
201,20180809,1237,76200,11
202,20180809,1239,76300,112
203,20180809,1240,76300,249
204,20180809,1241,76300,123
205,20180809,1242,76200,36
206,20180809,1244,76200,87
207,20180809,1246,76200,4
208,20180809,1247,76200,128
209,20180809,1249,76100,1
210,20180809,1250,76200,2
211,20180809,1251,76200,67
212,20180809,1252,76200,1
213,20180809,1254,76200,1
214,20180809,1256,76200,103
215,20180809,1257,76300,1
216,20180809,1258,76200,45
217,20180809,1259,76200,184
218,20180809,1300,76100,1
219,20180809,1301,76100,1
220,20180809,1302,76100,3
221,20180809,1303,76200,19
222,20180809,1304,76100,4
223,20180809,1306,76100,3
224,20180809,1307,76100,21
225,20180809,1308,76200,2
226,20180809,1309,76100,1
227,20180809,1311,76100,109
228,20180809,1312,76100,243
229,20180809,1313,76100,1
230,20180809,1314,76100,1
231,20180809,1315,76100,3
232,20180809,1316,76100,1
233,20180809,1317,76100,21
234,20180809,1318,76100,4
235,20180809,1319,76100,1
236,20180809,1320,76100,443
237,20180809,1321,76000,2
238,20180809,1323,76000,55
239,20180809,1324,76000,201
240,20180809,1325,76000,26
241,20180809,1326,76100,44
242,20180809,1327,76100,31
243,20180809,1329,76200,121
244,20180809,1330,76100,110
245,20180809,1331,76200,144
246,20180809,1332,76000,257
247,20180809,1334,76000,2
248,20180809,1335,75900,312
249,20180809,1336,75900,44
250,20180809,1337,75900,350
251,20180809,1339,76100,3
252,20180809,1341,76100,8
253,20180809,1342,76100,25
254,20180809,1343,76100,11
255,20180809,1344,76100,28
256,20180809,1345,76100,36
257,20180809,1346,76100,32
258,20180809,1347,76200,86
259,20180809,1348,76100,76
260,20180809,1349,76100,84
261,20180809,1350,76100,105
262,20180809,1351,76000,323
263,20180809,1352,76000,173
264,20180809,1353,76000,58
265,20180809,1354,75900,50
266,20180809,1355,75900,59
267,20180809,1356,76000,46
268,20180809,1357,75900,44
269,20180809,1358,76000,62
270,20180809,1359,75900,46
271,20180809,1400,76000,41
272,20180809,1401,75900,536
273,20180809,1402,76000,41
274,20180809,1403,75900,18
275,20180809,1404,75900,16
276,20180809,1405,76000,30
277,20180809,1406,75900,25
278,20180809,1407,76000,33
279,20180809,1408,76000,118
280,20180809,1409,76000,63
281,20180809,1410,75900,367
282,20180809,1411,76000,347
283,20180809,1412,76200,66
284,20180809,1413,76200,427
285,20180809,1414,76200,149
286,20180809,1415,76300,58
287,20180809,1416,76300,84
288,20180809,1417,76300,73
289,20180809,1418,76200,117
290,20180809,1419,76300,154
291,20180809,1420,76400,372
292,20180809,1421,76400,143
293,20180809,1422,76400,381
294,20180809,1423,76400,64
295,20180809,1424,76400,34
296,20180809,1425,76400,55
297,20180809,1426,76400,38
298,20180809,1427,76400,127
299,20180809,1428,76400,139
300,20180809,1429,76500,104
301,20180809,1430,76400,41
302,20180809,1431,76500,203
303,20180809,1432,76500,659
304,20180809,1433,76100,190
305,20180809,1434,76200,105
306,20180809,1435,76200,8
307,20180809,1436,76300,155
308,20180809,1437,76300,21
309,20180809,1438,76300,203
310,20180809,1439,76300,290
311,20180809,1440,76200,103
312,20180809,1441,76400,38
313,20180809,1442,76400,35
314,20180809,1443,76400,174
315,20180809,1444,76400,171
316,20180809,1445,76400,181
317,20180809,1446,76500,259
318,20180809,1447,76400,41
319,20180809,1448,76500,83
320,20180809,1449,76400,110
321,20180809,1450,76500,99
322,20180809,1451,76500,602
323,20180809,1452,76600,451
324,20180809,1453,76400,266
325,20180809,1454,76500,148
326,20180809,1455,76500,160
327,20180809,1456,76500,121
328,20180809,1457,76500,189
329,20180809,1458,76600,46
330,20180809,1459,76600,852
331,20180809,1500,76700,115
332,20180809,1501,76700,101
333,20180809,1502,76700,505
334,20180809,1503,76700,1075
335,20180809,1504,76700,356
336,20180809,1505,76800,575
337,20180809,1506,76700,159
338,20180809,1507,76700,200
339,20180809,1508,76700,294
340,20180809,1509,76800,222
341,20180809,1510,76700,317
342,20180809,1511,76700,359
343,20180809,1512,76800,547
344,20180809,1513,76700,221
345,20180809,1514,76800,1986
346,20180809,1515,76700,662
347,20180809,1516,76600,31
348,20180809,1517,76500,412
349,20180809,1518,76500,27
350,20180809,1519,76500,141
351,20180809,1520,76500,208
352,20180809,1530,76800,11008
353,20180810,901,77100,1309
354,20180810,902,76900,334
355,20180810,903,76600,374
356,20180810,904,76300,19
357,20180810,905,76300,141
358,20180810,906,76300,201
359,20180810,907,76300,414
360,20180810,908,76200,92
361,20180810,909,76200,172
362,20180810,910,76300,172
363,20180810,911,76300,411
364,20180810,912,77000,108
365,20180810,913,76800,86
366,20180810,914,76900,154
367,20180810,915,76900,266
368,20180810,916,77100,164
369,20180810,917,77000,14
370,20180810,918,77000,111
371,20180810,919,76900,11
372,20180810,920,76900,528
373,20180810,921,76900,64
374,20180810,922,76800,270
375,20180810,923,76900,118
376,20180810,924,76900,568
377,20180810,925,76900,226
378,20180810,926,76900,271
379,20180810,927,76800,109
380,20180810,928,77000,162
381,20180810,929,77000,50
382,20180810,930,77100,642
383,20180810,931,77100,1457
384,20180810,932,77300,58
385,20180810,933,77300,80
386,20180810,934,77300,1410
387,20180810,935,77400,45
388,20180810,936,77400,234
389,20180810,937,77400,117
390,20180810,938,77400,333
391,20180810,939,77300,543
392,20180810,940,77400,34
393,20180810,941,77300,75
394,20180810,942,77300,102
395,20180810,943,77400,69
396,20180810,944,77400,133
397,20180810,945,77400,79
398,20180810,946,77300,179
399,20180810,947,77400,51
400,20180810,948,77400,61
401,20180810,949,77400,194
402,20180810,950,77400,48
403,20180810,951,77400,54
404,20180810,952,77400,16
405,20180810,953,77400,128
406,20180810,954,77300,12
407,20180810,955,77300,41
408,20180810,956,77300,325
409,20180810,957,77400,6
410,20180810,958,77400,665
411,20180810,959,77300,42
412,20180810,1000,77200,182
413,20180810,1001,77200,12
414,20180810,1002,77200,40
415,20180810,1003,77200,82
416,20180810,1004,77200,38
417,20180810,1005,77200,28
418,20180810,1006,77200,103
419,20180810,1007,77200,30
420,20180810,1008,77200,54
421,20180810,1009,77100,80
422,20180810,1010,77200,631
423,20180810,1011,77100,72
424,20180810,1012,77000,44
425,20180810,1013,77100,185
426,20180810,1014,77000,170
427,20180810,1015,76900,830
428,20180810,1016,76800,16
429,20180810,1017,76700,877
430,20180810,1018,76500,49
431,20180810,1019,76600,550
432,20180810,1020,76500,19
433,20180810,1021,76400,553
434,20180810,1022,76400,306
435,20180810,1023,76400,23
436,20180810,1024,76300,280
437,20180810,1025,76300,248
438,20180810,1026,76300,126
439,20180810,1027,76300,708
440,20180810,1028,76600,420
441,20180810,1029,76700,250
442,20180810,1030,76800,100
443,20180810,1031,76800,56
444,20180810,1032,76800,27
445,20180810,1033,76800,299
446,20180810,1034,77000,339
447,20180810,1035,77100,23
448,20180810,1036,77200,18
449,20180810,1037,77200,448
450,20180810,1038,77300,686
451,20180810,1039,77200,428
452,20180810,1040,77200,70
453,20180810,1041,77000,18
454,20180810,1042,77000,118
455,20180810,1043,76900,37
456,20180810,1044,76800,15
457,20180810,1045,76900,40
458,20180810,1046,76900,72
459,20180810,1047,76900,2
460,20180810,1048,76900,30
461,20180810,1049,76900,20
462,20180810,1050,76900,199
463,20180810,1051,77000,165
464,20180810,1052,77100,376
465,20180810,1053,77200,760
466,20180810,1054,77300,25
467,20180810,1055,77300,98
468,20180810,1056,77300,22
469,20180810,1057,77300,22
470,20180810,1058,77200,83
471,20180810,1059,77300,31
472,20180810,1100,77300,20
473,20180810,1101,77300,36
474,20180810,1102,77200,347
475,20180810,1103,77300,1239
476,20180810,1104,77400,28
477,20180810,1105,77400,21
478,20180810,1106,77400,248
479,20180810,1107,77300,127
480,20180810,1108,77400,520
481,20180810,1109,77400,74
482,20180810,1110,77400,89
483,20180810,1111,77400,24
484,20180810,1112,77400,24
485,20180810,1113,77300,84
486,20180810,1114,77400,42
487,20180810,1115,77400,26
488,20180810,1116,77400,35
489,20180810,1117,77400,29
490,20180810,1118,77400,54
491,20180810,1119,77300,30
492,20180810,1120,77400,38
493,20180810,1121,77400,74
494,20180810,1122,77400,396
495,20180810,1123,77400,27
496,20180810,1124,77400,23
497,20180810,1125,77400,39
498,20180810,1126,77400,45
499,20180810,1127,77300,802
500,20180810,1128,77300,17
501,20180810,1129,77300,9
502,20180810,1130,77300,38
503,20180810,1131,77300,26
504,20180810,1132,77200,12
505,20180810,1133,77200,23
506,20180810,1134,77200,709
507,20180810,1135,77200,354
508,20180810,1136,77100,70
509,20180810,1137,77100,95
510,20180810,1138,77000,456
511,20180810,1139,77000,48
512,20180810,1140,77000,18
513,20180810,1141,77000,50
514,20180810,1142,77000,17
515,20180810,1143,77000,6
516,20180810,1144,77000,16
517,20180810,1145,77000,22
518,20180810,1146,77000,135
519,20180810,1147,77000,17
520,20180810,1148,77000,32
521,20180810,1149,76900,275
522,20180810,1150,77000,27
523,20180810,1151,76900,20
524,20180810,1152,77000,12
525,20180810,1153,77000,18
526,20180810,1154,77000,5
527,20180810,1155,77000,8
528,20180810,1156,77000,16
529,20180810,1157,76900,24
530,20180810,1158,77000,14
531,20180810,1159,77000,10
532,20180810,1200,77000,8
533,20180810,1201,77000,31
534,20180810,1202,77000,318
535,20180810,1203,76900,26
536,20180810,1204,77000,320
537,20180810,1205,76900,9
538,20180810,1206,76900,27
539,20180810,1207,76900,18
540,20180810,1208,76900,25
541,20180810,1209,76900,8
542,20180810,1210,76800,119
543,20180810,1211,76900,1115
544,20180810,1212,76800,174
545,20180810,1213,76900,13
546,20180810,1214,76900,108
547,20180810,1215,76800,35
548,20180810,1216,76900,2
549,20180810,1217,76900,35
550,20180810,1218,76900,4
551,20180810,1219,76900,24
552,20180810,1220,76900,48
553,20180810,1221,76900,5
554,20180810,1222,76900,34
555,20180810,1224,76900,23
556,20180810,1225,76900,279
557,20180810,1226,76900,197
558,20180810,1227,76800,145
559,20180810,1228,76900,13
560,20180810,1229,76900,18
561,20180810,1230,76900,9
562,20180810,1231,76900,13
563,20180810,1232,76900,9
564,20180810,1233,76900,23
565,20180810,1234,76900,10
566,20180810,1235,76900,23
567,20180810,1236,76900,23
568,20180810,1237,76900,34
569,20180810,1238,76900,153
570,20180810,1239,76900,21
571,20180810,1240,76900,13
572,20180810,1241,76900,52
573,20180810,1242,76900,295
574,20180810,1243,76900,9
575,20180810,1244,76900,443
576,20180810,1245,76900,158
577,20180810,1246,76900,53
578,20180810,1247,77000,28
579,20180810,1248,77000,11
580,20180810,1249,77000,43
581,20180810,1250,77000,27
582,20180810,1251,77000,85
583,20180810,1252,76900,316
584,20180810,1253,77000,437
585,20180810,1254,76900,44
586,20180810,1255,76900,28
587,20180810,1256,76900,28
588,20180810,1257,76900,17
589,20180810,1258,76900,7
590,20180810,1259,76800,137
591,20180810,1300,76900,12
592,20180810,1301,76900,29
593,20180810,1302,76900,20
594,20180810,1303,76900,2
595,20180810,1304,76900,24
596,20180810,1305,76900,29
597,20180810,1306,76900,498
598,20180810,1307,76800,27
599,20180810,1308,76800,59
600,20180810,1309,76800,29
601,20180810,1310,76800,21
602,20180810,1311,76800,29
603,20180810,1312,76800,24
604,20180810,1313,76800,131
605,20180810,1314,76800,24
606,20180810,1315,76800,18
607,20180810,1316,76800,161
608,20180810,1317,76800,36
609,20180810,1318,76800,18
610,20180810,1319,76800,330
611,20180810,1320,76800,14
612,20180810,1321,76800,24
613,20180810,1322,76800,42
614,20180810,1323,76800,30
615,20180810,1324,76700,35
616,20180810,1325,76700,21
617,20180810,1326,76800,29
618,20180810,1327,76800,18
619,20180810,1328,76800,43
620,20180810,1329,76800,241
621,20180810,1330,76800,200
622,20180810,1331,77000,103
623,20180810,1332,77000,126
624,20180810,1333,77000,125
625,20180810,1334,77000,144
626,20180810,1335,77000,223
627,20180810,1336,77100,217
628,20180810,1337,77200,6
629,20180810,1338,77100,226
630,20180810,1339,77000,31
631,20180810,1340,77000,53
632,20180810,1341,77100,84
633,20180810,1342,77000,26
634,20180810,1343,77100,35
635,20180810,1344,77100,19
636,20180810,1345,77100,24
637,20180810,1346,77000,66
638,20180810,1347,77000,22
639,20180810,1348,77100,191
640,20180810,1349,77100,17
641,20180810,1350,77000,19
642,20180810,1351,77000,18
643,20180810,1352,77000,18
644,20180810,1353,77000,120
645,20180810,1354,77000,56
646,20180810,1355,77000,13
647,20180810,1356,77000,264
648,20180810,1357,77000,14
649,20180810,1358,77000,65
650,20180810,1359,77000,66
651,20180810,1400,76900,488
652,20180810,1401,77000,182
653,20180810,1402,76900,15
654,20180810,1403,76900,42
655,20180810,1404,76900,26
656,20180810,1405,76900,13
657,20180810,1406,76900,122
658,20180810,1407,76900,20
659,20180810,1408,76900,29
660,20180810,1409,76900,10
661,20180810,1410,76900,40
662,20180810,1411,76900,30
663,20180810,1412,76900,112
664,20180810,1413,76800,203
665,20180810,1414,76900,39
666,20180810,1415,76900,59
667,20180810,1416,76900,18
668,20180810,1417,76900,1964
669,20180810,1418,76700,36
670,20180810,1419,76600,2044
671,20180810,1420,76500,715
672,20180810,1421,76400,1268
673,20180810,1422,76400,63
674,20180810,1423,76400,67
675,20180810,1424,76400,1364
676,20180810,1425,76300,168
677,20180810,1426,76200,87
678,20180810,1427,76200,1963
679,20180810,1428,76200,735
680,20180810,1429,76200,190
681,20180810,1430,76200,350
682,20180810,1431,76100,17
683,20180810,1432,76200,22
684,20180810,1433,76200,225
685,20180810,1434,76200,124
686,20180810,1435,76300,137
687,20180810,1436,76300,163
688,20180810,1437,76300,238
689,20180810,1438,76400,38
690,20180810,1439,76400,37
691,20180810,1440,76400,103
692,20180810,1441,76400,403
693,20180810,1442,76600,26
694,20180810,1443,76600,22
695,20180810,1444,76600,596
696,20180810,1445,76700,57
697,20180810,1446,76700,301
698,20180810,1447,76800,94
699,20180810,1448,76800,56
700,20180810,1449,76800,332
701,20180810,1450,76800,60
702,20180810,1451,76700,375
703,20180810,1452,76800,602
704,20180810,1453,77000,49
705,20180810,1454,77000,258
706,20180810,1455,77000,613
707,20180810,1456,77100,823
708,20180810,1457,77100,104
709,20180810,1458,77100,355
710,20180810,1459,76700,26
711,20180810,1500,76800,13
712,20180810,1501,76800,133
713,20180810,1502,77000,156
714,20180810,1504,77100,416
715,20180810,1505,77100,3
716,20180810,1506,77100,42
717,20180810,1507,77100,50
718,20180810,1508,77100,83
719,20180810,1509,77100,83
720,20180810,1510,77100,94
721,20180810,1511,77100,108
722,20180810,1512,77100,168
723,20180810,1513,77100,209
724,20180810,1514,77100,284
725,20180810,1515,77200,116
726,20180810,1516,77200,918
727,20180810,1517,77300,607
728,20180810,1518,77300,381
729,20180810,1519,77200,98
730,20180810,1520,77200,133
731,20180810,1530,77200,4473
0,20180813,901,76300,274
1,20180813,902,76300,556
2,20180813,903,76100,1107
3,20180813,904,76000,2307
4,20180813,905,74900,1440
5,20180813,906,75300,615
6,20180813,907,75200,630
7,20180813,908,75100,757
8,20180813,909,75000,737
9,20180813,910,74800,1678
10,20180813,911,74500,778
11,20180813,912,74900,881
12,20180813,913,75000,1105
13,20180813,914,75000,731
14,20180813,915,75000,1580
15,20180813,916,74800,318
16,20180813,917,74900,96
17,20180813,918,74900,578
18,20180813,919,75100,264
19,20180813,920,75000,221
20,20180813,921,75000,226
21,20180813,922,75000,92
22,20180813,923,74900,703
23,20180813,924,74900,926
24,20180813,925,75500,222
25,20180813,926,75200,130
26,20180813,927,75200,80
27,20180813,928,75200,157
28,20180813,929,75100,111
29,20180813,930,75100,439
30,20180813,931,75000,159
31,20180813,932,74900,17
32,20180813,933,75000,1233
33,20180813,934,75300,684
34,20180813,935,75400,455
35,20180813,936,75400,115
36,20180813,937,75400,136
37,20180813,938,75500,71
38,20180813,939,75500,787
39,20180813,940,75500,1385
40,20180813,941,75400,192
41,20180813,942,75300,198
42,20180813,943,75300,100
43,20180813,944,75200,351
44,20180813,945,75100,135
45,20180813,946,75200,293
46,20180813,947,75100,109
47,20180813,948,75100,117
48,20180813,949,75100,483
49,20180813,950,74900,1210
50,20180813,951,74700,195
51,20180813,952,74700,349
52,20180813,953,74700,706
53,20180813,954,74900,77
54,20180813,955,74800,136
55,20180813,956,74800,62
56,20180813,957,74700,182
57,20180813,958,74700,74
58,20180813,959,74700,76
59,20180813,1000,74700,217
60,20180813,1001,74800,228
61,20180813,1002,74800,67
62,20180813,1003,74700,456
63,20180813,1004,74800,153
64,20180813,1005,74700,29
65,20180813,1006,74600,258
66,20180813,1007,74700,586
67,20180813,1008,74600,431
68,20180813,1009,74700,120
69,20180813,1010,74700,144
70,20180813,1011,74600,2556
71,20180813,1012,74600,175
72,20180813,1013,74500,142
73,20180813,1014,74600,273
74,20180813,1015,74500,1922
75,20180813,1016,74400,315
76,20180813,1017,74400,173
77,20180813,1018,74500,1766
78,20180813,1019,74400,1020
79,20180813,1020,74300,963
80,20180813,1021,74200,597
81,20180813,1022,74000,1963
82,20180813,1023,73800,1621
83,20180813,1024,73700,537
84,20180813,1025,73600,1936
85,20180813,1026,73800,415
86,20180813,1027,73700,215
87,20180813,1028,73800,585
88,20180813,1029,73600,338
89,20180813,1030,73600,655
90,20180813,1031,73500,122
91,20180813,1032,73500,935
92,20180813,1033,73500,2269
93,20180813,1034,73700,348
94,20180813,1035,73700,57
95,20180813,1036,73700,956
96,20180813,1037,73500,124
97,20180813,1038,73500,1146
98,20180813,1039,73700,325
99,20180813,1040,73800,315
100,20180813,1041,73800,976
101,20180813,1042,73900,1131
102,20180813,1043,73900,1031
103,20180813,1044,74100,41
104,20180813,1045,74200,415
105,20180813,1046,74000,152
106,20180813,1047,74000,212
107,20180813,1048,73900,214
108,20180813,1049,73900,236
109,20180813,1050,73900,41
110,20180813,1051,73900,331
111,20180813,1052,73900,110
112,20180813,1053,73800,355
113,20180813,1054,73800,96
114,20180813,1055,73700,98
115,20180813,1056,73700,42
116,20180813,1057,73700,85
117,20180813,1058,73700,501
118,20180813,1059,73600,209
119,20180813,1100,73600,101
120,20180813,1101,73600,259
121,20180813,1102,73500,944
122,20180813,1103,73400,91
123,20180813,1104,73500,640
124,20180813,1105,73400,57
125,20180813,1106,73400,117
126,20180813,1107,73400,250
127,20180813,1108,73400,246
128,20180813,1109,73400,1469
129,20180813,1110,73100,715
130,20180813,1111,73100,138
131,20180813,1112,73200,534
132,20180813,1113,73200,31
133,20180813,1114,73200,318
134,20180813,1115,73200,4501
135,20180813,1116,73500,531
136,20180813,1117,73700,232
137,20180813,1118,73900,199
138,20180813,1119,73900,122
139,20180813,1120,73900,328
140,20180813,1121,74000,428
141,20180813,1122,74100,247
142,20180813,1123,74200,924
143,20180813,1124,74000,163
144,20180813,1125,74000,72
145,20180813,1126,73900,273
146,20180813,1127,74000,111
147,20180813,1128,74000,18
148,20180813,1129,74000,119
149,20180813,1130,74000,111
150,20180813,1131,73900,17
151,20180813,1132,73900,304
152,20180813,1133,73700,1310
153,20180813,1134,73500,2380
154,20180813,1135,73200,3273
155,20180813,1136,73100,1002
156,20180813,1137,73300,66
157,20180813,1138,73300,52
158,20180813,1139,73300,255
159,20180813,1140,73300,225
160,20180813,1141,73300,87
161,20180813,1142,73300,146
162,20180813,1143,73200,92
163,20180813,1144,73300,830
164,20180813,1145,73200,112
165,20180813,1146,73200,127
166,20180813,1147,73200,297
167,20180813,1148,73200,54
168,20180813,1149,73200,61
169,20180813,1150,73200,181
170,20180813,1151,73200,142
171,20180813,1152,73200,386
172,20180813,1153,73200,460
173,20180813,1154,73300,58
174,20180813,1155,73300,138
175,20180813,1156,73300,68
176,20180813,1157,73200,82
177,20180813,1158,73300,80
178,20180813,1159,73300,155
179,20180813,1200,73300,12
180,20180813,1201,73200,156
181,20180813,1202,73300,151
182,20180813,1203,73100,367
183,20180813,1204,73200,222
184,20180813,1205,73200,98
185,20180813,1206,73200,554
186,20180813,1207,73400,71
187,20180813,1208,73300,56
188,20180813,1209,73300,92
189,20180813,1210,73400,60
190,20180813,1211,73400,72
191,20180813,1212,73300,72
192,20180813,1213,73300,180
193,20180813,1214,73400,63
194,20180813,1215,73400,19
195,20180813,1216,73300,75
196,20180813,1217,73300,321
197,20180813,1218,73400,9
198,20180813,1219,73400,70
199,20180813,1220,73400,74
200,20180813,1221,73400,11
201,20180813,1222,73300,90
202,20180813,1223,73400,63
203,20180813,1224,73400,181
204,20180813,1225,73400,71
205,20180813,1226,73300,56
206,20180813,1227,73400,60
207,20180813,1228,73300,54
208,20180813,1229,73400,52
209,20180813,1230,73400,33
210,20180813,1231,73400,675
211,20180813,1232,73400,278
212,20180813,1233,73700,272
213,20180813,1234,73700,266
214,20180813,1235,73600,129
215,20180813,1236,73800,66
216,20180813,1237,73800,91
217,20180813,1238,73800,52
218,20180813,1239,73800,12
219,20180813,1240,73800,59
220,20180813,1241,73800,397
221,20180813,1242,73800,323
222,20180813,1243,73900,40
223,20180813,1244,73800,172
224,20180813,1245,73700,13
225,20180813,1246,73700,87
226,20180813,1247,73600,69
227,20180813,1248,73700,646
228,20180813,1249,73500,65
229,20180813,1250,73500,59
230,20180813,1251,73500,43
231,20180813,1252,73500,97
232,20180813,1253,73400,293
233,20180813,1254,73600,24
234,20180813,1255,73600,98
235,20180813,1256,73600,180
236,20180813,1257,73600,20
237,20180813,1258,73600,148
238,20180813,1259,73500,5
239,20180813,1300,73400,62
240,20180813,1301,73500,57
241,20180813,1302,73500,4
242,20180813,1303,73400,163
243,20180813,1304,73400,133
244,20180813,1305,73400,29
245,20180813,1306,73300,101
246,20180813,1307,73400,263
247,20180813,1308,73400,73
248,20180813,1309,73300,116
249,20180813,1310,73400,296
250,20180813,1311,73500,61
251,20180813,1312,73400,273
252,20180813,1313,73600,554
253,20180813,1314,73500,61
254,20180813,1315,73400,51
255,20180813,1316,73500,107
256,20180813,1317,73500,121
257,20180813,1318,73500,128
258,20180813,1319,73700,303
259,20180813,1320,73600,17
260,20180813,1321,73600,56
261,20180813,1322,73600,56
262,20180813,1323,73600,9
263,20180813,1324,73600,508
264,20180813,1325,73400,56
265,20180813,1326,73400,20
266,20180813,1327,73300,60
267,20180813,1328,73400,63
268,20180813,1329,73300,551
269,20180813,1330,73300,65
270,20180813,1331,73400,1178
271,20180813,1332,73600,8
272,20180813,1333,73700,59
273,20180813,1334,73600,390
274,20180813,1335,73600,113
275,20180813,1336,73500,103
276,20180813,1337,73500,53
277,20180813,1338,73500,6
278,20180813,1339,73500,80
279,20180813,1340,73500,54
280,20180813,1341,73400,202
281,20180813,1342,73400,118
282,20180813,1343,73300,53
283,20180813,1344,73400,1403
284,20180813,1345,73200,550
285,20180813,1346,73400,303
286,20180813,1347,73400,70
287,20180813,1348,73500,1059
288,20180813,1349,73500,212
289,20180813,1350,73500,106
290,20180813,1351,73600,54
291,20180813,1352,73600,1331
292,20180813,1353,73500,297
293,20180813,1354,73500,817
294,20180813,1355,73600,57
295,20180813,1356,73600,6
296,20180813,1357,73600,83
297,20180813,1358,73600,158
298,20180813,1359,73500,16
299,20180813,1400,73600,604
300,20180813,1401,73600,33
301,20180813,1402,73600,54
302,20180813,1403,73700,56
303,20180813,1404,73700,243
304,20180813,1405,73700,67
305,20180813,1406,73800,55
306,20180813,1407,73700,24
307,20180813,1408,73700,219
308,20180813,1409,73900,86
309,20180813,1410,73900,404
310,20180813,1411,73900,184
311,20180813,1412,73900,1785
312,20180813,1413,73900,239
313,20180813,1414,73900,468
314,20180813,1415,73700,424
315,20180813,1416,73400,371
316,20180813,1417,73800,282
317,20180813,1418,73900,65
318,20180813,1419,73800,579
319,20180813,1420,73800,120
320,20180813,1421,73900,190
321,20180813,1422,73900,720
322,20180813,1423,73800,82
323,20180813,1424,73900,141
324,20180813,1425,73900,221
325,20180813,1426,73900,51
326,20180813,1427,74000,173
327,20180813,1428,73900,277
328,20180813,1429,73900,105
329,20180813,1430,73800,144
330,20180813,1431,73800,47
331,20180813,1432,73800,182
332,20180813,1433,73700,264
333,20180813,1434,73800,954
334,20180813,1435,73800,58
335,20180813,1436,73900,72
336,20180813,1437,73900,5
337,20180813,1438,73900,426
338,20180813,1439,74000,274
339,20180813,1440,73900,149
340,20180813,1441,74000,124
341,20180813,1442,74000,344
342,20180813,1443,73900,455
343,20180813,1444,74000,230
344,20180813,1445,74000,158
345,20180813,1446,74000,126
346,20180813,1447,74000,1130
347,20180813,1448,74000,164
348,20180813,1449,74000,23
349,20180813,1450,74000,2507
350,20180813,1451,74300,1771
351,20180813,1452,74200,2
352,20180813,1453,74100,57
353,20180813,1454,74200,54
354,20180813,1455,74200,472
355,20180813,1456,74100,235
356,20180813,1457,74200,370
357,20180813,1458,74200,209
358,20180813,1459,74300,282
359,20180813,1500,74300,15
360,20180813,1501,74200,259
361,20180813,1502,74200,164
362,20180813,1503,74100,481
363,20180813,1504,74000,229
364,20180813,1505,74000,308
365,20180813,1506,74200,204
366,20180813,1507,74300,72
367,20180813,1508,74300,28
368,20180813,1509,74300,680
369,20180813,1510,74400,108
370,20180813,1511,74300,199
371,20180813,1512,74400,184
372,20180813,1513,74400,493
373,20180813,1514,74300,62
374,20180813,1515,74400,131
375,20180813,1516,74400,892
376,20180813,1517,74200,515
377,20180813,1518,74300,830
378,20180813,1519,74000,1808
379,20180813,1520,74100,430
380,20180813,1530,74000,4713
381,20180814,901,73000,740
382,20180814,902,73500,194
383,20180814,903,73800,316
384,20180814,904,74000,569
385,20180814,905,74100,362
386,20180814,906,74000,145
387,20180814,907,74000,37
388,20180814,908,74000,234
389,20180814,909,74100,162
390,20180814,910,74200,314
391,20180814,911,74100,645
392,20180814,912,74500,1680
393,20180814,913,75100,474
394,20180814,915,74900,466
395,20180814,916,74800,150
396,20180814,917,75000,175
397,20180814,918,74900,14
398,20180814,919,75000,40
399,20180814,920,75000,221
400,20180814,921,74900,2514
401,20180814,922,75700,990
402,20180814,923,76000,243
403,20180814,924,76000,1090
404,20180814,925,75600,603
405,20180814,926,75500,7
406,20180814,927,75500,40
407,20180814,928,75500,223
408,20180814,929,75400,42
409,20180814,930,75400,5
410,20180814,931,75300,51
411,20180814,932,75300,262
412,20180814,933,75400,26
413,20180814,934,75300,51
414,20180814,935,75300,27
415,20180814,936,75300,8
416,20180814,937,75400,7
417,20180814,938,75300,35
418,20180814,939,75300,1086
419,20180814,940,75100,20
420,20180814,941,75200,7
421,20180814,942,75200,1068
422,20180814,943,75500,659
423,20180814,944,75500,35
424,20180814,945,75600,160
425,20180814,946,75600,521
426,20180814,947,75500,267
427,20180814,949,75400,15
428,20180814,950,75400,43
429,20180814,951,75400,352
430,20180814,952,75500,116
431,20180814,953,75500,44
432,20180814,954,75400,25
433,20180814,955,75500,45
434,20180814,956,75500,13
435,20180814,957,75500,3
436,20180814,958,75400,533
437,20180814,959,75300,13
438,20180814,1000,75400,50
439,20180814,1001,75300,208
440,20180814,1002,75300,8
441,20180814,1004,75300,3
442,20180814,1005,75200,20
443,20180814,1007,75300,4
444,20180814,1008,75300,5
445,20180814,1009,75300,40
446,20180814,1010,75200,55
447,20180814,1011,75200,36
448,20180814,1012,75200,2
449,20180814,1013,75200,341
450,20180814,1014,75100,137
451,20180814,1015,75100,154
452,20180814,1016,75100,29
453,20180814,1017,75100,191
454,20180814,1018,75100,38
455,20180814,1019,75000,213
456,20180814,1020,75000,18
457,20180814,1021,75000,68
458,20180814,1022,75000,52
459,20180814,1023,75100,562
460,20180814,1024,75000,125
461,20180814,1025,75100,9
462,20180814,1026,75100,35
463,20180814,1027,75100,14
464,20180814,1028,75000,25
465,20180814,1029,75100,77
466,20180814,1030,75100,99
467,20180814,1031,75000,198
468,20180814,1032,75100,8
469,20180814,1033,75000,47
470,20180814,1034,75000,16
471,20180814,1035,75000,45
472,20180814,1036,75100,42
473,20180814,1037,75100,165
474,20180814,1038,75200,7
475,20180814,1039,75100,62
476,20180814,1040,75200,1
477,20180814,1041,75200,39
478,20180814,1042,75100,703
479,20180814,1043,75100,20
480,20180814,1044,75200,6
481,20180814,1045,75200,27
482,20180814,1046,75200,30
483,20180814,1047,75100,12
484,20180814,1048,75200,19
485,20180814,1049,75100,106
486,20180814,1050,75100,31
487,20180814,1051,75200,7
488,20180814,1052,75200,9
489,20180814,1053,75200,43
490,20180814,1054,75200,478
491,20180814,1055,75300,165
492,20180814,1056,75300,107
493,20180814,1057,75300,55
494,20180814,1058,75300,63
495,20180814,1059,75200,17
496,20180814,1100,75300,53
497,20180814,1101,75200,583
498,20180814,1102,75200,6
499,20180814,1103,75200,10
500,20180814,1104,75200,9
501,20180814,1105,75200,22
502,20180814,1106,75200,18
503,20180814,1107,75100,5
504,20180814,1108,75100,69
505,20180814,1109,75100,89
506,20180814,1110,75200,19
507,20180814,1111,75200,4
508,20180814,1112,75200,27
509,20180814,1113,75200,396
510,20180814,1114,75200,28
511,20180814,1115,75100,589
512,20180814,1116,75200,51
513,20180814,1117,75100,222
514,20180814,1118,75200,11
515,20180814,1119,75200,1019
516,20180814,1120,75100,158
517,20180814,1121,75200,512
518,20180814,1122,75000,361
519,20180814,1123,75100,108
520,20180814,1124,75000,95
521,20180814,1125,75000,489
522,20180814,1126,74900,52
523,20180814,1127,74800,35
524,20180814,1128,74900,10
525,20180814,1129,74900,420
526,20180814,1130,74900,10
527,20180814,1131,74900,89
528,20180814,1132,74900,65
529,20180814,1133,74900,68
530,20180814,1134,75000,109
531,20180814,1135,75000,126
532,20180814,1136,75000,2
533,20180814,1137,75000,157
534,20180814,1138,75200,15
535,20180814,1139,75100,24
536,20180814,1140,75200,9
537,20180814,1141,75200,166
538,20180814,1142,75200,33
539,20180814,1143,75200,24
540,20180814,1144,75200,46
541,20180814,1145,75200,14
542,20180814,1146,75200,67
543,20180814,1147,75200,21
544,20180814,1148,75200,47
545,20180814,1149,75200,8
546,20180814,1150,75100,31
547,20180814,1151,75200,14
548,20180814,1152,75200,14
549,20180814,1153,75200,35
550,20180814,1154,75100,70
551,20180814,1155,75100,375
552,20180814,1156,75100,6
553,20180814,1157,75100,22
554,20180814,1158,75100,10
555,20180814,1159,75100,4
556,20180814,1200,75000,91
557,20180814,1201,75100,22
558,20180814,1202,75100,4
559,20180814,1203,75000,294
560,20180814,1204,75000,4
561,20180814,1205,75000,220
562,20180814,1206,75000,32
563,20180814,1207,75000,36
564,20180814,1208,74900,49
565,20180814,1209,74900,130
566,20180814,1210,74900,109
567,20180814,1211,74900,16
568,20180814,1212,74900,30
569,20180814,1213,74900,8
570,20180814,1214,74900,31
571,20180814,1215,74900,3
572,20180814,1216,74900,85
573,20180814,1217,74800,42
574,20180814,1218,74900,35
575,20180814,1219,74900,466
576,20180814,1220,74700,44
577,20180814,1221,74700,214
578,20180814,1222,74700,108
579,20180814,1223,74700,287
580,20180814,1224,74500,7
581,20180814,1225,74600,7
582,20180814,1226,74600,420
583,20180814,1227,74500,244
584,20180814,1228,74400,693
585,20180814,1229,74500,87
586,20180814,1230,74500,102
587,20180814,1231,74500,36
588,20180814,1232,74500,36
589,20180814,1233,74500,34
590,20180814,1234,74500,20
591,20180814,1235,74500,687
592,20180814,1236,74900,452
593,20180814,1237,74500,8
594,20180814,1238,74500,49
595,20180814,1239,74600,163
596,20180814,1240,74700,116
597,20180814,1241,74800,60
598,20180814,1242,74800,78
599,20180814,1243,74900,304
600,20180814,1244,74900,135
601,20180814,1245,74900,76
602,20180814,1246,74900,366
603,20180814,1247,74900,29
604,20180814,1248,74900,83
605,20180814,1249,74900,46
606,20180814,1250,74800,64
607,20180814,1251,74900,123
608,20180814,1252,74900,77
609,20180814,1253,75000,27
610,20180814,1254,75000,34
611,20180814,1255,74900,35
612,20180814,1256,75000,30
613,20180814,1257,75000,28
614,20180814,1258,75000,393
615,20180814,1259,74900,57
616,20180814,1300,74900,23
617,20180814,1301,74900,66
618,20180814,1302,74800,30
619,20180814,1303,74900,27
620,20180814,1304,74900,139
621,20180814,1305,74900,286
622,20180814,1306,74900,2
623,20180814,1307,74900,128
624,20180814,1308,74900,325
625,20180814,1309,74800,28
626,20180814,1310,74900,44
627,20180814,1311,74800,344
628,20180814,1312,74700,74
629,20180814,1313,74800,29
630,20180814,1314,74800,29
631,20180814,1315,74800,28
632,20180814,1316,74800,88
633,20180814,1317,74700,34
634,20180814,1318,74800,59
635,20180814,1319,74800,361
636,20180814,1320,74900,101
637,20180814,1321,75000,35
638,20180814,1322,75000,150
639,20180814,1323,74800,192
640,20180814,1324,74900,205
641,20180814,1325,74900,35
642,20180814,1326,74900,276
643,20180814,1327,74800,29
644,20180814,1328,74600,27
645,20180814,1329,74600,24
646,20180814,1330,74600,47
647,20180814,1331,74600,159
648,20180814,1332,74800,9
649,20180814,1333,74800,11
650,20180814,1334,74700,45
651,20180814,1335,74700,67
652,20180814,1336,74700,67
653,20180814,1337,74800,517
654,20180814,1338,74800,22
655,20180814,1339,74700,287
656,20180814,1340,74500,155
657,20180814,1341,74700,72
658,20180814,1342,74800,22
659,20180814,1343,74800,80
660,20180814,1344,74900,7
661,20180814,1345,74900,20
662,20180814,1346,74800,43
663,20180814,1347,74900,110
664,20180814,1348,75000,5
665,20180814,1349,74900,47
666,20180814,1350,75000,1238
667,20180814,1351,75000,71
668,20180814,1352,75100,171
669,20180814,1353,75200,320
670,20180814,1354,75300,46
671,20180814,1355,75200,32
672,20180814,1356,75200,63
673,20180814,1357,75200,60
674,20180814,1358,75300,87
675,20180814,1359,75300,64
676,20180814,1400,75300,27
677,20180814,1401,75300,35
678,20180814,1402,75200,58
679,20180814,1403,75200,27
680,20180814,1404,75200,769
681,20180814,1405,75100,8
682,20180814,1406,75000,230
683,20180814,1407,75200,36
684,20180814,1408,75200,290
685,20180814,1409,75200,166
686,20180814,1410,75100,602
687,20180814,1411,75200,425
688,20180814,1412,75300,34
689,20180814,1413,75300,26
690,20180814,1414,75200,83
691,20180814,1415,75300,513
692,20180814,1416,75200,285
693,20180814,1417,75100,330
694,20180814,1418,75000,79
695,20180814,1419,75000,41
696,20180814,1420,74900,65
697,20180814,1421,74900,159
698,20180814,1422,75000,5
699,20180814,1423,74800,71
700,20180814,1424,74900,10
701,20180814,1425,74900,26
702,20180814,1426,74800,112
703,20180814,1427,74900,58
704,20180814,1428,74900,25
705,20180814,1429,74900,24
706,20180814,1430,75000,56
707,20180814,1431,74900,103
708,20180814,1432,74900,30
709,20180814,1433,74800,173
710,20180814,1434,74800,43
711,20180814,1435,74900,4
712,20180814,1436,74800,36
713,20180814,1437,74800,125
714,20180814,1438,74900,149
715,20180814,1439,74800,118
716,20180814,1440,74800,332
717,20180814,1441,74900,117
718,20180814,1442,74800,21
719,20180814,1443,74800,55
720,20180814,1444,74800,61
721,20180814,1445,74800,34
722,20180814,1446,74800,106
723,20180814,1447,74800,139
724,20180814,1448,74800,40
725,20180814,1449,74800,53
726,20180814,1450,74800,47
727,20180814,1451,74800,427
728,20180814,1452,74900,12
729,20180814,1453,75000,138
730,20180814,1454,75000,27
731,20180814,1455,75000,134
732,20180814,1456,75000,84
733,20180814,1457,74900,120
734,20180814,1458,74900,192
735,20180814,1459,74900,5
736,20180814,1500,75000,84
737,20180814,1501,74900,176
738,20180814,1502,74800,344
739,20180814,1503,74700,36
740,20180814,1504,74800,76
741,20180814,1505,74700,80
742,20180814,1506,74700,56
743,20180814,1507,74700,81
744,20180814,1508,74700,73
745,20180814,1509,74800,73
746,20180814,1510,74700,60
747,20180814,1511,74700,34
748,20180814,1512,74700,54
749,20180814,1513,74800,262
750,20180814,1514,74700,102
751,20180814,1515,74600,84
752,20180814,1516,74700,66
753,20180814,1517,74600,790
754,20180814,1518,74500,72
755,20180814,1519,74500,181
756,20180814,1520,74600,55
757,20180814,1530,74600,4225
0,20180816,901,73200,1339
1,20180816,902,74000,158
2,20180816,903,73900,512
3,20180816,904,73700,84
4,20180816,905,73600,497
5,20180816,906,73600,274
6,20180816,907,73800,1473
7,20180816,908,74500,441
8,20180816,909,74500,563
9,20180816,910,74400,662
10,20180816,911,74800,124
11,20180816,912,74800,1259
12,20180816,913,74900,147
13,20180816,914,75000,691
14,20180816,915,75000,80
15,20180816,916,74900,103
16,20180816,917,74900,81
17,20180816,918,74800,164
18,20180816,919,74900,411
19,20180816,920,74900,187
20,20180816,921,74700,36
21,20180816,922,74600,291
22,20180816,923,74700,110
23,20180816,924,74800,208
24,20180816,925,74900,204
25,20180816,926,75000,194
26,20180816,927,75000,33
27,20180816,928,74900,959
28,20180816,929,74700,68
29,20180816,930,74800,38
30,20180816,931,74800,45
31,20180816,932,74700,576
32,20180816,933,74700,112
33,20180816,934,74700,52
34,20180816,935,74700,376
35,20180816,936,74600,89
36,20180816,937,74600,35
37,20180816,938,74600,1795
38,20180816,939,74700,1520
39,20180816,940,74700,219
40,20180816,941,74700,228
41,20180816,942,74700,96
42,20180816,943,74400,321
43,20180816,944,74300,66
44,20180816,945,74300,138
45,20180816,946,74200,78
46,20180816,947,74200,86
47,20180816,948,74400,116
48,20180816,949,74300,152
49,20180816,950,74300,31
50,20180816,951,74300,30
51,20180816,952,74500,76
52,20180816,953,74500,113
53,20180816,954,74500,39
54,20180816,955,74500,110
55,20180816,956,74500,381
56,20180816,957,74700,1324
57,20180816,958,74800,115
58,20180816,959,74800,467
59,20180816,1000,74800,513
60,20180816,1001,74800,103
61,20180816,1002,74900,546
62,20180816,1003,74600,126
63,20180816,1004,74700,24
64,20180816,1005,74600,414
65,20180816,1006,74500,234
66,20180816,1007,74400,49
67,20180816,1008,74300,477
68,20180816,1009,74600,13
69,20180816,1010,74600,33
70,20180816,1011,74600,56
71,20180816,1012,74600,21
72,20180816,1013,74600,274
73,20180816,1014,74500,99
74,20180816,1015,74600,19
75,20180816,1016,74600,13
76,20180816,1017,74600,67
77,20180816,1018,74600,198
78,20180816,1019,74500,13
79,20180816,1020,74500,60
80,20180816,1021,74400,36
81,20180816,1022,74500,12
82,20180816,1023,74500,706
83,20180816,1024,74600,20
84,20180816,1025,74600,18
85,20180816,1026,74600,1035
86,20180816,1027,74400,313
87,20180816,1028,74400,89
88,20180816,1029,74400,123
89,20180816,1030,74500,854
90,20180816,1031,74700,20
91,20180816,1032,74700,2711
92,20180816,1033,75100,440
93,20180816,1034,75200,29
94,20180816,1035,75200,46
95,20180816,1036,75100,1062
96,20180816,1037,75300,1226
97,20180816,1038,75500,14
98,20180816,1039,75500,114
99,20180816,1040,75500,410
100,20180816,1041,75700,76
101,20180816,1042,75700,248
102,20180816,1043,75700,96
103,20180816,1044,75700,371
104,20180816,1045,75700,1066
105,20180816,1046,75500,569
106,20180816,1047,75800,35
107,20180816,1048,75700,14
108,20180816,1049,75800,12
109,20180816,1050,75800,6
110,20180816,1051,75800,506
111,20180816,1052,75600,21
112,20180816,1053,75600,20
113,20180816,1054,75600,6
114,20180816,1055,75600,39
115,20180816,1056,75500,80
116,20180816,1057,75600,365
117,20180816,1058,75300,72
118,20180816,1059,75500,929
119,20180816,1100,75900,59
120,20180816,1101,75900,58
121,20180816,1102,75900,1007
122,20180816,1103,76200,486
123,20180816,1104,76300,377
124,20180816,1105,76200,1640
125,20180816,1106,76000,1193
126,20180816,1107,75900,236
127,20180816,1108,75900,57
128,20180816,1109,75900,180
129,20180816,1110,75900,5
130,20180816,1111,75800,698
131,20180816,1112,75600,1844
132,20180816,1113,75700,270
133,20180816,1114,75800,274
134,20180816,1115,75700,459
135,20180816,1116,75800,494
136,20180816,1117,75800,1552
137,20180816,1118,75700,9
138,20180816,1119,75700,71
139,20180816,1120,75700,1435
140,20180816,1121,75600,7
141,20180816,1122,75600,159
142,20180816,1123,75600,46
143,20180816,1124,75500,462
144,20180816,1125,75500,12
145,20180816,1126,75500,31
146,20180816,1127,75400,33
147,20180816,1128,75500,19
148,20180816,1129,75500,25
149,20180816,1130,75500,93
150,20180816,1131,75500,36
151,20180816,1132,75500,21
152,20180816,1133,75500,15
153,20180816,1134,75500,66
154,20180816,1135,75500,83
155,20180816,1136,75500,34
156,20180816,1137,75500,479
157,20180816,1138,75400,3
158,20180816,1139,75400,47
159,20180816,1140,75300,46
160,20180816,1141,75400,37
161,20180816,1142,75400,13
162,20180816,1143,75400,332
163,20180816,1144,75100,279
164,20180816,1145,75200,10
165,20180816,1146,75100,5
166,20180816,1147,75100,87
167,20180816,1148,75000,67
168,20180816,1149,75100,13
169,20180816,1150,75100,3
170,20180816,1151,75100,37
171,20180816,1152,75100,354
172,20180816,1153,75000,2
173,20180816,1154,75000,505
174,20180816,1155,75000,9
175,20180816,1156,74900,172
176,20180816,1157,75000,760
177,20180816,1158,75000,609
178,20180816,1159,75000,3
179,20180816,1200,75000,5
180,20180816,1201,75000,12
181,20180816,1202,75000,6
182,20180816,1203,75000,16
183,20180816,1204,75000,24
184,20180816,1205,75000,9
185,20180816,1206,74900,428
186,20180816,1207,74900,12
187,20180816,1208,74900,4
188,20180816,1209,74900,4
189,20180816,1210,74900,18
190,20180816,1211,74900,24
191,20180816,1212,74900,4
192,20180816,1213,74800,44
193,20180816,1214,74900,14
194,20180816,1215,74900,15
195,20180816,1216,74900,623
196,20180816,1217,74700,110
197,20180816,1218,74700,26
198,20180816,1219,74800,6
199,20180816,1220,74800,13
200,20180816,1221,74800,10
201,20180816,1223,74800,55
202,20180816,1224,74800,17
203,20180816,1225,74800,13
204,20180816,1226,74800,57
205,20180816,1227,74800,1
206,20180816,1228,74800,46
207,20180816,1229,74800,17
208,20180816,1230,74800,13
209,20180816,1231,74800,22
210,20180816,1232,74700,601
211,20180816,1233,74600,72
212,20180816,1234,74600,10
213,20180816,1235,74500,2
214,20180816,1236,74600,5
215,20180816,1237,74600,2
216,20180816,1238,74600,11
217,20180816,1239,74600,7
218,20180816,1240,74600,34
219,20180816,1241,74600,106
220,20180816,1242,74600,5
221,20180816,1243,74600,35
222,20180816,1244,74600,13
223,20180816,1245,74600,773
224,20180816,1246,74800,54
225,20180816,1247,74700,512
226,20180816,1248,74700,35
227,20180816,1249,74700,2
228,20180816,1250,74700,41
229,20180816,1251,74700,12
230,20180816,1252,74700,9
231,20180816,1253,74600,9
232,20180816,1254,74700,51
233,20180816,1255,74700,29
234,20180816,1256,74700,65
235,20180816,1257,74700,44
236,20180816,1258,74700,6
237,20180816,1259,74700,7
238,20180816,1300,74700,11
239,20180816,1301,74700,164
240,20180816,1302,74700,11
241,20180816,1303,74700,74
242,20180816,1304,74700,14
243,20180816,1305,74700,110
244,20180816,1306,74700,12
245,20180816,1307,74600,63
246,20180816,1308,74700,4
247,20180816,1309,74700,40
248,20180816,1310,74700,13
249,20180816,1311,74700,57
250,20180816,1312,74700,3
251,20180816,1313,74700,88
252,20180816,1314,74700,37
253,20180816,1315,74700,847
254,20180816,1316,74900,532
255,20180816,1317,74800,131
256,20180816,1318,74800,236
257,20180816,1319,74700,62
258,20180816,1320,74700,713
259,20180816,1321,74500,25
260,20180816,1322,74500,17
261,20180816,1323,74500,12
262,20180816,1324,74500,59
263,20180816,1325,74500,95
264,20180816,1326,74500,229
265,20180816,1327,74600,9
266,20180816,1328,74600,1
267,20180816,1329,74600,232
268,20180816,1330,74500,73
269,20180816,1331,74500,7
270,20180816,1332,74600,1
271,20180816,1333,74600,23
272,20180816,1334,74600,26
273,20180816,1335,74600,3
274,20180816,1336,74600,21
275,20180816,1337,74600,10
276,20180816,1338,74500,68
277,20180816,1339,74600,21
278,20180816,1340,74600,16
279,20180816,1341,74600,22
280,20180816,1342,74600,68
281,20180816,1343,74600,19
282,20180816,1344,74600,12
283,20180816,1345,74600,88
284,20180816,1346,74600,774
285,20180816,1347,74400,143
286,20180816,1348,74400,136
287,20180816,1349,74500,4
288,20180816,1350,74500,10
289,20180816,1351,74500,21
290,20180816,1352,74500,367
291,20180816,1353,74300,1338
292,20180816,1354,74100,128
293,20180816,1355,74100,32
294,20180816,1356,74100,19
295,20180816,1357,74100,685
296,20180816,1358,74100,372
297,20180816,1359,74100,78
298,20180816,1400,74100,55
299,20180816,1401,74100,182
300,20180816,1402,74200,168
301,20180816,1403,74500,55
302,20180816,1404,74600,4
303,20180816,1405,74600,803
304,20180816,1406,74700,26
305,20180816,1407,74700,80
306,20180816,1408,74700,846
307,20180816,1409,74400,243
308,20180816,1410,74500,88
309,20180816,1411,74500,54
310,20180816,1412,74600,15
311,20180816,1413,74500,15
312,20180816,1414,74500,17
313,20180816,1415,74500,706
314,20180816,1416,74700,10
315,20180816,1417,74600,15
316,20180816,1418,74700,5
317,20180816,1419,74700,20
318,20180816,1420,74700,74
319,20180816,1421,74700,67
320,20180816,1422,74600,61
321,20180816,1423,74700,30
322,20180816,1424,74700,9
323,20180816,1425,74700,64
324,20180816,1426,74700,418
325,20180816,1427,74600,273
326,20180816,1428,74700,139
327,20180816,1429,74700,170
328,20180816,1430,74800,94
329,20180816,1431,74800,82
330,20180816,1432,74900,237
331,20180816,1433,74900,31
332,20180816,1434,74900,57
333,20180816,1435,74800,35
334,20180816,1436,74900,89
335,20180816,1437,74900,18
336,20180816,1438,74800,113
337,20180816,1439,74900,134
338,20180816,1440,74800,13
339,20180816,1441,74900,78
340,20180816,1442,74900,45
341,20180816,1443,74900,113
342,20180816,1444,74900,8
343,20180816,1445,74900,738
344,20180816,1446,75300,293
345,20180816,1447,75300,56
346,20180816,1448,75300,62
347,20180816,1449,75300,18
348,20180816,1450,75200,128
349,20180816,1451,75400,34
350,20180816,1452,75400,106
351,20180816,1453,75400,8
352,20180816,1454,75400,648
353,20180816,1455,75400,298
354,20180816,1456,75500,127
355,20180816,1457,75500,1093
356,20180816,1458,75200,10
357,20180816,1459,75300,12
358,20180816,1500,75200,466
359,20180816,1501,75000,302
360,20180816,1502,74900,30
361,20180816,1503,74900,2792
362,20180816,1504,75200,600
363,20180816,1505,75300,535
364,20180816,1506,75400,583
365,20180816,1507,75500,611
366,20180816,1508,75500,256
367,20180816,1509,75500,240
368,20180816,1510,75500,242
369,20180816,1511,75600,535
370,20180816,1512,75600,140
371,20180816,1513,75600,101
372,20180816,1514,75600,295
373,20180816,1515,75700,255
374,20180816,1516,75700,288
375,20180816,1517,75700,337
376,20180816,1518,75600,4
377,20180816,1519,75700,255
378,20180816,1520,75700,289
379,20180816,1530,75700,3030
380,20180817,901,75000,1229
381,20180817,902,75300,419
382,20180817,903,75200,86
383,20180817,904,75200,242
384,20180817,905,75500,218
385,20180817,906,76000,625
386,20180817,907,75800,192
387,20180817,908,75700,1120
388,20180817,909,75600,135
389,20180817,910,75600,42
390,20180817,911,75500,534
391,20180817,912,75300,23
392,20180817,913,75300,576
393,20180817,914,75200,543
394,20180817,915,75100,317
395,20180817,916,75100,165
396,20180817,917,75300,281
397,20180817,918,75400,513
398,20180817,919,75700,624
399,20180817,920,76000,335
400,20180817,921,76000,367
401,20180817,922,75800,140
402,20180817,923,75800,74
403,20180817,924,75600,72
404,20180817,925,75400,34
405,20180817,926,75500,276
406,20180817,927,75600,77
407,20180817,928,75600,1
408,20180817,929,75500,73
409,20180817,930,75600,10
410,20180817,931,75600,37
411,20180817,932,75600,235
412,20180817,933,75700,3
413,20180817,934,75700,69
414,20180817,935,75700,144
415,20180817,936,75600,6
416,20180817,937,75600,229
417,20180817,938,75500,79
418,20180817,939,75500,124
419,20180817,940,75600,7
420,20180817,941,75600,86
421,20180817,942,75500,630
422,20180817,943,75700,131
423,20180817,944,75600,234
424,20180817,945,75800,981
425,20180817,946,76100,1007
426,20180817,947,75900,3
427,20180817,948,75900,70
428,20180817,949,76200,868
429,20180817,950,76400,171
430,20180817,951,76400,139
431,20180817,952,76400,41
432,20180817,953,76400,366
433,20180817,954,76500,168
434,20180817,955,76400,219
435,20180817,956,76400,10
436,20180817,957,76400,11
437,20180817,958,76300,209
438,20180817,959,76400,114
439,20180817,1000,76500,6
440,20180817,1001,76500,398
441,20180817,1002,76400,343
442,20180817,1003,76600,135
443,20180817,1004,76600,660
444,20180817,1005,76700,311
445,20180817,1006,76700,507
446,20180817,1007,76600,33
447,20180817,1008,76600,5
448,20180817,1009,76600,184
449,20180817,1010,76400,15
450,20180817,1011,76500,110
451,20180817,1012,76500,10
452,20180817,1013,76500,67
453,20180817,1014,76500,4
454,20180817,1015,76500,8
455,20180817,1016,76500,17
456,20180817,1017,76400,2
457,20180817,1018,76500,292
458,20180817,1019,76600,365
459,20180817,1020,76400,578
460,20180817,1021,76400,230
461,20180817,1022,76400,124
462,20180817,1023,76400,22
463,20180817,1024,76400,207
464,20180817,1025,76600,108
465,20180817,1026,76700,213
466,20180817,1027,76800,31
467,20180817,1028,76800,374
468,20180817,1029,76700,29
469,20180817,1030,76600,42
470,20180817,1031,76700,60
471,20180817,1032,76700,66
472,20180817,1033,76600,173
473,20180817,1034,76500,13
474,20180817,1035,76500,4
475,20180817,1036,76500,444
476,20180817,1037,76600,345
477,20180817,1038,76600,53
478,20180817,1039,76700,468
479,20180817,1040,76600,170
480,20180817,1041,76600,219
481,20180817,1042,76700,51
482,20180817,1043,76700,260
483,20180817,1044,76600,51
484,20180817,1045,76600,228
485,20180817,1046,76500,1056
486,20180817,1047,76300,43
487,20180817,1048,76300,23
488,20180817,1049,76300,10
489,20180817,1050,76300,67
490,20180817,1051,76300,9
491,20180817,1052,76300,11
492,20180817,1053,76300,15
493,20180817,1054,76300,34
494,20180817,1055,76300,12
495,20180817,1056,76300,60
496,20180817,1057,76300,127
497,20180817,1058,76200,26
498,20180817,1059,76300,41
499,20180817,1100,76300,20
500,20180817,1101,76300,7
501,20180817,1102,76300,95
502,20180817,1103,76300,19
503,20180817,1104,76300,65
504,20180817,1105,76200,194
505,20180817,1106,76300,427
506,20180817,1107,76300,316
507,20180817,1108,76400,217
508,20180817,1109,76200,10
509,20180817,1110,76300,319
510,20180817,1111,76300,51
511,20180817,1112,76500,278
512,20180817,1113,76600,14
513,20180817,1114,76600,321
514,20180817,1115,76700,22
515,20180817,1116,76600,84
516,20180817,1117,76700,71
517,20180817,1118,76700,69
518,20180817,1119,76700,636
519,20180817,1120,76600,9
520,20180817,1121,76500,69
521,20180817,1122,76500,1100
522,20180817,1123,76700,119
523,20180817,1124,76700,322
524,20180817,1125,76600,11
525,20180817,1126,76500,373
526,20180817,1127,76500,13
527,20180817,1128,76500,20
528,20180817,1129,76500,402
529,20180817,1130,76500,5
530,20180817,1131,76500,138
531,20180817,1132,76500,8
532,20180817,1133,76500,21
533,20180817,1134,76500,11
534,20180817,1135,76500,62
535,20180817,1136,76500,15
536,20180817,1137,76500,668
537,20180817,1138,76600,37
538,20180817,1139,76500,46
539,20180817,1140,76600,29
540,20180817,1141,76600,20
541,20180817,1142,76600,14
542,20180817,1143,76600,29
543,20180817,1144,76600,13
544,20180817,1145,76600,90
545,20180817,1146,76600,894
546,20180817,1147,76600,15
547,20180817,1148,76500,1104
548,20180817,1149,76600,11
549,20180817,1150,76600,10
550,20180817,1151,76500,10
551,20180817,1152,76600,167
552,20180817,1153,76600,2744
553,20180817,1154,76800,769
554,20180817,1155,76900,29
555,20180817,1156,76900,200
556,20180817,1157,76900,632
557,20180817,1158,76900,204
558,20180817,1159,76900,469
559,20180817,1200,76900,1034
560,20180817,1201,77000,767
561,20180817,1202,76900,23
562,20180817,1203,76900,6
563,20180817,1204,76900,474
564,20180817,1205,76900,115
565,20180817,1206,76900,19
566,20180817,1207,76900,118
567,20180817,1208,77000,30
568,20180817,1209,77000,734
569,20180817,1210,76900,224
570,20180817,1211,76900,615
571,20180817,1212,77000,3
572,20180817,1213,77000,35
573,20180817,1214,76900,389
574,20180817,1215,77100,309
575,20180817,1216,77100,99
576,20180817,1217,77100,25
577,20180817,1218,77100,596
578,20180817,1219,77100,114
579,20180817,1220,77000,170
580,20180817,1221,77100,472
581,20180817,1222,77000,4
582,20180817,1223,77100,39
583,20180817,1224,77100,9
584,20180817,1225,77000,1
585,20180817,1226,77100,145
586,20180817,1227,77100,10
587,20180817,1228,77100,93
588,20180817,1229,77100,1898
589,20180817,1230,76900,288
590,20180817,1231,76800,159
591,20180817,1232,76900,64
592,20180817,1233,76900,32
593,20180817,1234,76900,12
594,20180817,1235,76800,195
595,20180817,1236,76900,9
596,20180817,1237,76800,15
597,20180817,1238,76900,15
598,20180817,1239,76900,78
599,20180817,1240,76900,10
600,20180817,1241,76900,18
601,20180817,1242,76900,82
602,20180817,1243,76900,40
603,20180817,1244,76900,69
604,20180817,1245,76900,11
605,20180817,1246,76900,36
606,20180817,1247,76900,198
607,20180817,1248,76900,32
608,20180817,1249,76900,27
609,20180817,1250,76900,72
610,20180817,1251,76900,317
611,20180817,1252,76900,40
612,20180817,1253,76800,244
613,20180817,1254,76700,607
614,20180817,1255,76600,51
615,20180817,1256,76600,3
616,20180817,1257,76600,12
617,20180817,1258,76600,5
618,20180817,1259,76500,169
619,20180817,1300,76600,78
620,20180817,1301,76500,101
621,20180817,1302,76600,68
622,20180817,1303,76600,8
623,20180817,1304,76600,30
624,20180817,1305,76600,243
625,20180817,1306,76600,96
626,20180817,1307,76700,223
627,20180817,1308,76700,81
628,20180817,1309,76800,58
629,20180817,1310,76800,449
630,20180817,1311,76800,151
631,20180817,1312,76900,474
632,20180817,1313,77000,650
633,20180817,1314,77000,111
634,20180817,1315,77000,432
635,20180817,1316,77000,1238
636,20180817,1317,76900,484
637,20180817,1318,77000,28
638,20180817,1319,77000,150
639,20180817,1320,77000,349
640,20180817,1321,77000,494
641,20180817,1322,77100,17
642,20180817,1323,77100,39
643,20180817,1324,77100,163
644,20180817,1325,77100,85
645,20180817,1326,77100,294
646,20180817,1327,77100,97
647,20180817,1328,77100,1114
648,20180817,1329,77200,142
649,20180817,1330,77200,383
650,20180817,1331,77200,173
651,20180817,1332,77200,715
652,20180817,1333,77200,378
653,20180817,1334,77200,211
654,20180817,1335,77200,237
655,20180817,1336,77200,774
656,20180817,1337,77200,349
657,20180817,1338,77200,111
658,20180817,1339,77200,51
659,20180817,1340,77200,87
660,20180817,1341,77200,93
661,20180817,1342,77200,156
662,20180817,1343,77200,99
663,20180817,1344,77300,59
664,20180817,1345,77300,16
665,20180817,1346,77300,139
666,20180817,1347,77300,227
667,20180817,1348,77300,108
668,20180817,1349,77300,303
669,20180817,1350,77300,115
670,20180817,1351,77300,258
671,20180817,1352,77300,228
672,20180817,1353,77300,394
673,20180817,1354,77200,261
674,20180817,1355,77100,285
675,20180817,1356,77000,65
676,20180817,1357,76900,31
677,20180817,1358,76900,78
678,20180817,1359,77000,153
679,20180817,1400,76900,142
680,20180817,1401,77000,208
681,20180817,1402,76900,504
682,20180817,1403,77000,19
683,20180817,1404,77000,127
684,20180817,1405,77000,17
685,20180817,1406,77000,94
686,20180817,1407,77000,109
687,20180817,1408,77000,174
688,20180817,1409,77000,139
689,20180817,1410,77000,40
690,20180817,1411,77000,552
691,20180817,1412,77100,60
692,20180817,1413,77100,222
693,20180817,1414,77200,246
694,20180817,1415,77300,125
695,20180817,1416,77300,44
696,20180817,1417,77300,483
697,20180817,1418,77200,15
698,20180817,1419,77200,122
699,20180817,1420,77200,130
700,20180817,1421,77200,95
701,20180817,1422,77200,19
702,20180817,1423,77200,104
703,20180817,1424,77200,84
704,20180817,1425,77200,216
705,20180817,1426,77100,212
706,20180817,1427,77200,102
707,20180817,1428,77200,52
708,20180817,1429,77100,121
709,20180817,1430,77100,116
710,20180817,1431,77000,296
711,20180817,1432,77100,129
712,20180817,1433,77100,140
713,20180817,1434,77100,122
714,20180817,1435,77100,167
715,20180817,1436,77200,588
716,20180817,1437,77000,8
717,20180817,1438,77100,265
718,20180817,1439,77000,50
719,20180817,1440,77000,189
720,20180817,1441,77000,101
721,20180817,1442,77000,444
722,20180817,1443,77000,69
723,20180817,1444,77100,164
724,20180817,1445,77100,114
725,20180817,1446,77000,74
726,20180817,1447,77100,73
727,20180817,1448,77000,123
728,20180817,1449,77000,189
729,20180817,1450,77100,227
730,20180817,1451,77000,83
731,20180817,1452,77100,217
732,20180817,1453,77100,48
733,20180817,1454,77000,226
734,20180817,1455,77000,309
735,20180817,1456,77000,255
736,20180817,1457,77100,97
737,20180817,1458,77100,98
738,20180817,1459,77000,154
739,20180817,1500,77000,143
740,20180817,1501,77100,252
741,20180817,1502,77000,527
742,20180817,1503,76900,3
743,20180817,1504,76900,82
744,20180817,1505,76900,262
745,20180817,1506,77000,610
746,20180817,1507,77000,854
747,20180817,1508,77000,2015
748,20180817,1509,77000,301
749,20180817,1510,76900,29
750,20180817,1511,77000,633
751,20180817,1512,77000,250
752,20180817,1513,76900,211
753,20180817,1514,77000,263
754,20180817,1515,77100,202
755,20180817,1516,77100,75
756,20180817,1517,77100,395
757,20180817,1518,77100,180
758,20180817,1519,77200,149
759,20180817,1520,77200,467
760,20180817,1530,77200,3867
0,20180820,901,77800,875
1,20180820,902,77800,171
2,20180820,903,77900,1463
3,20180820,904,78300,1686
4,20180820,905,78500,1051
5,20180820,906,78200,318
6,20180820,907,78200,2270
7,20180820,908,78100,581
8,20180820,909,77900,216
9,20180820,910,78000,946
10,20180820,911,78200,724
11,20180820,912,78500,586
12,20180820,913,78600,265
13,20180820,914,78600,549
14,20180820,915,78700,378
15,20180820,916,78700,108
16,20180820,917,78800,1236
17,20180820,918,78700,102
18,20180820,919,78700,155
19,20180820,920,78600,1668
20,20180820,921,78300,34
21,20180820,922,78400,321
22,20180820,923,78300,578
23,20180820,924,78300,125
24,20180820,925,78200,254
25,20180820,926,78100,375
26,20180820,927,78000,469
27,20180820,928,78100,40
28,20180820,929,78200,150
29,20180820,930,78200,48
30,20180820,931,78200,133
31,20180820,932,78100,172
32,20180820,933,78300,212
33,20180820,934,78300,167
34,20180820,935,78400,71
35,20180820,936,78400,95
36,20180820,937,78400,807
37,20180820,938,78300,54
38,20180820,939,78300,157
39,20180820,940,78300,134
40,20180820,941,78400,24
41,20180820,942,78300,148
42,20180820,943,78400,86
43,20180820,944,78400,158
44,20180820,945,78300,132
45,20180820,946,78300,19
46,20180820,947,78300,316
47,20180820,948,78300,21
48,20180820,949,78200,152
49,20180820,950,78200,18
50,20180820,951,78200,101
51,20180820,952,78200,58
52,20180820,953,78200,10
53,20180820,954,78100,91
54,20180820,955,78200,123
55,20180820,956,78200,27
56,20180820,957,78300,916
57,20180820,958,78100,129
58,20180820,959,78100,111
59,20180820,1000,78200,188
60,20180820,1001,78000,557
61,20180820,1002,78300,251
62,20180820,1003,78200,72
63,20180820,1004,78100,68
64,20180820,1005,78300,23
65,20180820,1006,78300,94
66,20180820,1007,78300,54
67,20180820,1008,78300,20
68,20180820,1009,78300,236
69,20180820,1010,78200,48
70,20180820,1011,78200,13
71,20180820,1012,78200,83
72,20180820,1013,78200,97
73,20180820,1014,78200,688
74,20180820,1015,78200,595
75,20180820,1016,78000,86
76,20180820,1017,78000,33
77,20180820,1018,78000,129
78,20180820,1019,78000,47
79,20180820,1020,78000,165
80,20180820,1021,78100,89
81,20180820,1022,78100,204
82,20180820,1023,78000,35
83,20180820,1024,78000,125
84,20180820,1025,78000,311
85,20180820,1026,77900,230
86,20180820,1027,77800,245
87,20180820,1028,77900,230
88,20180820,1029,78000,136
89,20180820,1030,78000,27
90,20180820,1031,78100,256
91,20180820,1032,78200,275
92,20180820,1033,78200,405
93,20180820,1034,77900,942
94,20180820,1035,77800,179
95,20180820,1036,77700,166
96,20180820,1037,77800,192
97,20180820,1038,77900,241
98,20180820,1040,78000,32
99,20180820,1041,78100,36
100,20180820,1042,78100,89
101,20180820,1043,78000,41
102,20180820,1044,78100,90
103,20180820,1045,78000,233
104,20180820,1046,78000,11
105,20180820,1047,77900,3
106,20180820,1048,78000,66
107,20180820,1049,78000,75
108,20180820,1050,78000,308
109,20180820,1051,78000,56
110,20180820,1052,78000,206
111,20180820,1053,77900,121
112,20180820,1054,77900,107
113,20180820,1055,78000,8
114,20180820,1056,78000,165
115,20180820,1057,77900,59
116,20180820,1058,78000,36
117,20180820,1059,78000,21
118,20180820,1100,78000,321
119,20180820,1101,78000,160
120,20180820,1102,77800,204
121,20180820,1103,77900,83
122,20180820,1104,77900,13
123,20180820,1105,77900,9
124,20180820,1106,77800,161
125,20180820,1107,77800,86
126,20180820,1108,77900,20
127,20180820,1109,77900,9
128,20180820,1111,77900,82
129,20180820,1112,77900,14
130,20180820,1113,77900,4
131,20180820,1114,77900,77
132,20180820,1115,77900,20
133,20180820,1116,77900,183
134,20180820,1117,77800,127
135,20180820,1118,77900,75
136,20180820,1119,77800,19
137,20180820,1120,77900,14
138,20180820,1121,77900,77
139,20180820,1123,77900,729
140,20180820,1124,78000,12
141,20180820,1125,77900,82
142,20180820,1127,78000,62
143,20180820,1128,78000,214
144,20180820,1129,78000,163
145,20180820,1131,78100,260
146,20180820,1132,78100,91
147,20180820,1133,78100,59
148,20180820,1134,78100,50
149,20180820,1135,78000,6
150,20180820,1136,78000,109
151,20180820,1137,78000,10
152,20180820,1138,78000,185
153,20180820,1139,77900,188
154,20180820,1140,77800,79
155,20180820,1141,77700,23
156,20180820,1142,77700,4
157,20180820,1143,77800,86
158,20180820,1144,77800,1
159,20180820,1145,77700,337
160,20180820,1146,77700,811
161,20180820,1147,77700,118
162,20180820,1148,77800,52
163,20180820,1150,77800,79
164,20180820,1151,77800,12
165,20180820,1153,77700,1248
166,20180820,1154,77600,77
167,20180820,1155,77600,15
168,20180820,1156,77600,3
169,20180820,1157,77500,326
170,20180820,1158,77500,304
171,20180820,1159,77400,14
172,20180820,1200,77500,72
173,20180820,1201,77500,76
174,20180820,1202,77400,10
175,20180820,1203,77400,100
176,20180820,1204,77400,1
177,20180820,1205,77400,82
178,20180820,1206,77400,3
179,20180820,1207,77300,15
180,20180820,1208,77400,74
181,20180820,1209,77400,195
182,20180820,1210,77300,502
183,20180820,1211,77300,20
184,20180820,1212,77300,71
185,20180820,1213,77400,13
186,20180820,1214,77400,119
187,20180820,1215,77500,9
188,20180820,1216,77400,133
189,20180820,1217,77400,57
190,20180820,1219,77500,246
191,20180820,1220,77400,4
192,20180820,1223,77400,100
193,20180820,1224,77400,69
194,20180820,1225,77400,18
195,20180820,1226,77500,394
196,20180820,1227,77600,724
197,20180820,1230,77600,79
198,20180820,1231,77600,123
199,20180820,1232,77600,232
200,20180820,1233,77800,12
201,20180820,1234,77800,83
202,20180820,1236,77700,5
203,20180820,1237,77800,222
204,20180820,1238,77800,76
205,20180820,1239,77700,50
206,20180820,1240,77700,11
207,20180820,1241,77700,82
208,20180820,1242,77800,1
209,20180820,1243,77700,108
210,20180820,1245,77800,135
211,20180820,1246,77700,36
212,20180820,1247,77700,73
213,20180820,1248,77800,81
214,20180820,1250,77700,28
215,20180820,1251,77600,73
216,20180820,1252,77600,86
217,20180820,1254,77700,3
218,20180820,1255,77700,17
219,20180820,1256,77700,133
220,20180820,1257,77700,164
221,20180820,1258,77600,1
222,20180820,1259,77500,437
223,20180820,1301,77400,50
224,20180820,1303,77500,126
225,20180820,1304,77400,2
226,20180820,1305,77400,3
227,20180820,1306,77400,84
228,20180820,1307,77400,95
229,20180820,1308,77400,1
230,20180820,1309,77400,42
231,20180820,1310,77400,355
232,20180820,1311,77400,55
233,20180820,1312,77400,6
234,20180820,1313,77300,98
235,20180820,1314,77400,83
236,20180820,1315,77400,28
237,20180820,1316,77300,133
238,20180820,1317,77400,93
239,20180820,1318,77400,94
240,20180820,1319,77500,21
241,20180820,1320,77500,7
242,20180820,1321,77500,94
243,20180820,1322,77500,1
244,20180820,1323,77500,25
245,20180820,1324,77400,270
246,20180820,1325,77500,7
247,20180820,1326,77500,12
248,20180820,1327,77500,18
249,20180820,1328,77500,224
250,20180820,1329,77600,11
251,20180820,1330,77600,1
252,20180820,1331,77600,22
253,20180820,1332,77600,88
254,20180820,1333,77600,164
255,20180820,1334,77800,8
256,20180820,1335,77800,109
257,20180820,1336,77800,7
258,20180820,1337,77800,221
259,20180820,1338,77700,6
260,20180820,1339,77700,178
261,20180820,1340,77800,4
262,20180820,1341,77800,8
263,20180820,1342,77700,170
264,20180820,1343,77700,109
265,20180820,1344,77600,13
266,20180820,1345,77700,4
267,20180820,1346,77700,86
268,20180820,1347,77700,43
269,20180820,1348,77800,12
270,20180820,1349,77800,4
271,20180820,1350,77700,215
272,20180820,1351,77700,20
273,20180820,1352,77700,11
274,20180820,1353,77700,85
275,20180820,1354,77700,470
276,20180820,1355,77800,9
277,20180820,1356,77700,9
278,20180820,1357,77800,78
279,20180820,1358,77800,19
280,20180820,1359,77800,46
281,20180820,1400,77800,109
282,20180820,1401,77700,369
283,20180820,1402,77600,18
284,20180820,1403,77600,63
285,20180820,1404,77500,128
286,20180820,1405,77600,11
287,20180820,1406,77600,263
288,20180820,1407,77600,20
289,20180820,1408,77600,97
290,20180820,1409,77600,8
291,20180820,1410,77600,8
292,20180820,1411,77600,111
293,20180820,1412,77600,15
294,20180820,1413,77600,2
295,20180820,1414,77600,9
296,20180820,1415,77600,231
297,20180820,1416,77500,18
298,20180820,1417,77600,4
299,20180820,1418,77600,42
300,20180820,1419,77600,756
301,20180820,1420,77500,13
302,20180820,1421,77500,40
303,20180820,1422,77400,134
304,20180820,1423,77500,27
305,20180820,1424,77400,172
306,20180820,1425,77500,144
307,20180820,1426,77500,121
308,20180820,1427,77500,26
309,20180820,1428,77500,157
310,20180820,1429,77500,217
311,20180820,1430,77400,263
312,20180820,1431,77400,30
313,20180820,1432,77300,185
314,20180820,1433,77300,243
315,20180820,1434,77400,18
316,20180820,1435,77300,36
317,20180820,1436,77300,128
318,20180820,1437,77200,92
319,20180820,1438,77200,5
320,20180820,1439,77300,227
321,20180820,1440,77300,141
322,20180820,1441,77400,13
323,20180820,1442,77500,252
324,20180820,1443,77300,19
325,20180820,1444,77300,87
326,20180820,1445,77200,176
327,20180820,1446,77200,24
328,20180820,1447,77300,57
329,20180820,1448,77300,120
330,20180820,1449,77200,10
331,20180820,1450,77200,121
332,20180820,1451,77300,156
333,20180820,1452,77200,189
334,20180820,1453,77200,95
335,20180820,1454,77300,81
336,20180820,1455,77300,112
337,20180820,1456,77300,71
338,20180820,1457,77200,74
339,20180820,1458,77300,67
340,20180820,1459,77300,99
341,20180820,1500,77200,305
342,20180820,1501,77300,42
343,20180820,1502,77300,159
344,20180820,1503,77300,84
345,20180820,1504,77200,107
346,20180820,1505,77300,43
347,20180820,1506,77300,180
348,20180820,1507,77300,21
349,20180820,1508,77200,25
350,20180820,1509,77300,18
351,20180820,1510,77200,23
352,20180820,1511,77300,22
353,20180820,1512,77300,22
354,20180820,1513,77200,150
355,20180820,1514,77300,35
356,20180820,1515,77200,88
357,20180820,1516,77200,108
358,20180820,1517,77300,196
359,20180820,1518,77300,210
360,20180820,1519,77400,58
361,20180820,1520,77400,479
362,20180820,1530,77400,3375
0,20180821,901,77100,306
1,20180821,902,77100,792
2,20180821,903,76700,445
3,20180821,904,76700,78
4,20180821,905,76900,73
5,20180821,906,77100,271
6,20180821,907,77100,41
7,20180821,908,77100,121
8,20180821,909,77000,360
9,20180821,910,77100,185
10,20180821,911,77400,113
11,20180821,912,77400,150
12,20180821,913,77400,608
13,20180821,914,78400,113
14,20180821,915,78200,14
15,20180821,916,77900,142
16,20180821,917,78200,755
17,20180821,918,78200,2602
18,20180821,919,78400,2049
19,20180821,920,78400,1149
20,20180821,921,78400,674
21,20180821,922,78500,343
22,20180821,923,78500,364
23,20180821,924,78500,998
24,20180821,925,78700,1412
25,20180821,926,79000,1395
26,20180821,927,79000,116
27,20180821,928,79000,134
28,20180821,929,78900,710
29,20180821,930,78800,207
30,20180821,931,78800,10
31,20180821,932,78700,20
32,20180821,933,78800,412
33,20180821,934,78700,1265
34,20180821,935,78900,13
35,20180821,936,78900,374
36,20180821,937,78900,126
37,20180821,938,78700,150
38,20180821,939,78800,74
39,20180821,940,78800,281
40,20180821,941,78800,654
41,20180821,942,78900,172
42,20180821,943,78900,52
43,20180821,944,78900,137
44,20180821,945,78900,17
45,20180821,946,78900,100
46,20180821,947,78900,42
47,20180821,948,78900,1937
48,20180821,949,79000,23
49,20180821,950,79000,203
50,20180821,951,79000,35
51,20180821,952,79000,5811
52,20180821,953,79200,1697
53,20180821,954,79400,319
54,20180821,955,79400,159
55,20180821,956,79400,1351
56,20180821,957,79400,33
57,20180821,958,79400,93
58,20180821,959,79400,521
59,20180821,1000,79300,643
60,20180821,1001,79300,2110
61,20180821,1002,79200,41
62,20180821,1003,79200,43
63,20180821,1004,79200,37
64,20180821,1005,79200,21
65,20180821,1006,79200,513
66,20180821,1007,79000,23
67,20180821,1008,79000,83
68,20180821,1009,79000,129
69,20180821,1010,78900,998
70,20180821,1011,78900,183
71,20180821,1012,78800,59
72,20180821,1013,78900,20
73,20180821,1014,78900,9
74,20180821,1015,78900,508
75,20180821,1016,78800,488
76,20180821,1017,78800,65
77,20180821,1018,78900,125
78,20180821,1019,78900,100
79,20180821,1020,78900,30
80,20180821,1021,78900,9
81,20180821,1022,78900,27
82,20180821,1023,78900,57
83,20180821,1024,78900,25
84,20180821,1025,78900,7
85,20180821,1026,78900,11
86,20180821,1027,78900,13
87,20180821,1028,78900,419
88,20180821,1029,79000,107
89,20180821,1030,79000,33
90,20180821,1031,79000,7
91,20180821,1032,78900,25
92,20180821,1033,78900,203
93,20180821,1034,78900,350
94,20180821,1035,78800,50
95,20180821,1036,78800,37
96,20180821,1038,78800,92
97,20180821,1039,78900,13
98,20180821,1041,78800,12
99,20180821,1042,78800,10
100,20180821,1043,78800,2
101,20180821,1044,78800,414
102,20180821,1045,78700,531
103,20180821,1046,78600,166
104,20180821,1047,78600,1
105,20180821,1048,78600,3
106,20180821,1049,78500,844
107,20180821,1050,78500,1
108,20180821,1051,78400,268
109,20180821,1052,78400,1378
110,20180821,1053,78100,204
111,20180821,1054,78100,118
112,20180821,1055,78100,88
113,20180821,1056,78200,39
114,20180821,1057,78200,5
115,20180821,1058,78200,75
116,20180821,1059,78300,130
117,20180821,1100,78400,380
118,20180821,1101,78300,150
119,20180821,1102,78200,200
120,20180821,1103,78200,135
121,20180821,1104,78200,1
122,20180821,1105,78200,24
123,20180821,1106,78200,120
124,20180821,1107,78200,51
125,20180821,1108,78200,22
126,20180821,1109,78200,38
127,20180821,1110,78200,78
128,20180821,1111,78200,25
129,20180821,1113,78200,178
130,20180821,1114,78200,6
131,20180821,1115,78200,243
132,20180821,1116,78300,126
133,20180821,1117,78300,88
134,20180821,1118,78300,10
135,20180821,1119,78300,10
136,20180821,1120,78200,791
137,20180821,1121,78100,197
138,20180821,1123,78300,2709
139,20180821,1125,78500,1
140,20180821,1126,78500,93
141,20180821,1127,78500,31
142,20180821,1128,78400,744
143,20180821,1129,78400,519
144,20180821,1130,78500,669
145,20180821,1131,78400,29
146,20180821,1132,78500,143
147,20180821,1133,78500,116
148,20180821,1135,78500,18
149,20180821,1136,78600,37
150,20180821,1137,78600,127
151,20180821,1139,78600,14
152,20180821,1140,78600,107
153,20180821,1141,78700,35
154,20180821,1142,78700,64
155,20180821,1144,78600,2
156,20180821,1145,78600,54
157,20180821,1146,78600,208
158,20180821,1147,78600,200
159,20180821,1148,78800,19
160,20180821,1149,78800,123
161,20180821,1150,78800,37
162,20180821,1151,78900,1
163,20180821,1152,78900,1014
164,20180821,1153,79000,36
165,20180821,1154,79000,18
166,20180821,1155,79000,16
167,20180821,1156,79000,78
168,20180821,1157,78900,69
169,20180821,1158,79000,42
170,20180821,1159,78900,53
171,20180821,1200,79000,93
172,20180821,1202,79000,55
173,20180821,1203,79000,41
174,20180821,1204,79000,19
175,20180821,1205,79000,58
176,20180821,1206,79000,2
177,20180821,1207,79000,27
178,20180821,1208,79000,80
179,20180821,1209,79000,42
180,20180821,1210,79000,56
181,20180821,1211,79000,108
182,20180821,1213,78900,1082
183,20180821,1214,78700,313
184,20180821,1215,78700,12
185,20180821,1216,78800,49
186,20180821,1217,78800,215
187,20180821,1219,78800,49
188,20180821,1220,78800,389
189,20180821,1221,78900,20
190,20180821,1222,78900,14
191,20180821,1223,78900,2
192,20180821,1224,78800,8
193,20180821,1225,78900,30
194,20180821,1226,78900,46
195,20180821,1227,78900,34
196,20180821,1228,78900,1555
197,20180821,1229,79000,185
198,20180821,1230,79100,23
199,20180821,1231,79100,827
200,20180821,1232,79000,43
201,20180821,1233,79000,16
202,20180821,1234,79000,295
203,20180821,1235,79100,7
204,20180821,1236,79100,71
205,20180821,1238,79100,17
206,20180821,1239,79100,23
207,20180821,1240,79100,1062
208,20180821,1241,79200,29
209,20180821,1242,79200,131
210,20180821,1243,79200,24
211,20180821,1244,79100,161
212,20180821,1245,79200,315
213,20180821,1247,79200,31
214,20180821,1248,79200,187
215,20180821,1250,79200,2
216,20180821,1251,79100,44
217,20180821,1252,79200,1078
218,20180821,1253,78900,122
219,20180821,1254,79000,96
220,20180821,1255,79000,42
221,20180821,1256,79000,23
222,20180821,1258,79000,5
223,20180821,1259,79000,91
224,20180821,1300,79000,75
225,20180821,1302,79000,24
226,20180821,1303,78900,72
227,20180821,1304,79000,29
228,20180821,1305,79000,86
229,20180821,1306,78900,472
230,20180821,1307,78900,22
231,20180821,1309,78800,5
232,20180821,1310,78800,13
233,20180821,1311,78900,68
234,20180821,1313,78900,21
235,20180821,1314,78900,12
236,20180821,1315,78900,35
237,20180821,1316,78800,222
238,20180821,1317,78900,94
239,20180821,1318,78900,98
240,20180821,1319,79000,64
241,20180821,1320,79000,88
242,20180821,1321,79100,44
243,20180821,1322,79000,248
244,20180821,1323,79000,5
245,20180821,1324,79000,17
246,20180821,1326,79000,81
247,20180821,1327,79000,2
248,20180821,1328,79000,29
249,20180821,1329,78900,64
250,20180821,1330,78900,91
251,20180821,1331,79000,94
252,20180821,1332,79000,9
253,20180821,1333,79000,45
254,20180821,1334,78900,133
255,20180821,1335,78900,633
256,20180821,1336,78700,110
257,20180821,1337,78700,79
258,20180821,1338,78700,5
259,20180821,1339,78800,302
260,20180821,1341,78800,98
261,20180821,1342,78800,72
262,20180821,1343,78900,558
263,20180821,1344,78800,204
264,20180821,1345,78700,77
265,20180821,1346,78700,62
266,20180821,1347,78700,62
267,20180821,1348,78800,412
268,20180821,1349,78800,21
269,20180821,1350,78800,5
270,20180821,1351,78800,47
271,20180821,1352,78800,106
272,20180821,1354,78800,42
273,20180821,1355,78800,75
274,20180821,1356,79000,13
275,20180821,1357,79000,91
276,20180821,1358,78900,42
277,20180821,1359,79000,21
278,20180821,1400,78900,178
279,20180821,1401,78900,11
280,20180821,1402,78900,12
281,20180821,1403,78900,145
282,20180821,1404,78900,7
283,20180821,1405,79000,60
284,20180821,1406,79000,1
285,20180821,1407,78900,115
286,20180821,1408,78900,69
287,20180821,1409,78800,1
288,20180821,1410,78800,260
289,20180821,1411,78700,12
290,20180821,1412,78700,59
291,20180821,1413,78700,40
292,20180821,1414,78700,53
293,20180821,1415,78700,29
294,20180821,1416,78700,6
295,20180821,1417,78800,88
296,20180821,1418,78700,45
297,20180821,1419,78800,16
298,20180821,1420,78700,262
299,20180821,1421,78900,214
300,20180821,1422,78900,29
301,20180821,1423,79000,69
302,20180821,1424,79000,15
303,20180821,1425,78900,34
304,20180821,1426,78900,174
305,20180821,1427,78900,155
306,20180821,1428,78900,94
307,20180821,1429,78900,49
308,20180821,1430,78900,29
309,20180821,1431,78900,22
310,20180821,1432,78800,10
311,20180821,1433,78800,77
312,20180821,1434,78900,9
313,20180821,1435,78800,11
314,20180821,1436,78900,52
315,20180821,1437,78800,296
316,20180821,1438,78800,216
317,20180821,1439,78600,51
318,20180821,1440,78600,449
319,20180821,1441,78600,37
320,20180821,1442,78600,41
321,20180821,1443,78600,40
322,20180821,1444,78700,109
323,20180821,1445,78800,14
324,20180821,1446,78800,106
325,20180821,1447,78900,130
326,20180821,1448,78800,25
327,20180821,1449,78700,178
328,20180821,1450,78600,88
329,20180821,1451,78800,122
330,20180821,1452,78800,6
331,20180821,1453,78800,47
332,20180821,1454,78800,10
333,20180821,1455,78800,77
334,20180821,1456,78800,2
335,20180821,1457,78800,151
336,20180821,1458,78800,13
337,20180821,1459,78800,547
338,20180821,1500,78800,120
339,20180821,1501,78800,23
340,20180821,1502,78900,25
341,20180821,1503,78900,209
342,20180821,1504,78800,9
343,20180821,1505,78800,125
344,20180821,1506,78800,176
345,20180821,1507,78800,827
346,20180821,1508,78700,63
347,20180821,1509,78700,153
348,20180821,1510,78700,11
349,20180821,1511,78800,100
350,20180821,1512,78700,15
351,20180821,1513,78700,210
352,20180821,1514,78600,27
353,20180821,1515,78600,46
354,20180821,1516,78700,85
355,20180821,1517,78700,371
356,20180821,1518,78500,5
357,20180821,1519,78500,65
358,20180821,1520,78600,225
359,20180821,1530,78500,3908
360,20180822,901,78500,919
361,20180822,902,78100,435
362,20180822,903,78100,261
363,20180822,904,78000,101
364,20180822,905,78000,660
365,20180822,906,77800,140
366,20180822,907,77800,305
367,20180822,908,77900,5
368,20180822,909,77800,193
369,20180822,910,77900,317
370,20180822,911,78000,133
371,20180822,912,78000,895
372,20180822,913,78100,92
373,20180822,914,78000,1117
374,20180822,915,78000,54
375,20180822,916,78000,53
376,20180822,917,78100,47
377,20180822,918,78200,2
378,20180822,919,78200,61
379,20180822,920,78200,62
380,20180822,921,78200,112
381,20180822,922,78200,43
382,20180822,923,78100,283
383,20180822,925,78000,2
384,20180822,926,78000,654
385,20180822,927,78000,44
386,20180822,928,78000,1114
387,20180822,929,78000,312
388,20180822,930,78000,37
389,20180822,931,78000,65
390,20180822,932,77900,66
391,20180822,933,78000,70
392,20180822,934,77900,302
393,20180822,935,77800,255
394,20180822,936,77800,101
395,20180822,937,77800,4
396,20180822,938,77900,1
397,20180822,939,77800,48
398,20180822,940,77800,93
399,20180822,942,77800,46
400,20180822,943,77800,463
401,20180822,944,77800,19
402,20180822,945,77800,46
403,20180822,946,77900,149
404,20180822,947,77900,27
405,20180822,948,77800,365
406,20180822,949,77800,6
407,20180822,950,77800,4
408,20180822,951,77800,642
409,20180822,952,77800,202
410,20180822,954,77800,129
411,20180822,955,77900,31
412,20180822,956,77900,36
413,20180822,958,77900,287
414,20180822,959,77800,500
415,20180822,1000,77700,94
416,20180822,1001,77700,647
417,20180822,1002,77800,2
418,20180822,1003,77800,47
419,20180822,1004,77700,50
420,20180822,1005,77800,3
421,20180822,1006,77700,183
422,20180822,1007,77800,3
423,20180822,1008,77700,54
424,20180822,1009,77800,16
425,20180822,1010,77700,151
426,20180822,1011,77700,75
427,20180822,1012,77800,2
428,20180822,1013,77800,17
429,20180822,1014,77800,111
430,20180822,1016,77700,1
431,20180822,1017,77700,27
432,20180822,1018,77800,1199
433,20180822,1020,77700,121
434,20180822,1021,77700,80
435,20180822,1022,77700,117
436,20180822,1023,77600,75
437,20180822,1024,77700,21
438,20180822,1025,77700,586
439,20180822,1026,77900,2
440,20180822,1027,77900,3
441,20180822,1028,77900,6
442,20180822,1029,77900,47
443,20180822,1030,77900,10
444,20180822,1031,77800,216
445,20180822,1032,77900,60
446,20180822,1033,77900,23
447,20180822,1034,77900,19
448,20180822,1035,77900,23
449,20180822,1036,77800,249
450,20180822,1037,77800,31
451,20180822,1038,77800,37
452,20180822,1039,77900,15
453,20180822,1040,77800,27
454,20180822,1041,77900,1144
455,20180822,1042,77900,697
456,20180822,1043,78400,36
457,20180822,1044,78400,130
458,20180822,1045,78300,271
459,20180822,1046,78200,784
460,20180822,1047,78100,21
461,20180822,1048,78100,23
462,20180822,1049,78000,43
463,20180822,1051,78000,60
464,20180822,1052,78000,624
465,20180822,1053,77900,93
466,20180822,1054,77900,2
467,20180822,1055,78000,33
468,20180822,1056,78000,59
469,20180822,1057,78000,2
470,20180822,1058,78000,39
471,20180822,1059,77900,4
472,20180822,1100,78000,25
473,20180822,1101,77900,1
474,20180822,1102,78000,1270
475,20180822,1103,78000,26
476,20180822,1104,78200,20
477,20180822,1105,78200,5
478,20180822,1106,78200,59
479,20180822,1107,78100,3
480,20180822,1108,78100,8
481,20180822,1109,78200,5
482,20180822,1110,78200,14
483,20180822,1111,78200,22
484,20180822,1112,78200,5
485,20180822,1113,78100,4
486,20180822,1114,78100,2
487,20180822,1115,78100,4
488,20180822,1116,78200,3
489,20180822,1117,78100,9
490,20180822,1118,78200,11
491,20180822,1119,78200,1499
492,20180822,1120,78200,11
493,20180822,1121,78500,671
494,20180822,1122,78400,7
495,20180822,1123,78400,103
496,20180822,1124,78500,3
497,20180822,1125,78500,265
498,20180822,1126,78500,37
499,20180822,1127,78600,33
500,20180822,1128,78600,120
501,20180822,1129,78700,42
502,20180822,1130,78600,79
503,20180822,1131,78700,3
504,20180822,1132,78800,12
505,20180822,1133,78700,209
506,20180822,1134,78800,2
507,20180822,1136,78800,25
508,20180822,1137,78800,92
509,20180822,1138,78900,30
510,20180822,1139,78900,326
511,20180822,1140,78900,30
512,20180822,1141,79000,801
513,20180822,1142,79100,265
514,20180822,1143,79200,534
515,20180822,1144,79200,42
516,20180822,1145,79200,202
517,20180822,1146,79200,28
518,20180822,1147,79200,139
519,20180822,1148,79300,12
520,20180822,1149,79300,46
521,20180822,1150,79200,382
522,20180822,1151,79200,25
523,20180822,1152,79300,86
524,20180822,1153,79300,11
525,20180822,1154,79300,5691
526,20180822,1155,79600,109
527,20180822,1156,79500,46
528,20180822,1157,79500,59
529,20180822,1158,79500,1166
530,20180822,1159,79500,12
531,20180822,1200,79500,3
532,20180822,1201,79400,341
533,20180822,1202,79400,37
534,20180822,1203,79400,1011
535,20180822,1204,79500,4
536,20180822,1205,79300,7
537,20180822,1207,79300,18
538,20180822,1208,79300,3
539,20180822,1209,79400,2
540,20180822,1210,79300,50
541,20180822,1211,79300,65
542,20180822,1212,79300,25
543,20180822,1213,79400,481
544,20180822,1214,79400,3
545,20180822,1215,79400,53
546,20180822,1216,79300,6
547,20180822,1217,79400,1882
548,20180822,1218,79500,31
549,20180822,1219,79500,11
550,20180822,1220,79500,384
551,20180822,1221,79400,20
552,20180822,1222,79400,214
553,20180822,1223,79300,1
554,20180822,1224,79400,16
555,20180822,1225,79300,3
556,20180822,1226,79300,761
557,20180822,1227,79400,1
558,20180822,1228,79500,495
559,20180822,1229,79500,156
560,20180822,1230,79500,4
561,20180822,1231,79500,3
562,20180822,1232,79400,8
563,20180822,1233,79400,63
564,20180822,1234,79400,666
565,20180822,1235,79400,27
566,20180822,1236,79400,3
567,20180822,1237,79300,102
568,20180822,1238,79400,5
569,20180822,1240,79300,6
570,20180822,1241,79400,62
571,20180822,1242,79400,105
572,20180822,1243,79400,174
573,20180822,1244,79400,1
574,20180822,1245,79300,137
575,20180822,1246,79300,16
576,20180822,1247,79300,4
577,20180822,1248,79400,2
578,20180822,1249,79300,57
579,20180822,1250,79200,3
580,20180822,1251,79200,185
581,20180822,1252,79200,51
582,20180822,1253,79200,167
583,20180822,1254,79100,5
584,20180822,1255,79200,3
585,20180822,1256,79200,11
586,20180822,1257,79200,132
587,20180822,1258,79200,157
588,20180822,1259,79200,45
589,20180822,1300,79200,14
590,20180822,1301,79200,30
591,20180822,1302,79200,321
592,20180822,1303,79100,447
593,20180822,1304,79100,1
594,20180822,1306,79100,2
595,20180822,1307,79200,2
596,20180822,1308,79100,36
597,20180822,1309,79100,5
598,20180822,1310,79200,4
599,20180822,1311,79200,365
600,20180822,1312,79000,2
601,20180822,1313,79100,2
602,20180822,1314,79000,202
603,20180822,1315,79100,15
604,20180822,1316,79000,99
605,20180822,1318,79000,4
606,20180822,1319,79000,12
607,20180822,1320,78900,1
608,20180822,1321,78900,12
609,20180822,1323,78900,36
610,20180822,1324,79000,6
611,20180822,1325,79000,10
612,20180822,1326,79000,22
613,20180822,1327,78900,212
614,20180822,1328,79000,21
615,20180822,1329,79000,5
616,20180822,1330,78900,7
617,20180822,1331,78900,158
618,20180822,1332,78900,26
619,20180822,1333,78900,1
620,20180822,1334,79000,3
621,20180822,1335,79000,140
622,20180822,1337,79000,45
623,20180822,1338,78900,72
624,20180822,1339,78900,235
625,20180822,1340,78900,2
626,20180822,1341,78900,1
627,20180822,1342,78900,1
628,20180822,1343,78800,13
629,20180822,1344,78800,56
630,20180822,1345,78900,31
631,20180822,1346,78900,2
632,20180822,1347,78800,1
633,20180822,1348,78800,62
634,20180822,1350,78800,27
635,20180822,1351,78900,28
636,20180822,1353,78800,2
637,20180822,1354,78800,36
638,20180822,1355,78900,13
639,20180822,1356,78900,32
640,20180822,1357,78900,19
641,20180822,1358,78900,8
642,20180822,1359,78800,29
643,20180822,1400,78900,67
644,20180822,1401,78800,45
645,20180822,1402,78900,12
646,20180822,1403,78900,289
647,20180822,1404,78800,46
648,20180822,1405,78900,56
649,20180822,1406,78900,10
650,20180822,1407,78900,28
651,20180822,1408,78900,22
652,20180822,1409,78900,16
653,20180822,1410,78900,1
654,20180822,1411,78900,66
655,20180822,1412,78900,64
656,20180822,1413,78800,53
657,20180822,1414,78900,72
658,20180822,1416,78800,68
659,20180822,1417,78800,42
660,20180822,1418,78800,413
661,20180822,1419,78800,336
662,20180822,1421,78700,28
663,20180822,1422,78800,115
664,20180822,1423,78800,94
665,20180822,1424,78800,18
666,20180822,1425,78700,18
667,20180822,1426,78700,17
668,20180822,1427,78800,29
669,20180822,1428,78800,59
670,20180822,1429,78800,93
671,20180822,1430,78700,1
672,20180822,1431,78700,47
673,20180822,1432,78700,38
674,20180822,1433,78700,286
675,20180822,1434,78800,42
676,20180822,1435,78700,25
677,20180822,1436,78700,58
678,20180822,1437,78700,17
679,20180822,1438,78700,68
680,20180822,1439,78800,426
681,20180822,1440,78600,35
682,20180822,1441,78600,1279
683,20180822,1442,78600,17
684,20180822,1443,78600,19
685,20180822,1444,78600,152
686,20180822,1445,78600,18
687,20180822,1446,78600,25
688,20180822,1447,78600,112
689,20180822,1448,78600,59
690,20180822,1449,78600,18
691,20180822,1450,78700,1547
692,20180822,1451,78600,501
693,20180822,1452,78600,19
694,20180822,1453,78600,537
695,20180822,1454,78600,212
696,20180822,1455,78500,17
697,20180822,1456,78500,18
698,20180822,1457,78600,18
699,20180822,1458,78500,33
700,20180822,1459,78600,39
701,20180822,1500,78600,1620
702,20180822,1501,78800,2236
703,20180822,1502,79000,501
704,20180822,1503,79000,672
705,20180822,1504,78900,188
706,20180822,1505,79000,144
707,20180822,1506,79000,3889
708,20180822,1507,78900,137
709,20180822,1508,78900,81
710,20180822,1509,79000,64
711,20180822,1510,78900,290
712,20180822,1511,78900,228
713,20180822,1512,79000,203
714,20180822,1513,79000,543
715,20180822,1514,79000,230
716,20180822,1515,78900,2316
717,20180822,1516,79000,270
718,20180822,1517,79000,268
719,20180822,1518,79000,585
720,20180822,1519,78900,45
721,20180822,1520,78900,215
722,20180822,1530,79000,3973
723,20180823,901,79900,360
724,20180823,902,79800,16
725,20180823,903,79700,11
726,20180823,904,79600,11
727,20180823,905,79400,222
728,20180823,906,79500,1
729,20180823,907,79600,79
730,20180823,908,79800,31
731,20180823,909,79800,8
732,20180823,910,79700,451
733,20180823,911,79800,362
734,20180823,912,79900,633
735,20180823,913,79800,106
736,20180823,914,79900,126
737,20180823,915,79900,223
738,20180823,916,79800,481
739,20180823,917,79600,13
740,20180823,918,79600,285
741,20180823,919,79500,6
742,20180823,920,79600,104
743,20180823,921,79600,1
744,20180823,922,79600,53
745,20180823,923,79600,248
746,20180823,924,79600,3
747,20180823,925,79600,22
748,20180823,926,79600,77
749,20180823,927,79500,368
750,20180823,928,79400,327
751,20180823,929,79300,13
752,20180823,930,79300,2
753,20180823,931,79300,139
754,20180823,932,79300,1
755,20180823,933,79400,88
756,20180823,934,79300,55
757,20180823,935,79400,49
758,20180823,936,79300,23
759,20180823,937,79400,2
760,20180823,938,79400,1
761,20180823,939,79500,203
762,20180823,940,79400,26
763,20180823,941,79300,84
764,20180823,942,79300,418
765,20180823,943,79200,44
766,20180823,944,79200,274
767,20180823,945,79100,4
768,20180823,946,79200,13
769,20180823,947,79200,3
770,20180823,948,79100,145
771,20180823,949,79200,41
772,20180823,950,79200,31
773,20180823,951,79300,323
774,20180823,952,79200,1
775,20180823,953,79200,1
776,20180823,954,79400,7
777,20180823,955,79200,202
778,20180823,956,79200,2
779,20180823,957,79300,63
780,20180823,958,79300,2
781,20180823,959,79300,10
782,20180823,1000,79400,17
783,20180823,1001,79400,17
784,20180823,1002,79300,51
785,20180823,1003,79300,13
786,20180823,1004,79300,16
787,20180823,1005,79400,43
788,20180823,1006,79400,5
789,20180823,1007,79500,1278
790,20180823,1008,79800,156
791,20180823,1009,79700,560
792,20180823,1010,79700,11
793,20180823,1011,79600,111
794,20180823,1012,79500,8
795,20180823,1013,79500,56
796,20180823,1014,79600,30
797,20180823,1015,79500,1
798,20180823,1016,79500,1
799,20180823,1017,79500,106
800,20180823,1018,79500,1
801,20180823,1019,79500,510
802,20180823,1020,79400,43
803,20180823,1021,79400,14
804,20180823,1022,79400,5
805,20180823,1023,79400,7
806,20180823,1024,79400,212
807,20180823,1025,79400,2
808,20180823,1026,79300,5
809,20180823,1027,79300,5
810,20180823,1028,79400,3
811,20180823,1029,79400,8
812,20180823,1030,79300,109
813,20180823,1031,79400,231
814,20180823,1032,79700,6
815,20180823,1033,79600,1
816,20180823,1034,79700,3
817,20180823,1035,79700,17
818,20180823,1036,79600,124
819,20180823,1037,79600,209
820,20180823,1038,79500,11
821,20180823,1039,79400,3
822,20180823,1040,79500,3
823,20180823,1041,79400,6
824,20180823,1042,79400,1
825,20180823,1043,79400,94
826,20180823,1044,79400,78
827,20180823,1045,79400,1
828,20180823,1046,79400,11
829,20180823,1047,79400,62
830,20180823,1048,79500,5
831,20180823,1049,79500,9
832,20180823,1050,79400,42
833,20180823,1051,79400,664
834,20180823,1052,79300,17
835,20180823,1053,79400,5
836,20180823,1054,79300,8
837,20180823,1055,79400,36
838,20180823,1056,79300,2
839,20180823,1057,79300,6
840,20180823,1058,79300,120
841,20180823,1059,79300,15
842,20180823,1100,79300,27
843,20180823,1101,79400,7
844,20180823,1102,79300,6
845,20180823,1103,79300,95
846,20180823,1104,79400,760
847,20180823,1105,79200,57
848,20180823,1106,79200,734
849,20180823,1107,79200,815
850,20180823,1108,79100,5
851,20180823,1109,79100,106
852,20180823,1110,79200,9
853,20180823,1111,79100,204
854,20180823,1112,79200,161
855,20180823,1113,79100,10
856,20180823,1114,79100,7
857,20180823,1115,79200,12
858,20180823,1116,79200,8
859,20180823,1117,79100,278
860,20180823,1118,79100,8
861,20180823,1119,79100,11
862,20180823,1120,79200,5
863,20180823,1121,79100,10
864,20180823,1122,79100,7
865,20180823,1123,79100,119
866,20180823,1124,79200,45
867,20180823,1125,79100,230
868,20180823,1126,79100,22
869,20180823,1127,79000,24
870,20180823,1128,79000,1411
871,20180823,1129,79200,249
872,20180823,1130,79100,29
873,20180823,1131,79100,9
874,20180823,1132,79100,27
875,20180823,1133,79200,11
876,20180823,1134,79100,9
877,20180823,1135,79100,119
878,20180823,1136,79200,33
879,20180823,1137,79200,14
880,20180823,1138,79200,18
881,20180823,1139,79200,124
882,20180823,1140,79200,17
883,20180823,1141,79100,10
884,20180823,1142,79200,75
885,20180823,1143,79100,123
886,20180823,1144,79200,14
887,20180823,1145,79100,16
888,20180823,1146,79100,21
889,20180823,1147,79200,11
890,20180823,1148,79200,14
891,20180823,1149,79100,30
892,20180823,1150,79100,12
893,20180823,1151,79100,24
894,20180823,1152,79100,13
895,20180823,1153,79200,11
896,20180823,1154,79100,25
897,20180823,1155,79100,22
898,20180823,1156,79200,84
899,20180823,1157,79200,19
900,20180823,1158,79100,150
901,20180823,1159,79100,11
902,20180823,1200,79100,18
903,20180823,1201,79200,20
904,20180823,1202,79200,18
905,20180823,1203,79100,56
906,20180823,1204,79200,20
907,20180823,1205,79200,42
908,20180823,1206,79100,10
909,20180823,1207,79200,49
910,20180823,1208,79200,51
911,20180823,1209,79200,16
912,20180823,1210,79100,117
913,20180823,1211,79100,24
914,20180823,1212,79200,14
915,20180823,1213,79100,66
916,20180823,1214,79100,15
917,20180823,1215,79100,24
918,20180823,1216,79200,14
919,20180823,1217,79200,43
920,20180823,1218,79100,60
921,20180823,1219,79100,1300
922,20180823,1220,79200,112
923,20180823,1221,79100,6
924,20180823,1222,79200,35
925,20180823,1223,79200,50
926,20180823,1224,79200,17
927,20180823,1225,79100,30
928,20180823,1226,79100,11
929,20180823,1227,79200,39
930,20180823,1228,79100,13
931,20180823,1229,79200,340
932,20180823,1230,79100,10
933,20180823,1231,79200,13
934,20180823,1232,79100,281
935,20180823,1233,79200,109
936,20180823,1234,79100,13
937,20180823,1235,79100,118
938,20180823,1236,79100,24
939,20180823,1237,79100,23
940,20180823,1238,79100,16
941,20180823,1239,79100,21
942,20180823,1240,79100,14
943,20180823,1241,79200,594
944,20180823,1242,79000,6
945,20180823,1243,79100,52
946,20180823,1244,79100,26
947,20180823,1245,79000,54
948,20180823,1246,79100,25
949,20180823,1247,79100,12
950,20180823,1248,79000,30
951,20180823,1249,79100,12
952,20180823,1250,79100,10
953,20180823,1251,79000,22
954,20180823,1252,79100,136
955,20180823,1253,79100,18
956,20180823,1254,79100,166
957,20180823,1255,79000,23
958,20180823,1256,79000,21
959,20180823,1257,79000,2989
960,20180823,1258,78800,31
961,20180823,1259,78900,172
962,20180823,1300,78800,183
963,20180823,1301,78800,556
964,20180823,1302,78700,74
965,20180823,1303,78700,17
966,20180823,1304,78800,30
967,20180823,1305,78700,17
968,20180823,1306,78700,37
969,20180823,1307,78800,513
970,20180823,1308,78900,13
971,20180823,1309,78800,30
972,20180823,1310,78900,50
973,20180823,1311,78900,11
974,20180823,1312,78800,26
975,20180823,1313,78800,502
976,20180823,1314,78900,10
977,20180823,1315,78900,124
978,20180823,1316,79000,9
979,20180823,1317,79000,15
980,20180823,1318,79000,382
981,20180823,1319,78800,17
982,20180823,1320,78800,580
983,20180823,1321,78800,152
984,20180823,1322,78800,241
985,20180823,1323,78800,11
986,20180823,1324,78800,32
987,20180823,1325,78700,111
988,20180823,1326,78700,50
989,20180823,1327,78800,25
990,20180823,1328,78800,15
991,20180823,1329,78900,47
992,20180823,1330,78900,275
993,20180823,1331,79000,59
994,20180823,1332,79000,11
995,20180823,1333,78900,17
996,20180823,1334,78900,18
997,20180823,1335,79000,43
998,20180823,1336,78900,18
999,20180823,1337,79000,26
1000,20180823,1338,78900,455
1001,20180823,1339,78800,14
1002,20180823,1340,78800,187
1003,20180823,1341,78900,341
1004,20180823,1342,78800,199
1005,20180823,1343,78700,121
1006,20180823,1344,78800,42
1007,20180823,1345,78700,14
1008,20180823,1346,78700,32
1009,20180823,1347,78800,286
1010,20180823,1348,78900,23
1011,20180823,1349,79000,23
1012,20180823,1350,79000,21
1013,20180823,1351,78900,124
1014,20180823,1352,79100,27
1015,20180823,1353,79100,158
1016,20180823,1354,79200,22
1017,20180823,1355,79200,272
1018,20180823,1356,79200,138
1019,20180823,1357,79100,33
1020,20180823,1358,79100,16
1021,20180823,1359,79000,18
1022,20180823,1400,79000,16
1023,20180823,1401,79100,24
1024,20180823,1402,79000,198
1025,20180823,1403,79000,7
1026,20180823,1404,78900,15
1027,20180823,1405,78900,93
1028,20180823,1406,78800,30
1029,20180823,1407,78900,58
1030,20180823,1408,78900,111
1031,20180823,1409,79000,379
1032,20180823,1410,79100,10
1033,20180823,1411,79000,63
1034,20180823,1412,79100,159
1035,20180823,1413,79100,18
1036,20180823,1414,79000,28
1037,20180823,1415,79100,67
1038,20180823,1416,79100,12
1039,20180823,1417,79100,66
1040,20180823,1418,79100,22
1041,20180823,1419,79100,598
1042,20180823,1420,78900,24
1043,20180823,1421,78900,32
1044,20180823,1422,79000,40
1045,20180823,1423,79000,15
1046,20180823,1424,79000,20
1047,20180823,1425,79100,20
1048,20180823,1426,79000,11
1049,20180823,1427,79000,33
1050,20180823,1428,79000,93
1051,20180823,1429,79100,8
1052,20180823,1430,79000,21
1053,20180823,1431,79100,428
1054,20180823,1432,79000,8
1055,20180823,1433,79000,427
1056,20180823,1434,79000,17
1057,20180823,1435,78900,7
1058,20180823,1436,78900,19
1059,20180823,1437,78900,418
1060,20180823,1438,79000,20
1061,20180823,1439,79000,165
1062,20180823,1440,79000,127
1063,20180823,1441,78900,466
1064,20180823,1442,79000,325
1065,20180823,1443,79100,28
1066,20180823,1444,79100,31
1067,20180823,1445,79200,70
1068,20180823,1446,79100,18
1069,20180823,1447,79100,157
1070,20180823,1448,79100,158
1071,20180823,1449,79000,436
1072,20180823,1450,78800,43
1073,20180823,1451,78800,279
1074,20180823,1452,78900,156
1075,20180823,1453,78900,15
1076,20180823,1454,79100,10
1077,20180823,1455,79100,43
1078,20180823,1456,79200,217
1079,20180823,1457,79000,16
1080,20180823,1458,79000,535
1081,20180823,1459,79000,96
1082,20180823,1500,79000,699
1083,20180823,1501,78900,62
1084,20180823,1502,79000,26
1085,20180823,1503,79100,207
1086,20180823,1504,79000,82
1087,20180823,1505,79000,83
1088,20180823,1506,79000,50
1089,20180823,1507,78900,12
1090,20180823,1508,78900,119
1091,20180823,1509,79000,31
1092,20180823,1510,79000,246
1093,20180823,1511,78900,74
1094,20180823,1512,79000,407
1095,20180823,1513,79000,85
1096,20180823,1514,79000,286
1097,20180823,1515,78900,47
1098,20180823,1516,79000,37
1099,20180823,1517,78900,31
1100,20180823,1518,78900,65
1101,20180823,1519,78900,30
1102,20180823,1520,79000,76
1103,20180823,1530,79100,2615
0,20180824,901,79200,397
1,20180824,902,79000,138
2,20180824,903,78900,150
3,20180824,904,78700,72
4,20180824,905,78800,366
5,20180824,906,78900,790
6,20180824,907,78700,181
7,20180824,908,78600,486
8,20180824,909,78800,31
9,20180824,910,79000,134
10,20180824,911,78800,153
11,20180824,912,78700,244
12,20180824,913,78800,107
13,20180824,914,78700,525
14,20180824,915,78900,126
15,20180824,916,79000,221
16,20180824,917,78900,88
17,20180824,918,79000,58
18,20180824,919,79100,1445
19,20180824,920,79500,156
20,20180824,921,79600,368
21,20180824,922,79400,47
22,20180824,923,79400,301
23,20180824,924,79500,131
24,20180824,925,79600,146
25,20180824,926,79700,301
26,20180824,927,79700,1199
27,20180824,928,79400,712
28,20180824,929,79600,93
29,20180824,930,79700,128
30,20180824,931,79700,160
31,20180824,932,79700,41
32,20180824,933,79800,192
33,20180824,934,79800,183
34,20180824,935,79800,69
35,20180824,936,79700,136
36,20180824,937,79800,448
37,20180824,938,79600,178
38,20180824,939,79700,245
39,20180824,940,79800,296
40,20180824,941,79900,3211
41,20180824,942,79900,68
42,20180824,943,80000,252
43,20180824,944,80000,324
44,20180824,945,79900,893
45,20180824,946,80000,73
46,20180824,947,80000,129
47,20180824,948,79900,190
48,20180824,949,80000,228
49,20180824,950,79900,627
50,20180824,951,79900,2368
51,20180824,952,80400,396
52,20180824,953,80400,292
53,20180824,954,80300,127
54,20180824,955,80400,104
55,20180824,956,80400,177
56,20180824,957,80300,120
57,20180824,958,80400,107
58,20180824,959,80400,1256
59,20180824,1000,80300,73
60,20180824,1001,80200,171
61,20180824,1002,80300,653
62,20180824,1003,80300,556
63,20180824,1004,80300,322
64,20180824,1005,80300,267
65,20180824,1006,80300,629
66,20180824,1007,80200,654
67,20180824,1008,80200,247
68,20180824,1009,80300,144
69,20180824,1010,80300,342
70,20180824,1011,80200,274
71,20180824,1012,80300,253
72,20180824,1013,80200,580
73,20180824,1014,80000,62
74,20180824,1015,80300,115
75,20180824,1016,80100,684
76,20180824,1017,80300,466
77,20180824,1018,80100,690
78,20180824,1019,80300,288
79,20180824,1020,80200,96
80,20180824,1021,80100,436
81,20180824,1022,80100,75
82,20180824,1023,80200,159
83,20180824,1024,80200,258
84,20180824,1025,80200,516
85,20180824,1026,80100,459
86,20180824,1027,80100,192
87,20180824,1028,80200,128
88,20180824,1029,80300,27
89,20180824,1030,80200,54
90,20180824,1031,80200,165
91,20180824,1032,80200,175
92,20180824,1033,80100,112
93,20180824,1034,80100,182
94,20180824,1035,80000,754
95,20180824,1036,80000,94
96,20180824,1037,79900,559
97,20180824,1038,80000,290
98,20180824,1039,80100,171
99,20180824,1040,80000,15
100,20180824,1041,80100,69
101,20180824,1042,80100,40
102,20180824,1043,80100,134
103,20180824,1044,80100,218
104,20180824,1045,80100,269
105,20180824,1046,80000,340
106,20180824,1047,80000,5
107,20180824,1048,80100,68
108,20180824,1049,80000,22
109,20180824,1050,80000,176
110,20180824,1051,80100,43
111,20180824,1052,80200,27
112,20180824,1053,80100,146
113,20180824,1054,80100,81
114,20180824,1055,80100,30
115,20180824,1056,80200,127
116,20180824,1057,80200,213
117,20180824,1058,80100,20
118,20180824,1059,80200,173
119,20180824,1100,80200,72
120,20180824,1101,80200,126
121,20180824,1102,80100,746
122,20180824,1103,80100,305
123,20180824,1104,80100,159
124,20180824,1105,80100,3570
125,20180824,1106,80100,43
126,20180824,1107,80000,52
127,20180824,1108,80100,120
128,20180824,1109,80000,167
129,20180824,1110,80000,39
130,20180824,1111,80000,118
131,20180824,1112,80100,67
132,20180824,1113,80000,141
133,20180824,1114,80000,40
134,20180824,1115,80200,263
135,20180824,1116,80200,15
136,20180824,1117,80200,43
137,20180824,1118,80100,292
138,20180824,1119,80100,237
139,20180824,1120,80200,354
140,20180824,1121,80300,79
141,20180824,1122,80300,145
142,20180824,1123,80300,97
143,20180824,1124,80300,208
144,20180824,1125,80300,128
145,20180824,1126,80200,276
146,20180824,1127,80200,70
147,20180824,1128,80200,140
148,20180824,1129,80400,213
149,20180824,1130,80400,65
150,20180824,1131,80300,449
151,20180824,1132,80300,52
152,20180824,1133,80300,180
153,20180824,1134,80300,115
154,20180824,1135,80300,481
155,20180824,1136,80300,189
156,20180824,1137,80300,176
157,20180824,1138,80300,142
158,20180824,1139,80300,311
159,20180824,1140,80300,125
160,20180824,1141,80300,43
161,20180824,1142,80200,35
162,20180824,1143,80200,37
163,20180824,1144,80200,145
164,20180824,1145,80200,44
165,20180824,1146,80300,38
166,20180824,1147,80200,125
167,20180824,1148,80200,67
168,20180824,1149,80200,557
169,20180824,1150,80000,149
170,20180824,1151,80000,217
171,20180824,1152,80200,155
172,20180824,1153,80200,428
173,20180824,1154,80200,31
174,20180824,1155,80200,161
175,20180824,1156,80100,4
176,20180824,1157,80100,67
177,20180824,1158,80200,155
178,20180824,1159,80100,67
179,20180824,1200,80200,83
180,20180824,1201,80200,356
181,20180824,1202,80000,88
182,20180824,1203,80000,33
183,20180824,1204,80000,16
184,20180824,1205,80100,251
185,20180824,1206,80000,67
186,20180824,1207,80000,34
187,20180824,1208,80000,73
188,20180824,1209,80100,145
189,20180824,1210,80000,199
190,20180824,1211,80100,6
191,20180824,1212,80100,62
192,20180824,1213,80000,124
193,20180824,1214,80100,31
194,20180824,1215,80100,30
195,20180824,1216,80100,173
196,20180824,1217,80200,25
197,20180824,1218,80100,106
198,20180824,1219,80100,56
199,20180824,1220,80100,119
200,20180824,1221,80200,49
201,20180824,1222,80100,63
202,20180824,1223,80100,8
203,20180824,1224,80200,174
204,20180824,1225,80200,6
205,20180824,1226,80100,63
206,20180824,1227,80100,150
207,20180824,1228,80100,12
208,20180824,1229,80200,216
209,20180824,1230,80100,34
210,20180824,1231,80200,187
211,20180824,1232,80100,4
212,20180824,1233,80100,31
213,20180824,1234,80200,214
214,20180824,1235,80100,304
215,20180824,1236,80200,190
216,20180824,1237,80100,3
217,20180824,1238,80200,180
218,20180824,1239,80300,72
219,20180824,1240,80200,29
220,20180824,1241,80300,57
221,20180824,1242,80300,172
222,20180824,1243,80300,65
223,20180824,1244,80400,45
224,20180824,1245,80400,143
225,20180824,1246,80400,65
226,20180824,1247,80300,26
227,20180824,1248,80300,541
228,20180824,1249,80200,116
229,20180824,1250,80200,27
230,20180824,1251,80200,55
231,20180824,1252,80100,102
232,20180824,1253,80200,44
233,20180824,1254,80200,44
234,20180824,1255,80300,26
235,20180824,1256,80200,195
236,20180824,1257,80300,28
237,20180824,1258,80200,32
238,20180824,1259,80300,6
239,20180824,1300,80200,246
240,20180824,1301,80200,15
241,20180824,1302,80200,113
242,20180824,1303,80300,132
243,20180824,1304,80300,2
244,20180824,1305,80300,41
245,20180824,1306,80300,32
246,20180824,1307,80400,153
247,20180824,1308,80300,45
248,20180824,1309,80300,119
249,20180824,1310,80300,136
250,20180824,1311,80400,50
251,20180824,1312,80300,93
252,20180824,1313,80400,39
253,20180824,1314,80300,150
254,20180824,1315,80300,74
255,20180824,1316,80300,18
256,20180824,1317,80300,61
257,20180824,1318,80300,168
258,20180824,1319,80300,32
259,20180824,1320,80300,24
260,20180824,1321,80400,342
261,20180824,1322,80300,38
262,20180824,1323,80300,27
263,20180824,1324,80300,111
264,20180824,1325,80400,237
265,20180824,1326,80300,492
266,20180824,1327,80300,32
267,20180824,1328,80400,161
268,20180824,1329,80300,54
269,20180824,1330,80300,64
270,20180824,1331,80400,41
271,20180824,1332,80300,254
272,20180824,1333,80400,938
273,20180824,1334,80300,5
274,20180824,1335,80300,14
275,20180824,1336,80300,576
276,20180824,1337,80300,243
277,20180824,1338,80400,12
278,20180824,1339,80400,172
279,20180824,1340,80300,11
280,20180824,1341,80400,22
281,20180824,1342,80300,89
282,20180824,1343,80400,150
283,20180824,1344,80300,48
284,20180824,1345,80300,72
285,20180824,1346,80400,155
286,20180824,1347,80300,56
287,20180824,1348,80400,65
288,20180824,1349,80400,58
289,20180824,1350,80400,247
290,20180824,1351,80400,85
291,20180824,1352,80400,165
292,20180824,1353,80400,87
293,20180824,1354,80300,279
294,20180824,1355,80400,72
295,20180824,1356,80300,14
296,20180824,1357,80300,196
297,20180824,1358,80400,100
298,20180824,1359,80300,6
299,20180824,1400,80300,806
300,20180824,1401,80400,180
301,20180824,1402,80500,29
302,20180824,1403,80400,116
303,20180824,1404,80500,281
304,20180824,1405,80500,159
305,20180824,1406,80400,90
306,20180824,1407,80400,4987
307,20180824,1408,80500,812
308,20180824,1409,80500,56
309,20180824,1410,80500,23
310,20180824,1411,80500,36
311,20180824,1412,80500,387
312,20180824,1413,80600,46
313,20180824,1414,80600,88
314,20180824,1415,80600,162
315,20180824,1416,80600,48
316,20180824,1417,80600,50
317,20180824,1418,80600,813
318,20180824,1419,80600,2509
319,20180824,1420,80400,3
320,20180824,1421,80400,130
321,20180824,1422,80500,415
322,20180824,1423,80600,342
323,20180824,1424,80500,56
324,20180824,1425,80500,448
325,20180824,1426,80400,169
326,20180824,1427,80400,49
327,20180824,1428,80400,26
328,20180824,1429,80500,3
329,20180824,1430,80500,213
330,20180824,1431,80500,9
331,20180824,1432,80500,22
332,20180824,1433,80500,200
333,20180824,1434,80500,96
334,20180824,1435,80500,75
335,20180824,1436,80500,602
336,20180824,1437,80400,319
337,20180824,1438,80500,12
338,20180824,1439,80400,76
339,20180824,1440,80500,207
340,20180824,1441,80400,13
341,20180824,1442,80400,80
342,20180824,1443,80400,23
343,20180824,1444,80400,122
344,20180824,1445,80400,87
345,20180824,1446,80400,7
346,20180824,1447,80500,95
347,20180824,1448,80500,207
348,20180824,1449,80400,111
349,20180824,1450,80500,123
350,20180824,1451,80400,489
351,20180824,1452,80600,78
352,20180824,1453,80500,26
353,20180824,1454,80500,834
354,20180824,1455,80600,145
355,20180824,1456,80500,45
356,20180824,1457,80400,80
357,20180824,1458,80500,46
358,20180824,1459,80500,1424
359,20180824,1500,80300,211
360,20180824,1501,80400,154
361,20180824,1502,80300,77
362,20180824,1503,80300,68
363,20180824,1504,80300,565
364,20180824,1505,80300,72
365,20180824,1506,80300,51
366,20180824,1507,80300,380
367,20180824,1508,80200,108
368,20180824,1509,80300,70
369,20180824,1510,80200,40
370,20180824,1511,80200,39
371,20180824,1512,80300,167
372,20180824,1513,80200,19
373,20180824,1514,80200,84
374,20180824,1515,80200,155
375,20180824,1516,80200,87
376,20180824,1517,80200,68
377,20180824,1518,80200,80
378,20180824,1519,80200,149
379,20180824,1520,80200,1405
380,20180824,1530,80500,2281
0,20180827,901,81200,1309
1,20180827,902,81100,344
2,20180827,903,81200,450
3,20180827,904,81300,772
4,20180827,905,81600,1580
5,20180827,906,81900,3250
6,20180827,907,82200,545
7,20180827,908,82000,577
8,20180827,909,82000,371
9,20180827,910,82000,1270
10,20180827,911,82100,3045
11,20180827,912,82500,1046
12,20180827,913,82600,652
13,20180827,914,82700,999
14,20180827,915,82900,1964
15,20180827,916,83100,1515
16,20180827,917,83000,2239
17,20180827,918,83200,848
18,20180827,919,83300,1757
19,20180827,920,83500,3261
20,20180827,921,83500,1853
21,20180827,922,83600,702
22,20180827,923,83700,1122
23,20180827,924,83700,4393
24,20180827,925,83700,921
25,20180827,926,83800,779
26,20180827,927,83500,808
27,20180827,928,83400,747
28,20180827,929,83400,666
29,20180827,930,83400,945
30,20180827,931,83300,824
31,20180827,932,83200,217
32,20180827,933,83100,1097
33,20180827,934,83000,630
34,20180827,935,82900,113
35,20180827,936,83000,805
36,20180827,937,82900,411
37,20180827,938,83100,346
38,20180827,939,83000,624
39,20180827,940,82900,61
40,20180827,941,82900,226
41,20180827,942,82900,226
42,20180827,943,82900,121
43,20180827,944,82900,354
44,20180827,945,83000,489
45,20180827,946,83200,213
46,20180827,947,83300,1045
47,20180827,948,83100,782
48,20180827,949,83000,83
49,20180827,950,83100,150
50,20180827,951,83200,354
51,20180827,952,83200,100
52,20180827,953,83200,123
53,20180827,954,83300,120
54,20180827,955,83300,116
55,20180827,956,83200,793
56,20180827,957,83300,804
57,20180827,958,83100,40
58,20180827,959,83100,18
59,20180827,1000,83100,256
60,20180827,1001,83200,202
61,20180827,1002,83200,98
62,20180827,1003,83200,1057
63,20180827,1004,83200,460
64,20180827,1005,83500,73
65,20180827,1006,83400,180
66,20180827,1007,83400,895
67,20180827,1008,83300,198
68,20180827,1009,83200,176
69,20180827,1010,83200,6347
70,20180827,1011,83500,434
71,20180827,1012,83500,186
72,20180827,1013,83500,110
73,20180827,1014,83600,1498
74,20180827,1015,83700,121
75,20180827,1016,83600,1377
76,20180827,1017,83700,187
77,20180827,1018,83800,230
78,20180827,1019,83800,3108
79,20180827,1020,83900,655
80,20180827,1021,83900,961
81,20180827,1022,83600,35
82,20180827,1023,83500,34
83,20180827,1024,83500,234
84,20180827,1025,83700,76
85,20180827,1026,83700,290
86,20180827,1027,83600,87
87,20180827,1028,83700,70
88,20180827,1029,83700,200
89,20180827,1030,83700,136
90,20180827,1031,83800,563
91,20180827,1032,83700,835
92,20180827,1033,83900,243
93,20180827,1034,83900,527
94,20180827,1035,83900,267
95,20180827,1036,83800,235
96,20180827,1037,83900,670
97,20180827,1038,83800,415
98,20180827,1039,83800,484
99,20180827,1040,83800,168
100,20180827,1041,83800,203
101,20180827,1042,83800,1244
102,20180827,1043,83700,759
103,20180827,1044,83700,967
104,20180827,1045,83700,283
105,20180827,1046,83700,683
106,20180827,1047,83700,329
107,20180827,1048,83700,333
108,20180827,1049,83700,1184
109,20180827,1050,83800,429
110,20180827,1051,83800,209
111,20180827,1052,83900,268
112,20180827,1053,83800,349
113,20180827,1054,83800,218
114,20180827,1055,83900,330
115,20180827,1056,83900,139
116,20180827,1057,83800,3425
117,20180827,1058,84000,208
118,20180827,1059,84000,159
119,20180827,1100,83900,7445
120,20180827,1101,84100,216
121,20180827,1102,84000,145
122,20180827,1103,84000,241
123,20180827,1104,84100,838
124,20180827,1105,84000,1185
125,20180827,1106,84000,443
126,20180827,1107,83900,202
127,20180827,1108,83900,647
128,20180827,1109,83800,192
129,20180827,1110,83800,258
130,20180827,1111,83700,110
131,20180827,1112,83800,503
132,20180827,1113,83800,326
133,20180827,1114,83800,55
134,20180827,1115,83900,234
135,20180827,1116,84000,204
136,20180827,1117,83900,166
137,20180827,1118,84000,419
138,20180827,1119,83900,220
139,20180827,1120,84000,95
140,20180827,1121,83900,330
141,20180827,1122,84000,197
142,20180827,1123,84000,308
143,20180827,1124,83900,619
144,20180827,1125,83800,356
145,20180827,1126,83700,100
146,20180827,1127,83700,156
147,20180827,1128,83800,346
148,20180827,1129,83700,26
149,20180827,1130,83700,115
150,20180827,1131,83700,228
151,20180827,1132,83700,516
152,20180827,1133,83700,350
153,20180827,1134,83800,239
154,20180827,1135,83700,194
155,20180827,1136,83700,264
156,20180827,1137,83700,5
157,20180827,1138,83700,77
158,20180827,1139,83600,165
159,20180827,1140,83700,14
160,20180827,1141,83600,78
161,20180827,1142,83700,105
162,20180827,1143,83700,77
163,20180827,1144,83600,1301
164,20180827,1145,83700,586
165,20180827,1146,83600,41
166,20180827,1147,83600,127
167,20180827,1148,83700,95
168,20180827,1149,83600,85
169,20180827,1150,83700,40
170,20180827,1151,83700,245
171,20180827,1152,83700,67
172,20180827,1153,83700,37
173,20180827,1154,83600,157
174,20180827,1155,83700,89
175,20180827,1156,83700,69
176,20180827,1157,83600,75
177,20180827,1158,83700,193
178,20180827,1159,83600,75
179,20180827,1200,83700,110
180,20180827,1201,83700,649
181,20180827,1202,83700,42
182,20180827,1203,83800,150
183,20180827,1204,83800,223
184,20180827,1205,83800,23
185,20180827,1206,83700,462
186,20180827,1207,83800,112
187,20180827,1208,83700,124
188,20180827,1209,83800,100
189,20180827,1210,83700,138
190,20180827,1211,83800,117
191,20180827,1212,83800,138
192,20180827,1213,83800,160
193,20180827,1214,83700,81
194,20180827,1215,83800,356
195,20180827,1216,83800,102
196,20180827,1217,83800,248
197,20180827,1218,83700,1228
198,20180827,1219,83900,114
199,20180827,1220,83900,1381
200,20180827,1221,83900,173
201,20180827,1222,83900,82
202,20180827,1223,83900,135
203,20180827,1224,84000,174
204,20180827,1225,83900,222
205,20180827,1226,83900,23
206,20180827,1227,84000,157
207,20180827,1228,84000,147
208,20180827,1229,83900,759
209,20180827,1230,84000,109
210,20180827,1231,83900,65
211,20180827,1232,84000,187
212,20180827,1233,84000,112
213,20180827,1234,84000,135
214,20180827,1235,83900,107
215,20180827,1236,84000,96
216,20180827,1237,83900,295
217,20180827,1238,83900,231
218,20180827,1239,84000,147
219,20180827,1240,83900,82
220,20180827,1241,84000,161
221,20180827,1242,84000,158
222,20180827,1243,84000,60
223,20180827,1244,83900,374
224,20180827,1245,84000,296
225,20180827,1246,84000,245
226,20180827,1247,84000,231
227,20180827,1248,83900,139
228,20180827,1249,83900,89
229,20180827,1250,84000,2050
230,20180827,1251,83900,147
231,20180827,1252,83900,340
232,20180827,1253,83800,116
233,20180827,1254,83700,126
234,20180827,1255,83900,287
235,20180827,1256,83800,169
236,20180827,1257,83700,110
237,20180827,1258,83800,97
238,20180827,1259,83700,290
239,20180827,1300,83800,162
240,20180827,1301,83700,52
241,20180827,1302,83900,111
242,20180827,1303,83800,164
243,20180827,1304,83900,102
244,20180827,1305,83800,98
245,20180827,1306,83900,126
246,20180827,1307,83800,30
247,20180827,1308,83800,147
248,20180827,1309,83800,155
249,20180827,1310,83900,157
250,20180827,1311,83800,95
251,20180827,1312,83900,354
252,20180827,1313,83800,143
253,20180827,1314,83900,34
254,20180827,1315,83800,158
255,20180827,1316,83900,164
256,20180827,1317,83800,102
257,20180827,1318,83900,111
258,20180827,1319,83900,275
259,20180827,1320,83800,222
260,20180827,1321,83900,82
261,20180827,1322,83900,95
262,20180827,1323,83900,156
263,20180827,1324,83800,203
264,20180827,1325,83900,40
265,20180827,1326,83800,213
266,20180827,1327,83900,321
267,20180827,1328,83900,51
268,20180827,1329,83800,161
269,20180827,1330,83900,180
270,20180827,1331,83800,279
271,20180827,1332,83900,128
272,20180827,1333,83900,283
273,20180827,1334,83800,90
274,20180827,1335,83900,811
275,20180827,1336,83700,139
276,20180827,1337,83700,81
277,20180827,1338,83800,100
278,20180827,1339,83700,561
279,20180827,1340,83800,234
280,20180827,1341,83800,155
281,20180827,1342,83700,187
282,20180827,1343,83700,124
283,20180827,1344,83700,110
284,20180827,1345,83800,293
285,20180827,1346,83700,179
286,20180827,1347,83800,263
287,20180827,1348,83900,245
288,20180827,1349,83800,252
289,20180827,1350,83800,109
290,20180827,1351,83800,144
291,20180827,1352,83800,113
292,20180827,1353,83800,74
293,20180827,1354,83900,157
294,20180827,1355,83900,1834
295,20180827,1356,83900,4605
296,20180827,1357,84100,418
297,20180827,1358,84100,246
298,20180827,1359,84100,52
299,20180827,1400,84100,324
300,20180827,1401,84100,179
301,20180827,1402,84000,698
302,20180827,1403,84000,211
303,20180827,1404,84000,196
304,20180827,1405,84100,205
305,20180827,1406,84100,228
306,20180827,1407,84100,97
307,20180827,1408,84100,345
308,20180827,1409,84100,240
309,20180827,1410,84100,111
310,20180827,1411,84100,131
311,20180827,1412,84100,160
312,20180827,1413,84100,90
313,20180827,1414,84100,500
314,20180827,1415,84100,226
315,20180827,1416,84100,150
316,20180827,1417,84000,129
317,20180827,1418,84000,180
318,20180827,1419,84100,125
319,20180827,1420,84100,221
320,20180827,1421,84100,183
321,20180827,1422,84100,214
322,20180827,1423,84100,66
323,20180827,1424,84100,227
324,20180827,1425,84100,628
325,20180827,1426,84100,163
326,20180827,1427,84100,227
327,20180827,1428,84100,122
328,20180827,1429,84100,242
329,20180827,1430,84000,218
330,20180827,1431,84100,242
331,20180827,1432,84100,236
332,20180827,1433,84000,322
333,20180827,1434,84000,70
334,20180827,1435,84000,155
335,20180827,1436,84000,362
336,20180827,1437,84100,119
337,20180827,1438,84100,340
338,20180827,1439,84100,501
339,20180827,1440,84100,153
340,20180827,1441,84100,1340
341,20180827,1442,83800,160
342,20180827,1443,84000,155
343,20180827,1444,83900,186
344,20180827,1445,83900,229
345,20180827,1446,83800,142
346,20180827,1447,83800,160
347,20180827,1448,83800,240
348,20180827,1449,83900,123
349,20180827,1450,83900,327
350,20180827,1451,84000,788
351,20180827,1452,83700,84
352,20180827,1453,83800,219
353,20180827,1454,83700,246
354,20180827,1455,83800,164
355,20180827,1456,83900,282
356,20180827,1457,83800,170
357,20180827,1458,83800,444
358,20180827,1459,83800,148
359,20180827,1500,83900,187
360,20180827,1501,83900,203
361,20180827,1502,83900,253
362,20180827,1503,83800,161
363,20180827,1504,83800,153
364,20180827,1505,83900,139
365,20180827,1506,83800,359
366,20180827,1507,83700,125
367,20180827,1508,83800,541
368,20180827,1509,83800,234
369,20180827,1510,83700,131
370,20180827,1511,83800,231
371,20180827,1512,83800,89
372,20180827,1513,83800,93
373,20180827,1514,83700,632
374,20180827,1515,83700,119
375,20180827,1516,83600,82
376,20180827,1517,83600,64
377,20180827,1518,83600,139
378,20180827,1519,83600,372
379,20180827,1520,83700,506
380,20180827,1530,83700,2494
381,20180828,901,83900,699
382,20180828,902,83900,1419
383,20180828,903,83600,546
384,20180828,904,83600,1272
385,20180828,905,83200,322
386,20180828,906,83200,141
387,20180828,907,83300,430
388,20180828,908,83300,308
389,20180828,909,83300,28
390,20180828,910,83400,139
391,20180828,911,83400,535
392,20180828,912,83600,165
393,20180828,913,83600,746
394,20180828,914,83800,180
395,20180828,915,83800,176
396,20180828,916,84000,440
397,20180828,917,84000,372
398,20180828,918,84100,460
399,20180828,919,84200,468
400,20180828,920,84200,3666
401,20180828,921,84000,937
402,20180828,922,84100,534
403,20180828,923,84000,55
404,20180828,924,84000,1026
405,20180828,925,83800,624
406,20180828,926,83700,841
407,20180828,927,83500,14
408,20180828,928,83500,581
409,20180828,929,83300,178
410,20180828,930,83300,419
411,20180828,931,83400,122
412,20180828,932,83400,63
413,20180828,933,83400,354
414,20180828,934,83400,246
415,20180828,935,83400,83
416,20180828,936,83400,293
417,20180828,937,83500,46
418,20180828,938,83500,52
419,20180828,939,83500,174
420,20180828,940,83600,448
421,20180828,941,83800,500
422,20180828,943,83700,559
423,20180828,944,83500,158
424,20180828,945,83500,40
425,20180828,946,83500,505
426,20180828,947,83400,45
427,20180828,948,83500,400
428,20180828,949,83600,93
429,20180828,950,83600,293
430,20180828,951,83500,416
431,20180828,952,83500,117
432,20180828,953,83500,161
433,20180828,954,83600,596
434,20180828,955,83600,34
435,20180828,956,83600,58
436,20180828,957,83600,414
437,20180828,958,83600,222
438,20180828,959,83500,39
439,20180828,1000,83500,22
440,20180828,1001,83500,31
441,20180828,1002,83500,2439
442,20180828,1003,83400,1614
443,20180828,1004,83300,25
444,20180828,1005,83400,94
445,20180828,1006,83300,52
446,20180828,1007,83300,15
447,20180828,1008,83400,188
448,20180828,1009,83300,101
449,20180828,1010,83400,17
450,20180828,1011,83400,95
451,20180828,1012,83400,251
452,20180828,1013,83500,17
453,20180828,1014,83500,464
454,20180828,1015,83400,35
455,20180828,1016,83400,200
456,20180828,1017,83500,585
457,20180828,1018,83400,599
458,20180828,1019,83200,137
459,20180828,1020,83200,27
460,20180828,1021,83200,211
461,20180828,1022,83300,411
462,20180828,1023,83400,230
463,20180828,1024,83400,379
464,20180828,1025,83400,204
465,20180828,1026,83400,222
466,20180828,1027,83300,341
467,20180828,1028,83300,286
468,20180828,1029,83300,31
469,20180828,1030,83300,3171
470,20180828,1031,83000,1920
471,20180828,1032,82900,907
472,20180828,1033,82800,260
473,20180828,1034,82700,963
474,20180828,1035,82400,1960
475,20180828,1036,82300,1433
476,20180828,1037,82500,406
477,20180828,1038,82400,292
478,20180828,1039,82200,473
479,20180828,1040,82100,49
480,20180828,1041,82100,128
481,20180828,1042,82100,440
482,20180828,1043,82100,406
483,20180828,1044,82100,726
484,20180828,1045,82200,83
485,20180828,1046,82100,652
486,20180828,1047,82000,772
487,20180828,1048,82000,1668
488,20180828,1049,82000,2832
489,20180828,1050,82300,134
490,20180828,1051,82200,345
491,20180828,1052,82300,256
492,20180828,1053,82300,139
493,20180828,1054,82300,41
494,20180828,1055,82400,742
495,20180828,1056,82400,2654
496,20180828,1057,82100,503
497,20180828,1058,82000,635
498,20180828,1059,82200,38
499,20180828,1100,82200,129
500,20180828,1101,82200,99
501,20180828,1102,82300,20
502,20180828,1103,82300,6
503,20180828,1104,82200,63
504,20180828,1105,82200,197
505,20180828,1106,82300,186
506,20180828,1107,82300,269
507,20180828,1108,82200,263
508,20180828,1109,82300,505
509,20180828,1110,82200,94
510,20180828,1111,82300,456
511,20180828,1112,82400,74
512,20180828,1113,82500,59
513,20180828,1114,82600,31
514,20180828,1115,82600,139
515,20180828,1116,82600,134
516,20180828,1117,82500,11
517,20180828,1118,82600,132
518,20180828,1119,82600,52
519,20180828,1120,82500,72
520,20180828,1121,82600,51
521,20180828,1122,82600,642
522,20180828,1123,82800,112
523,20180828,1124,82800,1014
524,20180828,1125,82600,10
525,20180828,1126,82500,23
526,20180828,1127,82600,2
527,20180828,1128,82500,37
528,20180828,1129,82600,22
529,20180828,1130,82600,15
530,20180828,1131,82500,13
531,20180828,1132,82600,33
532,20180828,1133,82500,3
533,20180828,1134,82500,11
534,20180828,1135,82600,220
535,20180828,1136,82500,70
536,20180828,1137,82600,17
537,20180828,1138,82500,450
538,20180828,1139,82500,25
539,20180828,1140,82600,25
540,20180828,1141,82600,20
541,20180828,1142,82500,340
542,20180828,1143,82500,492
543,20180828,1144,82400,7
544,20180828,1145,82500,120
545,20180828,1146,82400,200
546,20180828,1147,82500,104
547,20180828,1148,82400,100
548,20180828,1149,82500,3
549,20180828,1150,82500,5
550,20180828,1151,82400,6
551,20180828,1152,82400,34
552,20180828,1153,82500,8
553,20180828,1154,82400,6
554,20180828,1155,82500,30
555,20180828,1156,82500,15
556,20180828,1157,82400,108
557,20180828,1158,82400,26
558,20180828,1159,82500,23
559,20180828,1200,82500,33
560,20180828,1201,82400,40
561,20180828,1202,82500,53
562,20180828,1203,82500,10
563,20180828,1204,82400,48
564,20180828,1205,82500,12
565,20180828,1206,82400,27
566,20180828,1207,82400,14
567,20180828,1208,82400,24
568,20180828,1209,82500,2245
569,20180828,1210,82900,970
570,20180828,1211,82500,37
571,20180828,1212,82500,17
572,20180828,1213,82600,33
573,20180828,1214,82500,21
574,20180828,1215,82500,16
575,20180828,1216,82600,35
576,20180828,1217,82600,121
577,20180828,1218,82600,23
578,20180828,1219,82600,36
579,20180828,1220,82500,121
580,20180828,1221,82500,40
581,20180828,1222,82500,23
582,20180828,1223,82500,1
583,20180828,1224,82500,71
584,20180828,1225,82600,18
585,20180828,1226,82600,1
586,20180828,1227,82600,30
587,20180828,1228,82500,47
588,20180828,1229,82600,12
589,20180828,1230,82600,58
590,20180828,1231,82600,44
591,20180828,1232,82500,278
592,20180828,1233,82500,22
593,20180828,1234,82500,10
594,20180828,1235,82500,15
595,20180828,1236,82600,26
596,20180828,1237,82500,3
597,20180828,1238,82600,46
598,20180828,1239,82500,18
599,20180828,1240,82500,123
600,20180828,1241,82600,14
601,20180828,1242,82500,17
602,20180828,1243,82600,40
603,20180828,1244,82500,5
604,20180828,1245,82600,26
605,20180828,1246,82600,34
606,20180828,1248,82600,28
607,20180828,1249,82600,627
608,20180828,1250,82600,1315
609,20180828,1251,82700,650
610,20180828,1252,82800,51
611,20180828,1253,82800,189
612,20180828,1254,82800,31
613,20180828,1255,82900,101
614,20180828,1256,82800,92
615,20180828,1257,82900,20
616,20180828,1258,82900,217
617,20180828,1259,82900,92
618,20180828,1300,82900,13
619,20180828,1301,82900,147
620,20180828,1302,82900,178
621,20180828,1303,82900,221
622,20180828,1305,83000,93
623,20180828,1306,83000,939
624,20180828,1307,83000,19
625,20180828,1308,83000,255
626,20180828,1309,83100,658
627,20180828,1310,83300,46
628,20180828,1311,83300,83
629,20180828,1312,83300,121
630,20180828,1313,83300,106
631,20180828,1314,83300,4
632,20180828,1315,83300,1794
633,20180828,1316,83000,115
634,20180828,1317,82900,1
635,20180828,1318,82900,32
636,20180828,1319,83000,97
637,20180828,1320,82900,114
638,20180828,1321,82900,22
639,20180828,1322,82900,3
640,20180828,1323,83000,7
641,20180828,1324,83000,132
642,20180828,1325,82900,4
643,20180828,1326,83000,23
644,20180828,1327,82900,879
645,20180828,1328,82700,232
646,20180828,1329,82700,226
647,20180828,1330,82800,2
648,20180828,1331,82700,79
649,20180828,1332,82700,166
650,20180828,1333,82800,136
651,20180828,1334,82700,169
652,20180828,1335,82700,94
653,20180828,1336,82700,23
654,20180828,1337,82700,189
655,20180828,1338,82700,8
656,20180828,1339,82800,12
657,20180828,1340,82700,28
658,20180828,1341,82800,30
659,20180828,1342,82800,18
660,20180828,1343,82800,12
661,20180828,1344,82800,30
662,20180828,1345,82800,21
663,20180828,1346,82700,25
664,20180828,1347,82800,52
665,20180828,1348,82700,4
666,20180828,1349,82700,69
667,20180828,1350,82800,42
668,20180828,1351,82700,29
669,20180828,1352,82700,4
670,20180828,1353,82800,31
671,20180828,1354,82800,10
672,20180828,1355,82700,146
673,20180828,1356,82800,29
674,20180828,1357,82700,151
675,20180828,1358,82800,48
676,20180828,1359,82800,9
677,20180828,1400,82800,198
678,20180828,1401,82700,10
679,20180828,1402,82800,157
680,20180828,1403,82700,82
681,20180828,1405,82700,180
682,20180828,1406,82700,84
683,20180828,1407,82800,2
684,20180828,1408,82700,15
685,20180828,1409,82700,96
686,20180828,1410,82700,161
687,20180828,1411,82700,104
688,20180828,1412,82700,51
689,20180828,1413,82700,34
690,20180828,1414,82700,55
691,20180828,1415,82700,65
692,20180828,1416,82700,113
693,20180828,1417,82700,98
694,20180828,1418,82700,37
695,20180828,1419,82700,138
696,20180828,1420,82700,106
697,20180828,1421,82700,70
698,20180828,1422,82700,42
699,20180828,1423,82700,391
700,20180828,1424,82700,59
701,20180828,1425,82700,213
702,20180828,1426,82700,458
703,20180828,1427,82700,125
704,20180828,1428,82700,157
705,20180828,1429,82700,47
706,20180828,1430,82700,32
707,20180828,1431,82700,67
708,20180828,1432,82700,3574
709,20180828,1433,83100,83
710,20180828,1434,83200,250
711,20180828,1435,83200,59
712,20180828,1436,83200,264
713,20180828,1437,83100,56
714,20180828,1438,83200,98
715,20180828,1439,83200,102
716,20180828,1440,83200,212
717,20180828,1441,83100,307
718,20180828,1442,83200,120
719,20180828,1443,83100,86
720,20180828,1444,83100,48
721,20180828,1445,83100,52
722,20180828,1446,83200,69
723,20180828,1447,83100,7
724,20180828,1448,83100,147
725,20180828,1449,83100,18
726,20180828,1450,83100,69
727,20180828,1451,83100,948
728,20180828,1452,83100,106
729,20180828,1453,83100,272
730,20180828,1454,83100,84
731,20180828,1455,83100,49
732,20180828,1456,83100,10
733,20180828,1457,83100,117
734,20180828,1458,83100,20
735,20180828,1459,83200,205
736,20180828,1500,83100,39
737,20180828,1501,83100,67
738,20180828,1502,83100,42
739,20180828,1503,83100,134
740,20180828,1504,83200,222
741,20180828,1505,83100,29
742,20180828,1506,83100,337
743,20180828,1507,83100,152
744,20180828,1508,83100,177
745,20180828,1509,83200,2311
746,20180828,1510,83000,110
747,20180828,1511,83000,8
748,20180828,1512,83000,327
749,20180828,1513,83000,26
750,20180828,1514,83100,71
751,20180828,1515,83100,126
752,20180828,1516,83000,63
753,20180828,1517,83000,49
754,20180828,1518,83100,65
755,20180828,1519,83100,104
756,20180828,1520,83100,633
757,20180828,1530,83100,3092
758,20180829,901,82700,861
759,20180829,902,82900,275
760,20180829,903,83400,271
761,20180829,904,83800,304
762,20180829,905,83300,110
763,20180829,906,83700,825
764,20180829,907,83900,467
765,20180829,908,83800,339
766,20180829,909,83800,760
767,20180829,910,83900,579
768,20180829,911,84100,1286
769,20180829,912,84200,360
770,20180829,913,84000,597
771,20180829,914,83600,143
772,20180829,915,83900,65
773,20180829,916,83800,340
774,20180829,917,83800,111
775,20180829,918,83800,192
776,20180829,919,83800,97
777,20180829,920,83700,797
778,20180829,921,83300,220
779,20180829,922,83500,122
780,20180829,923,83500,10
781,20180829,924,83600,68
782,20180829,925,83500,91
783,20180829,926,83600,15
784,20180829,927,83500,200
785,20180829,928,83400,478
786,20180829,929,83300,59
787,20180829,930,83200,57
788,20180829,931,83300,93
789,20180829,932,83500,88
790,20180829,933,83500,10
791,20180829,934,83400,26
792,20180829,935,83400,44
793,20180829,936,83400,29
794,20180829,937,83400,84
795,20180829,938,83400,165
796,20180829,939,83500,17
797,20180829,940,83600,83
798,20180829,941,83500,5
799,20180829,942,83600,72
800,20180829,943,83600,26
801,20180829,944,83500,125
802,20180829,945,83600,485
803,20180829,946,83500,217
804,20180829,947,83600,119
805,20180829,948,83600,5
806,20180829,949,83600,4
807,20180829,950,83600,182
808,20180829,951,83500,5
809,20180829,952,83500,9
810,20180829,953,83600,832
811,20180829,954,83700,20
812,20180829,955,83700,6
813,20180829,956,83700,144
814,20180829,957,83800,49
815,20180829,958,83800,161
816,20180829,959,83900,71
817,20180829,1000,83800,891
818,20180829,1001,84000,1003
819,20180829,1002,84200,300
820,20180829,1003,84100,540
821,20180829,1004,84300,130
822,20180829,1005,84300,512
823,20180829,1006,84300,921
824,20180829,1007,84400,2521
825,20180829,1008,84600,962
826,20180829,1009,84700,1331
827,20180829,1010,84700,158
828,20180829,1011,84400,107
829,20180829,1012,84600,37
830,20180829,1013,84500,234
831,20180829,1014,84500,47
832,20180829,1015,84500,1061
833,20180829,1016,84700,80
834,20180829,1017,84600,348
835,20180829,1018,84600,13
836,20180829,1019,84600,10
837,20180829,1020,84600,25
838,20180829,1021,84600,20
839,20180829,1022,84600,108
840,20180829,1023,84600,208
841,20180829,1024,84500,302
842,20180829,1025,84500,55
843,20180829,1026,84500,352
844,20180829,1027,84600,104
845,20180829,1028,84600,194
846,20180829,1029,84600,88
847,20180829,1030,84500,93
848,20180829,1031,84500,959
849,20180829,1032,84500,39
850,20180829,1033,84400,153
851,20180829,1034,84500,65
852,20180829,1035,84400,16
853,20180829,1036,84400,121
854,20180829,1037,84400,53
855,20180829,1038,84400,46
856,20180829,1039,84500,165
857,20180829,1040,84500,46
858,20180829,1041,84400,81
859,20180829,1042,84400,72
860,20180829,1043,84400,91
861,20180829,1044,84400,118
862,20180829,1045,84400,46
863,20180829,1046,84400,181
864,20180829,1047,84400,113
865,20180829,1048,84400,94
866,20180829,1049,84400,51
867,20180829,1050,84500,176
868,20180829,1051,84400,95
869,20180829,1052,84500,134
870,20180829,1053,84500,47
871,20180829,1054,84400,151
872,20180829,1055,84400,201
873,20180829,1056,84400,68
874,20180829,1057,84400,35
875,20180829,1058,84400,1317
876,20180829,1059,84500,120
877,20180829,1100,84500,32
878,20180829,1101,84500,133
879,20180829,1102,84500,1626
880,20180829,1103,84400,70
881,20180829,1104,84400,11
882,20180829,1105,84400,253
883,20180829,1106,84400,207
884,20180829,1107,84400,359
885,20180829,1108,84400,827
886,20180829,1109,84300,56
887,20180829,1110,84400,47
888,20180829,1111,84400,12
889,20180829,1112,84300,63
890,20180829,1113,84300,56
891,20180829,1114,84400,403
892,20180829,1115,84300,6
893,20180829,1116,84400,63
894,20180829,1117,84400,114
895,20180829,1118,84400,45
896,20180829,1119,84400,139
897,20180829,1120,84300,52
898,20180829,1121,84300,65
899,20180829,1122,84400,80
900,20180829,1123,84400,66
901,20180829,1124,84400,48
902,20180829,1125,84300,108
903,20180829,1126,84300,31
904,20180829,1127,84300,585
905,20180829,1128,84400,131
906,20180829,1129,84400,303
907,20180829,1130,84500,123
908,20180829,1131,84500,119
909,20180829,1132,84400,49
910,20180829,1133,84500,119
911,20180829,1134,84500,119
912,20180829,1135,84400,118
913,20180829,1136,84500,146
914,20180829,1137,84500,1263
915,20180829,1138,84600,937
916,20180829,1139,84700,469
917,20180829,1140,84600,57
918,20180829,1141,84700,162
919,20180829,1142,84700,87
920,20180829,1143,84700,667
921,20180829,1144,84700,100
922,20180829,1145,84700,89
923,20180829,1146,84800,46
924,20180829,1147,84800,153
925,20180829,1148,84700,58
926,20180829,1149,84800,279
927,20180829,1150,84800,250
928,20180829,1151,84700,211
929,20180829,1152,84800,45
930,20180829,1153,84800,150
931,20180829,1154,84700,87
932,20180829,1155,84800,222
933,20180829,1156,84700,125
934,20180829,1157,84800,82
935,20180829,1158,84700,124
936,20180829,1159,84700,161
937,20180829,1200,84800,596
938,20180829,1201,84700,76
939,20180829,1202,84800,245
940,20180829,1203,84700,60
941,20180829,1204,84800,49
942,20180829,1205,84800,58
943,20180829,1206,84700,373
944,20180829,1207,84700,112
945,20180829,1208,84800,53
946,20180829,1209,84800,45
947,20180829,1210,84800,118
948,20180829,1211,84700,63
949,20180829,1212,84700,437
950,20180829,1213,84800,15
951,20180829,1214,84800,47
952,20180829,1215,84800,106
953,20180829,1216,84700,50
954,20180829,1217,84700,40
955,20180829,1218,84700,146
956,20180829,1219,84700,74
957,20180829,1220,84700,9
958,20180829,1221,84800,117
959,20180829,1222,84700,175
960,20180829,1223,84800,172
961,20180829,1224,84700,23
962,20180829,1225,84800,63
963,20180829,1226,84700,408
964,20180829,1227,84700,55
965,20180829,1228,84700,661
966,20180829,1229,84800,56
967,20180829,1230,84700,50
968,20180829,1231,84800,92
969,20180829,1232,84700,87
970,20180829,1233,84700,57
971,20180829,1234,84700,229
972,20180829,1235,84800,16
973,20180829,1236,84800,77
974,20180829,1237,84800,120
975,20180829,1238,84900,1075
976,20180829,1239,84800,20
977,20180829,1240,84700,63
978,20180829,1241,84700,393
979,20180829,1242,84700,12
980,20180829,1243,84800,128
981,20180829,1244,84700,578
982,20180829,1245,84600,72
983,20180829,1246,84700,10
984,20180829,1247,84700,61
985,20180829,1248,84600,44
986,20180829,1249,84700,95
987,20180829,1250,84600,118
988,20180829,1251,84600,73
989,20180829,1252,84600,143
990,20180829,1253,84800,22
991,20180829,1254,84800,233
992,20180829,1255,84800,61
993,20180829,1256,84700,47
994,20180829,1257,84800,106
995,20180829,1258,84700,54
996,20180829,1259,84800,60
997,20180829,1300,84700,78
998,20180829,1301,84800,62
999,20180829,1302,84700,67
1000,20180829,1303,84800,159
1001,20180829,1304,84700,26
1002,20180829,1305,84700,121
1003,20180829,1306,84800,107
1004,20180829,1307,84700,65
1005,20180829,1308,84800,92
1006,20180829,1309,84700,50
1007,20180829,1310,84800,69
1008,20180829,1311,84800,106
1009,20180829,1312,84700,101
1010,20180829,1313,84800,190
1011,20180829,1314,84700,138
1012,20180829,1315,84800,31
1013,20180829,1316,84800,150
1014,20180829,1317,84700,212
1015,20180829,1318,84700,169
1016,20180829,1319,84800,96
1017,20180829,1320,84700,123
1018,20180829,1321,84700,73
1019,20180829,1322,84800,128
1020,20180829,1323,84700,58
1021,20180829,1324,84800,73
1022,20180829,1325,84800,134
1023,20180829,1326,84800,45
1024,20180829,1327,84800,179
1025,20180829,1328,84700,299
1026,20180829,1329,84700,62
1027,20180829,1330,84700,115
1028,20180829,1331,84800,328
1029,20180829,1332,84800,101
1030,20180829,1333,84700,48
1031,20180829,1334,84700,69
1032,20180829,1335,84700,112
1033,20180829,1336,84800,86
1034,20180829,1337,84700,41
1035,20180829,1338,84800,883
1036,20180829,1339,84800,108
1037,20180829,1340,84800,30
1038,20180829,1341,84800,91
1039,20180829,1342,84700,62
1040,20180829,1343,84700,141
1041,20180829,1344,84700,50
1042,20180829,1345,84700,58
1043,20180829,1346,84700,144
1044,20180829,1347,84700,149
1045,20180829,1348,84800,44
1046,20180829,1349,84800,172
1047,20180829,1350,84700,76
1048,20180829,1351,84700,57
1049,20180829,1352,84700,549
1050,20180829,1353,84700,110
1051,20180829,1354,84700,168
1052,20180829,1355,84700,76
1053,20180829,1356,84700,2453
1054,20180829,1357,84900,172
1055,20180829,1358,84900,101
1056,20180829,1359,84900,75
1057,20180829,1400,84800,954
1058,20180829,1401,84900,435
1059,20180829,1402,84900,471
1060,20180829,1403,84900,809
1061,20180829,1404,84900,167
1062,20180829,1405,85000,362
1063,20180829,1406,84900,538
1064,20180829,1407,84900,57
1065,20180829,1408,84800,317
1066,20180829,1409,84900,251
1067,20180829,1410,84900,11
1068,20180829,1411,84800,439
1069,20180829,1412,84900,71
1070,20180829,1413,84900,371
1071,20180829,1414,84900,61
1072,20180829,1415,84900,50
1073,20180829,1416,84900,555
1074,20180829,1417,84900,13
1075,20180829,1418,84900,138
1076,20180829,1419,84900,442
1077,20180829,1420,84800,570
1078,20180829,1421,84800,316
1079,20180829,1422,84900,41
1080,20180829,1423,84900,538
1081,20180829,1424,84900,264
1082,20180829,1425,84800,222
1083,20180829,1426,84800,74
1084,20180829,1427,84800,318
1085,20180829,1428,84800,991
1086,20180829,1429,84800,478
1087,20180829,1430,84900,326
1088,20180829,1431,84900,567
1089,20180829,1432,84900,67
1090,20180829,1433,84900,52
1091,20180829,1434,84800,49
1092,20180829,1435,84900,155
1093,20180829,1436,84800,1960
1094,20180829,1437,84800,345
1095,20180829,1438,84700,97
1096,20180829,1439,84700,650
1097,20180829,1440,84800,48
1098,20180829,1441,84800,119
1099,20180829,1442,84700,173
1100,20180829,1443,84800,552
1101,20180829,1444,84800,182
1102,20180829,1445,84800,88
1103,20180829,1446,84700,80
1104,20180829,1447,84800,109
1105,20180829,1448,84700,56
1106,20180829,1449,84800,828
1107,20180829,1450,84700,1322
1108,20180829,1451,84500,350
1109,20180829,1452,84600,332
1110,20180829,1453,84800,414
1111,20180829,1454,84600,121
1112,20180829,1455,84700,45
1113,20180829,1456,84800,617
1114,20180829,1457,84700,669
1115,20180829,1458,84600,359
1116,20180829,1459,84600,111
1117,20180829,1500,84800,458
1118,20180829,1501,84700,1293
1119,20180829,1502,85000,805
1120,20180829,1503,84900,1415
1121,20180829,1504,85000,384
1122,20180829,1505,84900,456
1123,20180829,1506,84900,171
1124,20180829,1507,85000,219
1125,20180829,1508,84900,597
1126,20180829,1509,85000,274
1127,20180829,1510,84900,638
1128,20180829,1511,85000,444
1129,20180829,1512,84900,55
1130,20180829,1513,84900,1102
1131,20180829,1514,84900,120
1132,20180829,1515,85000,373
1133,20180829,1516,84900,214
1134,20180829,1517,85000,151
1135,20180829,1518,84900,595
1136,20180829,1519,84900,87
1137,20180829,1520,84900,324
1138,20180829,1530,84900,4381
0,20180830,901,85100,585
1,20180830,902,85200,881
2,20180830,903,84900,909
3,20180830,904,84600,66
4,20180830,905,84600,334
5,20180830,906,84700,85
6,20180830,907,84700,226
7,20180830,908,84600,50
8,20180830,909,84700,924
9,20180830,910,84600,35
10,20180830,911,84500,53
11,20180830,912,84500,618
12,20180830,913,84500,17
13,20180830,914,84400,97
14,20180830,915,84400,20
15,20180830,916,84400,536
16,20180830,917,84600,93
17,20180830,918,84600,205
18,20180830,919,84600,212
19,20180830,920,84500,248
20,20180830,921,84700,365
21,20180830,922,84700,84
22,20180830,923,84600,107
23,20180830,924,84700,40
24,20180830,925,84700,102
25,20180830,926,84700,48
26,20180830,927,84600,64
27,20180830,928,84700,291
28,20180830,929,84700,182
29,20180830,930,84800,276
30,20180830,931,84800,195
31,20180830,932,84800,25
32,20180830,933,84800,330
33,20180830,934,84900,459
34,20180830,935,84900,18
35,20180830,936,84900,46
36,20180830,937,85000,394
37,20180830,938,85000,1330
38,20180830,939,85000,3
39,20180830,940,85000,137
40,20180830,941,85100,157
41,20180830,942,85100,1131
42,20180830,943,85400,330
43,20180830,944,85400,36
44,20180830,945,85400,106
45,20180830,946,85400,104
46,20180830,947,85400,22
47,20180830,948,85400,121
48,20180830,949,85400,99
49,20180830,950,85500,611
50,20180830,951,85500,9
51,20180830,952,85500,256
52,20180830,953,85400,15
53,20180830,954,85500,71
54,20180830,955,85400,702
55,20180830,956,85500,142
56,20180830,957,85400,284
57,20180830,958,85600,72
58,20180830,959,85600,264
59,20180830,1000,85600,16
60,20180830,1001,85500,570
61,20180830,1002,85700,17
62,20180830,1003,85700,62
63,20180830,1004,85600,128
64,20180830,1005,85700,59
65,20180830,1006,85700,76
66,20180830,1007,85600,55
67,20180830,1008,85700,134
68,20180830,1009,85700,172
69,20180830,1010,85600,84
70,20180830,1011,85700,409
71,20180830,1012,85700,370
72,20180830,1013,85800,891
73,20180830,1014,85900,715
74,20180830,1015,86000,505
75,20180830,1016,85900,204
76,20180830,1017,86100,1209
77,20180830,1018,86300,167
78,20180830,1019,86200,51
79,20180830,1020,86100,86
80,20180830,1021,86300,433
81,20180830,1022,86400,831
82,20180830,1023,86400,20
83,20180830,1024,86400,1239
84,20180830,1025,86500,803
85,20180830,1026,86500,368
86,20180830,1027,86400,585
87,20180830,1028,86400,169
88,20180830,1029,86400,235
89,20180830,1030,86500,223
90,20180830,1031,86500,1200
91,20180830,1032,86100,148
92,20180830,1033,86200,170
93,20180830,1034,86400,7
94,20180830,1035,86300,42
95,20180830,1036,86400,74
96,20180830,1037,86400,24
97,20180830,1038,86300,14
98,20180830,1039,86300,30
99,20180830,1040,86400,1144
100,20180830,1041,86200,49
101,20180830,1042,86100,426
102,20180830,1043,86100,601
103,20180830,1044,86200,13
104,20180830,1045,86300,10
105,20180830,1046,86300,18
106,20180830,1047,86200,94
107,20180830,1048,86200,581
108,20180830,1049,86200,206
109,20180830,1050,86200,10
110,20180830,1051,86200,83
111,20180830,1052,86200,43
112,20180830,1053,86200,250
113,20180830,1054,86100,142
114,20180830,1055,86300,108
115,20180830,1056,86300,123
116,20180830,1057,86200,118
117,20180830,1058,86300,148
118,20180830,1059,86300,154
119,20180830,1100,86200,142
120,20180830,1101,86300,86
121,20180830,1102,86400,145
122,20180830,1103,86300,42
123,20180830,1104,86300,409
124,20180830,1105,86300,97
125,20180830,1106,86300,27
126,20180830,1107,86400,321
127,20180830,1108,86400,59
128,20180830,1109,86300,84
129,20180830,1110,86400,202
130,20180830,1111,86400,93
131,20180830,1112,86300,185
132,20180830,1113,86300,138
133,20180830,1114,86300,59
134,20180830,1115,86300,385
135,20180830,1116,86300,273
136,20180830,1117,86400,62
137,20180830,1118,86500,1287
138,20180830,1119,86500,15
139,20180830,1120,86500,21
140,20180830,1121,86400,401
141,20180830,1122,86400,119
142,20180830,1123,86400,155
143,20180830,1124,86400,11
144,20180830,1125,86400,471
145,20180830,1126,86500,131
146,20180830,1127,86500,35
147,20180830,1128,86500,68
148,20180830,1129,86500,257
149,20180830,1130,86500,40
150,20180830,1131,86400,74
151,20180830,1132,86400,236
152,20180830,1133,86500,106
153,20180830,1134,86400,313
154,20180830,1135,86500,207
155,20180830,1136,86500,338
156,20180830,1137,86400,195
157,20180830,1138,86500,44
158,20180830,1139,86400,131
159,20180830,1140,86500,387
160,20180830,1141,86500,56
161,20180830,1142,86500,30
162,20180830,1143,86500,330
163,20180830,1144,86400,93
164,20180830,1145,86500,170
165,20180830,1146,86400,363
166,20180830,1147,86500,167
167,20180830,1148,86500,222
168,20180830,1149,86400,37
169,20180830,1150,86500,101
170,20180830,1151,86500,347
171,20180830,1152,86400,78
172,20180830,1153,86500,57
173,20180830,1154,86400,195
174,20180830,1155,86500,190
175,20180830,1156,86500,217
176,20180830,1157,86400,121
177,20180830,1158,86500,220
178,20180830,1159,86400,605
179,20180830,1200,86400,1169
180,20180830,1201,86400,221
181,20180830,1202,86300,141
182,20180830,1203,86400,20
183,20180830,1204,86300,619
184,20180830,1205,86400,195
185,20180830,1206,86400,857
186,20180830,1207,86300,189
187,20180830,1208,86500,98
188,20180830,1209,86400,9
189,20180830,1210,86300,135
190,20180830,1211,86300,56
191,20180830,1212,86400,90
192,20180830,1213,86300,117
193,20180830,1214,86400,53
194,20180830,1215,86300,760
195,20180830,1216,86300,330
196,20180830,1217,86200,22
197,20180830,1218,86200,134
198,20180830,1219,86200,98
199,20180830,1220,86300,58
200,20180830,1221,86300,160
201,20180830,1222,86200,22
202,20180830,1223,86200,1139
203,20180830,1224,86100,745
204,20180830,1225,86200,324
205,20180830,1226,86000,40
206,20180830,1227,86100,121
207,20180830,1228,86100,297
208,20180830,1229,86000,193
209,20180830,1230,85900,138
210,20180830,1231,86000,25
211,20180830,1232,86000,168
212,20180830,1233,86000,215
213,20180830,1234,86000,130
214,20180830,1235,86100,150
215,20180830,1236,86100,34
216,20180830,1237,86000,583
217,20180830,1238,86100,165
218,20180830,1239,86100,65
219,20180830,1240,86100,169
220,20180830,1241,86000,81
221,20180830,1242,86200,63
222,20180830,1243,86100,276
223,20180830,1244,86200,75
224,20180830,1245,86100,25
225,20180830,1246,86200,182
226,20180830,1247,86100,435
227,20180830,1248,86300,45
228,20180830,1249,86200,212
229,20180830,1250,86300,93
230,20180830,1251,86300,155
231,20180830,1252,86200,41
232,20180830,1253,86300,71
233,20180830,1254,86300,163
234,20180830,1255,86300,116
235,20180830,1256,86300,85
236,20180830,1257,86300,159
237,20180830,1258,86300,64
238,20180830,1259,86300,157
239,20180830,1300,86300,287
240,20180830,1301,86300,106
241,20180830,1302,86300,329
242,20180830,1303,86200,342
243,20180830,1304,86200,981
244,20180830,1305,86100,458
245,20180830,1306,86100,215
246,20180830,1307,86100,279
247,20180830,1308,86000,110
248,20180830,1309,86100,24
249,20180830,1310,86100,107
250,20180830,1311,86100,184
251,20180830,1312,86100,4
252,20180830,1313,86100,231
253,20180830,1314,86100,461
254,20180830,1315,86200,11
255,20180830,1316,86000,152
256,20180830,1317,86200,211
257,20180830,1318,86100,24
258,20180830,1319,86200,126
259,20180830,1320,86200,150
260,20180830,1321,86100,39
261,20180830,1322,86100,154
262,20180830,1323,86200,408
263,20180830,1324,86200,234
264,20180830,1325,86100,36
265,20180830,1326,86200,70
266,20180830,1327,86100,194
267,20180830,1328,86200,120
268,20180830,1329,86200,51
269,20180830,1330,86200,193
270,20180830,1331,86100,177
271,20180830,1332,86200,61
272,20180830,1333,86200,194
273,20180830,1334,86100,48
274,20180830,1335,86100,229
275,20180830,1336,86100,66
276,20180830,1337,86100,329
277,20180830,1338,86200,194
278,20180830,1339,86100,91
279,20180830,1340,86200,322
280,20180830,1341,86200,117
281,20180830,1342,86100,108
282,20180830,1343,86200,61
283,20180830,1344,86100,115
284,20180830,1345,86200,41
285,20180830,1346,86200,282
286,20180830,1347,86200,81
287,20180830,1348,86200,29
288,20180830,1349,86100,233
289,20180830,1350,86200,4
290,20180830,1351,86100,145
291,20180830,1352,86200,178
292,20180830,1353,86200,124
293,20180830,1354,86100,51
294,20180830,1355,86200,297
295,20180830,1356,86200,155
296,20180830,1357,86200,137
297,20180830,1358,86100,52
298,20180830,1359,86200,108
299,20180830,1400,86200,379
300,20180830,1401,86100,138
301,20180830,1402,86100,52
302,20180830,1403,86100,186
303,20180830,1404,86200,139
304,20180830,1405,86100,602
305,20180830,1406,86200,169
306,20180830,1407,86100,89
307,20180830,1408,86100,135
308,20180830,1409,86200,198
309,20180830,1410,86100,124
310,20180830,1411,86100,401
311,20180830,1412,86200,57
312,20180830,1413,86100,126
313,20180830,1414,86200,539
314,20180830,1415,86100,34
315,20180830,1416,86100,174
316,20180830,1417,86100,517
317,20180830,1418,86100,181
318,20180830,1419,86200,495
319,20180830,1420,86100,67
320,20180830,1421,86100,254
321,20180830,1422,86200,256
322,20180830,1423,86100,122
323,20180830,1424,86100,1255
324,20180830,1425,86100,241
325,20180830,1426,86100,502
326,20180830,1427,86100,225
327,20180830,1428,86100,226
328,20180830,1429,86200,127
329,20180830,1430,86100,274
330,20180830,1431,86200,394
331,20180830,1432,86200,352
332,20180830,1433,86300,1694
333,20180830,1434,86100,20
334,20180830,1435,86200,510
335,20180830,1436,86100,186
336,20180830,1437,86200,16
337,20180830,1438,86100,5
338,20180830,1439,86100,252
339,20180830,1440,86200,143
340,20180830,1441,86100,369
341,20180830,1442,86300,167
342,20180830,1443,86300,39
343,20180830,1444,86200,282
344,20180830,1445,86300,234
345,20180830,1446,86300,183
346,20180830,1447,86200,199
347,20180830,1448,86200,171
348,20180830,1449,86200,87
349,20180830,1450,86200,298
350,20180830,1451,86200,258
351,20180830,1452,86300,209
352,20180830,1453,86200,234
353,20180830,1454,86200,125
354,20180830,1455,86300,343
355,20180830,1456,86200,541
356,20180830,1457,86300,118
357,20180830,1458,86300,360
358,20180830,1459,86400,1101
359,20180830,1500,86200,68
360,20180830,1501,86300,590
361,20180830,1502,86300,300
362,20180830,1503,86300,68
363,20180830,1504,86400,121
364,20180830,1505,86400,98
365,20180830,1506,86300,242
366,20180830,1507,86300,1142
367,20180830,1508,86200,96
368,20180830,1509,86200,64
369,20180830,1510,86300,142
370,20180830,1511,86200,347
371,20180830,1512,86100,217
372,20180830,1513,86200,269
373,20180830,1514,86100,42
374,20180830,1515,86100,53
375,20180830,1516,86200,60
376,20180830,1517,86100,250
377,20180830,1518,86200,106
378,20180830,1519,86100,140
379,20180830,1520,86100,216
380,20180830,1530,86200,2666
381,20180831,901,86900,4435
382,20180831,902,87000,480
383,20180831,903,86900,329
384,20180831,904,86900,385
385,20180831,905,87000,338
386,20180831,906,87000,639
387,20180831,907,87500,1031
388,20180831,908,87500,505
389,20180831,909,87300,3400
390,20180831,910,87600,757
391,20180831,911,87500,1634
392,20180831,912,87500,810
393,20180831,913,87500,1441
394,20180831,914,87600,1872
395,20180831,915,87800,1526
396,20180831,916,87900,704
397,20180831,917,87800,1737
398,20180831,918,87900,948
399,20180831,919,87900,474
400,20180831,920,88000,5619
401,20180831,921,88300,1031
402,20180831,922,88100,1214
403,20180831,923,88300,521
404,20180831,924,88100,1492
405,20180831,925,88400,1498
406,20180831,926,88500,1102
407,20180831,927,88600,397
408,20180831,928,88700,852
409,20180831,929,88700,399
410,20180831,930,88800,1655
411,20180831,931,88500,241
412,20180831,932,88700,396
413,20180831,933,88700,800
414,20180831,934,88800,274
415,20180831,935,88800,329
416,20180831,936,88600,952
417,20180831,937,88000,759
418,20180831,938,88400,929
419,20180831,939,88500,310
420,20180831,940,88500,614
421,20180831,941,88400,848
422,20180831,942,88700,409
423,20180831,943,88700,619
424,20180831,944,88400,233
425,20180831,945,88400,593
426,20180831,946,88400,163
427,20180831,947,88500,657
428,20180831,948,88200,86
429,20180831,949,88300,486
430,20180831,950,88200,318
431,20180831,951,88200,479
432,20180831,952,88100,129
433,20180831,953,88100,253
434,20180831,954,88000,113
435,20180831,955,88100,245
436,20180831,956,88000,1332
437,20180831,957,87800,182
438,20180831,958,87900,682
439,20180831,959,87800,340
440,20180831,1000,87700,588
441,20180831,1001,87600,315
442,20180831,1002,87600,310
443,20180831,1003,87600,107
444,20180831,1004,87500,756
445,20180831,1005,87700,248
446,20180831,1006,87800,321
447,20180831,1007,87900,249
448,20180831,1008,87900,187
449,20180831,1009,87900,164
450,20180831,1010,87900,795
451,20180831,1011,88100,162
452,20180831,1012,88200,736
453,20180831,1013,87900,725
454,20180831,1014,87900,237
455,20180831,1015,87900,316
456,20180831,1016,87900,32
457,20180831,1017,88000,124
458,20180831,1018,87900,370
459,20180831,1019,88100,161
460,20180831,1020,88000,194
461,20180831,1021,87900,44
462,20180831,1022,87900,334
463,20180831,1023,87800,21
464,20180831,1024,87800,324
465,20180831,1025,87900,106
466,20180831,1026,87800,175
467,20180831,1027,87700,214
468,20180831,1028,87800,73
469,20180831,1029,87800,65
470,20180831,1030,87700,363
471,20180831,1031,87800,108
472,20180831,1032,87800,9
473,20180831,1033,87800,206
474,20180831,1034,87800,47
475,20180831,1035,87800,88
476,20180831,1036,87800,257
477,20180831,1037,87700,157
478,20180831,1038,87600,77
479,20180831,1039,87600,133
480,20180831,1040,87700,77
481,20180831,1041,87700,116
482,20180831,1042,87700,175
483,20180831,1043,87600,133
484,20180831,1044,87700,345
485,20180831,1045,87500,1603
486,20180831,1046,87200,261
487,20180831,1047,87200,305
488,20180831,1048,87400,500
489,20180831,1049,87300,71
490,20180831,1050,87400,77
491,20180831,1051,87400,103
492,20180831,1052,87500,78
493,20180831,1053,87400,658
494,20180831,1054,87300,92
495,20180831,1055,87300,145
496,20180831,1056,87600,363
497,20180831,1057,87400,44
498,20180831,1058,87500,62
499,20180831,1059,87500,313
500,20180831,1100,87400,72
501,20180831,1101,87400,219
502,20180831,1102,87400,32
503,20180831,1103,87300,62
504,20180831,1104,87300,543
505,20180831,1105,87300,245
506,20180831,1106,87200,100
507,20180831,1107,87200,130
508,20180831,1108,87200,93
509,20180831,1109,87200,76
510,20180831,1110,87200,129
511,20180831,1111,87300,41
512,20180831,1112,87300,989
513,20180831,1113,87200,93
514,20180831,1114,87100,88
515,20180831,1115,87200,93
516,20180831,1116,87200,100
517,20180831,1117,87100,128
518,20180831,1118,87200,85
519,20180831,1119,87200,68
520,20180831,1120,87200,87
521,20180831,1121,87200,435
522,20180831,1122,87200,155
523,20180831,1123,87200,122
524,20180831,1124,87100,186
525,20180831,1125,87200,84
526,20180831,1126,87100,145
527,20180831,1127,87200,279
528,20180831,1128,87200,289
529,20180831,1129,87300,333
530,20180831,1130,87200,92
531,20180831,1131,87300,146
532,20180831,1132,87300,57
533,20180831,1133,87200,180
534,20180831,1134,87200,52
535,20180831,1135,87200,100
536,20180831,1136,87300,39
537,20180831,1137,87300,272
538,20180831,1138,87300,90
539,20180831,1139,87400,97
540,20180831,1140,87300,64
541,20180831,1141,87400,484
542,20180831,1142,87500,101
543,20180831,1143,87400,37
544,20180831,1144,87400,110
545,20180831,1145,87500,335
546,20180831,1146,87500,87
547,20180831,1147,87500,36
548,20180831,1148,87500,38
549,20180831,1149,87400,73
550,20180831,1150,87500,159
551,20180831,1151,87400,160
552,20180831,1152,87500,45
553,20180831,1153,87400,117
554,20180831,1154,87300,137
555,20180831,1155,87300,65
556,20180831,1156,87300,129
557,20180831,1157,87300,42
558,20180831,1158,87300,167
559,20180831,1159,87400,216
560,20180831,1200,87300,53
561,20180831,1201,87400,186
562,20180831,1202,87400,118
563,20180831,1203,87300,91
564,20180831,1204,87500,63
565,20180831,1205,87300,34
566,20180831,1206,87400,83
567,20180831,1207,87500,58
568,20180831,1208,87500,82
569,20180831,1209,87400,374
570,20180831,1210,87300,248
571,20180831,1211,87500,94
572,20180831,1212,87500,113
573,20180831,1213,87500,416
574,20180831,1214,87400,29
575,20180831,1215,87400,35
576,20180831,1216,87300,76
577,20180831,1217,87400,95
578,20180831,1218,87400,39
579,20180831,1219,87300,259
580,20180831,1220,87400,48
581,20180831,1221,87400,67
582,20180831,1222,87400,187
583,20180831,1223,87300,160
584,20180831,1224,87400,42
585,20180831,1225,87400,72
586,20180831,1226,87500,116
587,20180831,1227,87500,65
588,20180831,1228,87500,30
589,20180831,1229,87400,85
590,20180831,1230,87500,51
591,20180831,1231,87500,35
592,20180831,1232,87400,585
593,20180831,1233,87400,48
594,20180831,1234,87400,231
595,20180831,1235,87400,296
596,20180831,1236,87500,181
597,20180831,1237,87600,374
598,20180831,1238,87700,818
599,20180831,1239,87700,613
600,20180831,1240,87800,45
601,20180831,1241,87700,196
602,20180831,1242,87800,465
603,20180831,1243,87800,101
604,20180831,1244,87800,26
605,20180831,1245,87800,51
606,20180831,1246,87800,185
607,20180831,1247,87800,185
608,20180831,1248,87700,469
609,20180831,1249,87700,61
610,20180831,1250,87600,27
611,20180831,1251,87700,196
612,20180831,1252,87800,61
613,20180831,1253,87800,20
614,20180831,1254,87800,56
615,20180831,1255,87700,27
616,20180831,1256,87800,255
617,20180831,1257,87900,98
618,20180831,1258,87900,399
619,20180831,1259,87800,45
620,20180831,1300,87800,3322
621,20180831,1301,87900,785
622,20180831,1302,87800,49
623,20180831,1303,87900,57
624,20180831,1304,87800,632
625,20180831,1305,87800,66
626,20180831,1306,87800,176
627,20180831,1307,87900,443
628,20180831,1308,87900,87
629,20180831,1309,87800,21
630,20180831,1310,87800,587
631,20180831,1311,87800,219
632,20180831,1312,87900,11
633,20180831,1313,87800,67
634,20180831,1314,87900,66
635,20180831,1315,87800,51
636,20180831,1316,87900,598
637,20180831,1317,87900,144
638,20180831,1318,87800,100
639,20180831,1319,87900,82
640,20180831,1320,87900,85
641,20180831,1321,87900,165
642,20180831,1322,87800,67
643,20180831,1323,87900,41
644,20180831,1324,87900,32
645,20180831,1325,87800,698
646,20180831,1326,87900,564
647,20180831,1327,87800,614
648,20180831,1328,87700,148
649,20180831,1329,87700,32
650,20180831,1330,87800,32
651,20180831,1331,87700,28
652,20180831,1332,87700,85
653,20180831,1333,87700,49
654,20180831,1334,87800,107
655,20180831,1335,87700,20
656,20180831,1336,87800,33
657,20180831,1337,87800,46
658,20180831,1338,87700,457
659,20180831,1339,87800,110
660,20180831,1340,87600,60
661,20180831,1341,87700,42
662,20180831,1342,87600,174
663,20180831,1343,87600,64
664,20180831,1344,87500,460
665,20180831,1345,87600,234
666,20180831,1346,87600,263
667,20180831,1347,87600,77
668,20180831,1348,87700,49
669,20180831,1349,87800,77
670,20180831,1350,87800,48
671,20180831,1351,87800,43
672,20180831,1352,87700,34
673,20180831,1353,87700,755
674,20180831,1354,87700,147
675,20180831,1355,87600,57
676,20180831,1356,87700,46
677,20180831,1357,87700,20
678,20180831,1358,87700,357
679,20180831,1359,87600,124
680,20180831,1400,87600,103
681,20180831,1401,87700,89
682,20180831,1402,87800,48
683,20180831,1403,87700,28
684,20180831,1404,87700,120
685,20180831,1405,87800,95
686,20180831,1406,87800,35
687,20180831,1407,87800,84
688,20180831,1408,87700,24
689,20180831,1409,87800,216
690,20180831,1410,87800,31
691,20180831,1411,87800,35
692,20180831,1412,87800,46
693,20180831,1413,87800,39
694,20180831,1414,87800,426
695,20180831,1415,87700,48
696,20180831,1416,87700,32
697,20180831,1417,87800,9
698,20180831,1418,87700,89
699,20180831,1419,87700,21
700,20180831,1420,87800,155
701,20180831,1421,87700,65
702,20180831,1422,87700,39
703,20180831,1423,87800,71
704,20180831,1424,87800,501
705,20180831,1425,87800,87
706,20180831,1426,87700,26
707,20180831,1427,87700,79
708,20180831,1428,87800,279
709,20180831,1429,87800,1902
710,20180831,1430,87600,389
711,20180831,1431,87600,69
712,20180831,1432,87500,93
713,20180831,1433,87600,132
714,20180831,1434,87600,109
715,20180831,1435,87500,62
716,20180831,1436,87600,79
717,20180831,1437,87500,56
718,20180831,1438,87500,258
719,20180831,1439,87600,318
720,20180831,1440,87600,76
721,20180831,1441,87600,425
722,20180831,1442,87800,205
723,20180831,1443,87800,365
724,20180831,1444,87800,186
725,20180831,1445,87700,101
726,20180831,1446,87700,429
727,20180831,1447,87700,61
728,20180831,1448,87700,55
729,20180831,1449,87700,111
730,20180831,1450,87700,93
731,20180831,1451,87600,78
732,20180831,1452,87700,57
733,20180831,1453,87700,85
734,20180831,1454,87600,291
735,20180831,1455,87600,231
736,20180831,1456,87800,80
737,20180831,1457,87700,98
738,20180831,1458,87800,710
739,20180831,1459,87600,63
740,20180831,1500,87600,84
741,20180831,1501,87600,477
742,20180831,1502,87400,169
743,20180831,1503,87500,16
744,20180831,1504,87400,37
745,20180831,1505,87400,459
746,20180831,1506,87400,469
747,20180831,1507,87400,64
748,20180831,1508,87300,441
749,20180831,1509,87300,37
750,20180831,1510,87200,559
751,20180831,1511,87200,872
752,20180831,1512,87200,244
753,20180831,1513,87200,1420
754,20180831,1514,87100,3156
755,20180831,1515,87000,333
756,20180831,1516,87000,1121
757,20180831,1517,87000,335
758,20180831,1518,87000,2438
759,20180831,1519,86900,429
760,20180831,1520,86800,959
761,20180831,1530,86900,11040
0,20180903,901,86900,487
1,20180903,902,86600,204
2,20180903,903,86600,109
3,20180903,904,86300,376
4,20180903,905,86400,80
5,20180903,906,86300,137
6,20180903,907,86500,58
7,20180903,908,86500,177
8,20180903,909,87000,300
9,20180903,910,87300,34
10,20180903,911,87300,109
11,20180903,912,87300,201
12,20180903,913,87400,189
13,20180903,914,87400,64
14,20180903,915,87400,595
15,20180903,916,87200,34
16,20180903,917,87300,173
17,20180903,918,87300,782
18,20180903,919,87600,185
19,20180903,920,87600,437
20,20180903,921,87400,155
21,20180903,922,87300,292
22,20180903,923,87300,74
23,20180903,924,87200,344
24,20180903,925,87200,23
25,20180903,926,87200,100
26,20180903,927,87200,76
27,20180903,928,87200,311
28,20180903,929,87100,339
29,20180903,930,87100,45
30,20180903,931,87000,48
31,20180903,932,87100,763
32,20180903,934,87400,5
33,20180903,935,87300,52
34,20180903,936,87300,332
35,20180903,937,87300,14
36,20180903,938,87300,131
37,20180903,939,87300,70
38,20180903,940,87300,123
39,20180903,941,87300,323
40,20180903,942,87300,72
41,20180903,943,87300,80
42,20180903,944,87400,70
43,20180903,945,87300,84
44,20180903,946,87300,17
45,20180903,947,87300,709
46,20180903,948,87200,95
47,20180903,949,87200,653
48,20180903,950,87300,73
49,20180903,951,87300,77
50,20180903,952,87300,742
51,20180903,953,87300,158
52,20180903,954,87300,45
53,20180903,955,87300,116
54,20180903,956,87400,374
55,20180903,957,87300,165
56,20180903,958,87300,625
57,20180903,959,87100,97
58,20180903,1000,87100,106
59,20180903,1001,87100,48
60,20180903,1002,87100,36
61,20180903,1003,87100,73
62,20180903,1004,87100,102
63,20180903,1005,87200,80
64,20180903,1006,87200,133
65,20180903,1007,87200,172
66,20180903,1008,87200,61
67,20180903,1009,87200,434
68,20180903,1010,87100,47
69,20180903,1011,87100,371
70,20180903,1012,87000,25
71,20180903,1013,87000,682
72,20180903,1014,86900,135
73,20180903,1015,86900,64
74,20180903,1016,86900,69
75,20180903,1017,86900,436
76,20180903,1018,86800,218
77,20180903,1019,86800,756
78,20180903,1020,86800,38
79,20180903,1021,86800,507
80,20180903,1022,86600,1533
81,20180903,1023,86500,319
82,20180903,1024,86500,218
83,20180903,1025,86500,75
84,20180903,1026,86500,196
85,20180903,1027,86400,259
86,20180903,1028,86400,115
87,20180903,1029,86500,19
88,20180903,1030,86500,413
89,20180903,1031,86500,93
90,20180903,1032,86400,3844
91,20180903,1033,86300,67
92,20180903,1034,86400,245
93,20180903,1035,86400,45
94,20180903,1036,86400,29
95,20180903,1037,86500,167
96,20180903,1038,86500,818
97,20180903,1039,86900,43
98,20180903,1040,86900,679
99,20180903,1041,86900,75
100,20180903,1042,86800,54
101,20180903,1043,86800,763
102,20180903,1044,86800,39
103,20180903,1045,86900,110
104,20180903,1046,87000,41
105,20180903,1047,87000,105
106,20180903,1048,87000,44
107,20180903,1049,87000,22
108,20180903,1050,86900,284
109,20180903,1051,86900,169
110,20180903,1052,86800,166
111,20180903,1053,86900,35
112,20180903,1054,86900,57
113,20180903,1055,86900,55
114,20180903,1056,86900,74
115,20180903,1057,87000,263
116,20180903,1058,87000,37
117,20180903,1059,87000,136
118,20180903,1100,87100,40
119,20180903,1101,87100,65
120,20180903,1102,87000,226
121,20180903,1103,86800,23
122,20180903,1104,86800,111
123,20180903,1105,86900,100
124,20180903,1106,86900,15
125,20180903,1107,86800,97
126,20180903,1108,86900,49
127,20180903,1109,86800,248
128,20180903,1110,86800,28
129,20180903,1111,86800,63
130,20180903,1112,86900,133
131,20180903,1113,86900,369
132,20180903,1114,87000,82
133,20180903,1115,87000,39
134,20180903,1116,87000,32
135,20180903,1117,86900,49
136,20180903,1118,86900,329
137,20180903,1119,86900,354
138,20180903,1120,87000,30
139,20180903,1121,87000,61
140,20180903,1122,87000,150
141,20180903,1123,87100,28
142,20180903,1124,87100,13
143,20180903,1125,87200,71
144,20180903,1126,87200,82
145,20180903,1127,87100,132
146,20180903,1128,87100,71
147,20180903,1129,87100,422
148,20180903,1130,87100,73
149,20180903,1131,87100,94
150,20180903,1132,87100,41
151,20180903,1133,87200,50
152,20180903,1134,87100,93
153,20180903,1135,87100,97
154,20180903,1136,87200,77
155,20180903,1137,87100,156
156,20180903,1138,87200,77
157,20180903,1139,87200,57
158,20180903,1140,87200,60
159,20180903,1141,87300,56
160,20180903,1142,87200,156
161,20180903,1143,87200,93
162,20180903,1144,87200,45
163,20180903,1145,87300,24
164,20180903,1146,87100,245
165,20180903,1147,86900,121
166,20180903,1148,86800,124
167,20180903,1149,86900,50
168,20180903,1150,86900,48
169,20180903,1151,87000,76
170,20180903,1152,86900,69
171,20180903,1153,86900,22
172,20180903,1154,87000,45
173,20180903,1155,87000,53
174,20180903,1156,86800,72
175,20180903,1157,86900,56
176,20180903,1158,86800,34
177,20180903,1159,86800,112
178,20180903,1200,86700,129
179,20180903,1201,86800,90
180,20180903,1202,86700,236
181,20180903,1203,86800,34
182,20180903,1204,86800,59
183,20180903,1205,87100,36
184,20180903,1206,87000,122
185,20180903,1207,87100,27
186,20180903,1208,87100,28
187,20180903,1209,87100,77
188,20180903,1210,87000,142
189,20180903,1211,87000,185
190,20180903,1212,87100,43
191,20180903,1213,87100,94
192,20180903,1214,87100,91
193,20180903,1215,87000,44
194,20180903,1216,87100,134
195,20180903,1217,87000,141
196,20180903,1218,87000,40
197,20180903,1219,87000,66
198,20180903,1220,86900,59
199,20180903,1221,86900,334
200,20180903,1222,86900,68
201,20180903,1223,86900,285
202,20180903,1224,87000,12
203,20180903,1225,87000,97
204,20180903,1226,87000,257
205,20180903,1227,87000,31
206,20180903,1228,86900,137
207,20180903,1229,87000,43
208,20180903,1230,87000,108
209,20180903,1231,87000,30
210,20180903,1232,87000,12
211,20180903,1233,87000,89
212,20180903,1234,87100,54
213,20180903,1235,87000,75
214,20180903,1236,87100,46
215,20180903,1237,87100,459
216,20180903,1238,87100,44
217,20180903,1239,87100,16
218,20180903,1240,87200,136
219,20180903,1241,87200,27
220,20180903,1242,87200,138
221,20180903,1243,87100,76
222,20180903,1244,87100,204
223,20180903,1245,87300,238
224,20180903,1246,87300,24
225,20180903,1247,87300,167
226,20180903,1248,87100,71
227,20180903,1249,87100,49
228,20180903,1250,87200,94
229,20180903,1251,87100,40
230,20180903,1252,87200,276
231,20180903,1253,87300,68
232,20180903,1254,87100,63
233,20180903,1255,87300,83
234,20180903,1256,87200,31
235,20180903,1257,87200,123
236,20180903,1258,87300,39
237,20180903,1259,87200,67
238,20180903,1300,87200,110
239,20180903,1301,87200,85
240,20180903,1302,87300,43
241,20180903,1303,87300,49
242,20180903,1304,87300,61
243,20180903,1305,87200,63
244,20180903,1306,87200,161
245,20180903,1307,87300,291
246,20180903,1308,87100,142
247,20180903,1309,87200,59
248,20180903,1310,87300,68
249,20180903,1311,87200,77
250,20180903,1312,87200,36
251,20180903,1313,87300,51
252,20180903,1314,87200,93
253,20180903,1315,87200,80
254,20180903,1316,87300,44
255,20180903,1317,87200,168
256,20180903,1318,87200,93
257,20180903,1319,87300,292
258,20180903,1320,87200,112
259,20180903,1321,87300,104
260,20180903,1322,87300,296
261,20180903,1323,87200,309
262,20180903,1324,87100,105
263,20180903,1325,87100,200
264,20180903,1326,87000,33
265,20180903,1327,87000,46
266,20180903,1328,86900,183
267,20180903,1329,86900,245
268,20180903,1330,86800,131
269,20180903,1331,86900,84
270,20180903,1332,86900,95
271,20180903,1333,86900,101
272,20180903,1334,86900,190
273,20180903,1335,87000,74
274,20180903,1336,87000,169
275,20180903,1337,87100,37
276,20180903,1338,87100,109
277,20180903,1339,87100,176
278,20180903,1340,87000,52
279,20180903,1341,87100,37
280,20180903,1342,87000,102
281,20180903,1343,87100,51
282,20180903,1344,87000,61
283,20180903,1345,87100,106
284,20180903,1346,87100,123
285,20180903,1347,87100,122
286,20180903,1348,87000,109
287,20180903,1349,87100,252
288,20180903,1350,86900,45
289,20180903,1351,86900,69
290,20180903,1352,86900,78
291,20180903,1353,87000,129
292,20180903,1354,87100,76
293,20180903,1355,87100,72
294,20180903,1356,87000,48
295,20180903,1357,87000,38
296,20180903,1358,87000,42
297,20180903,1359,87100,401
298,20180903,1400,87000,62
299,20180903,1401,86900,86
300,20180903,1402,87000,63
301,20180903,1403,87000,179
302,20180903,1404,87100,126
303,20180903,1405,87100,521
304,20180903,1406,87000,179
305,20180903,1407,87200,42
306,20180903,1408,87100,70
307,20180903,1409,87100,77
308,20180903,1410,87200,66
309,20180903,1411,87100,57
310,20180903,1412,87100,196
311,20180903,1413,87100,73
312,20180903,1414,87200,174
313,20180903,1415,87100,58
314,20180903,1416,87200,27
315,20180903,1417,87100,71
316,20180903,1418,87200,90
317,20180903,1419,87200,55
318,20180903,1420,87100,109
319,20180903,1421,87200,69
320,20180903,1422,87100,55
321,20180903,1423,87200,178
322,20180903,1424,87100,111
323,20180903,1425,87200,133
324,20180903,1426,87100,24
325,20180903,1427,87100,104
326,20180903,1428,87200,70
327,20180903,1429,87100,58
328,20180903,1430,87100,111
329,20180903,1431,87200,46
330,20180903,1432,87200,114
331,20180903,1433,87100,85
332,20180903,1434,87100,41
333,20180903,1435,87200,55
334,20180903,1436,87100,74
335,20180903,1437,87100,47
336,20180903,1438,87200,119
337,20180903,1439,87200,622
338,20180903,1440,87100,47
339,20180903,1441,87200,577
340,20180903,1442,87000,68
341,20180903,1443,87000,132
342,20180903,1444,87000,37
343,20180903,1445,87000,31
344,20180903,1446,87000,52
345,20180903,1447,87000,68
346,20180903,1448,87000,282
347,20180903,1449,87100,35
348,20180903,1450,87000,67
349,20180903,1451,87000,65
350,20180903,1452,87100,69
351,20180903,1453,87000,106
352,20180903,1454,87000,148
353,20180903,1455,87100,703
354,20180903,1456,87100,88
355,20180903,1457,87000,75
356,20180903,1458,87100,308
357,20180903,1459,87100,101
358,20180903,1500,87000,59
359,20180903,1501,87100,97
360,20180903,1502,87100,100
361,20180903,1503,87000,62
362,20180903,1504,87100,77
363,20180903,1505,87000,53
364,20180903,1506,87000,464
365,20180903,1507,87200,37
366,20180903,1508,87100,105
367,20180903,1509,87100,37
368,20180903,1510,87200,90
369,20180903,1511,87100,44
370,20180903,1512,87100,62
371,20180903,1513,87100,67
372,20180903,1514,87200,54
373,20180903,1515,87100,66
374,20180903,1516,87100,109
375,20180903,1517,87200,49
376,20180903,1518,87200,92
377,20180903,1519,87200,400
378,20180903,1520,87300,280
379,20180903,1530,87400,4182
380,20180904,901,87400,687
381,20180904,902,87100,525
382,20180904,903,86600,294
383,20180904,904,86900,40
384,20180904,905,87000,342
385,20180904,906,87100,14
386,20180904,907,87400,101
387,20180904,908,87400,58
388,20180904,909,87500,99
389,20180904,910,87300,172
390,20180904,911,87500,51
391,20180904,912,87300,261
392,20180904,913,87100,361
393,20180904,914,87100,84
394,20180904,915,87100,124
395,20180904,916,87100,513
396,20180904,917,87000,79
397,20180904,918,87000,225
398,20180904,919,87200,100
399,20180904,920,87200,21
400,20180904,921,87200,372
401,20180904,922,87100,169
402,20180904,923,87200,107
403,20180904,924,87300,34
404,20180904,925,87300,125
405,20180904,926,87300,170
406,20180904,927,87400,218
407,20180904,928,87400,106
408,20180904,929,87300,129
409,20180904,930,87300,119
410,20180904,931,87300,41
411,20180904,932,87400,1075
412,20180904,933,87500,142
413,20180904,934,87400,161
414,20180904,935,87500,177
415,20180904,936,87500,270
416,20180904,937,87700,833
417,20180904,938,87500,150
418,20180904,939,87400,247
419,20180904,940,87300,636
420,20180904,941,87200,103
421,20180904,942,87200,238
422,20180904,943,87400,126
423,20180904,944,87300,64
424,20180904,945,87300,734
425,20180904,946,87200,259
426,20180904,947,87100,283
427,20180904,948,87200,139
428,20180904,949,87200,244
429,20180904,950,87200,308
430,20180904,951,87200,101
431,20180904,952,87100,357
432,20180904,953,87100,219
433,20180904,954,87000,42
434,20180904,955,87000,532
435,20180904,956,87100,2034
436,20180904,957,86900,124
437,20180904,958,86900,277
438,20180904,959,86900,162
439,20180904,1000,86900,177
440,20180904,1001,86900,155
441,20180904,1002,87000,139
442,20180904,1003,87000,21
443,20180904,1004,87000,507
444,20180904,1005,86900,187
445,20180904,1006,86900,163
446,20180904,1007,86900,272
447,20180904,1008,86900,13
448,20180904,1009,86900,122
449,20180904,1010,86900,222
450,20180904,1011,86900,22
451,20180904,1012,86900,212
452,20180904,1013,86900,50
453,20180904,1014,86900,288
454,20180904,1015,86900,241
455,20180904,1016,87100,66
456,20180904,1017,87100,74
457,20180904,1018,87100,597
458,20180904,1019,87000,69
459,20180904,1020,87000,88
460,20180904,1021,87000,27
461,20180904,1022,87000,160
462,20180904,1023,87100,62
463,20180904,1024,87000,32
464,20180904,1025,87000,66
465,20180904,1026,87100,62
466,20180904,1027,87100,149
467,20180904,1028,87100,172
468,20180904,1029,87000,194
469,20180904,1030,87100,160
470,20180904,1031,87100,109
471,20180904,1032,87000,86
472,20180904,1033,87000,84
473,20180904,1034,87100,109
474,20180904,1035,87100,58
475,20180904,1036,87100,254
476,20180904,1037,87000,23
477,20180904,1038,87000,262
478,20180904,1039,87200,37
479,20180904,1040,87100,58
480,20180904,1041,87200,77
481,20180904,1042,87200,138
482,20180904,1043,87200,250
483,20180904,1044,87200,247
484,20180904,1045,87100,165
485,20180904,1046,87100,108
486,20180904,1047,87300,35
487,20180904,1048,87200,4214
488,20180904,1049,87100,869
489,20180904,1050,87300,189
490,20180904,1051,87300,153
491,20180904,1052,87400,1252
492,20180904,1053,87600,624
493,20180904,1054,87800,346
494,20180904,1055,87800,249
495,20180904,1056,87800,410
496,20180904,1057,87900,139
497,20180904,1058,87900,983
498,20180904,1059,87700,315
499,20180904,1100,87800,118
500,20180904,1101,87800,92
501,20180904,1102,87800,136
502,20180904,1103,87800,162
503,20180904,1104,87800,181
504,20180904,1105,87800,360
505,20180904,1106,87900,124
506,20180904,1107,87900,120
507,20180904,1108,87900,405
508,20180904,1109,88000,823
509,20180904,1110,88200,2248
510,20180904,1111,88200,170
511,20180904,1112,88200,1198
512,20180904,1113,87900,577
513,20180904,1114,88000,210
514,20180904,1115,87800,543
515,20180904,1116,87900,129
516,20180904,1117,87800,55
517,20180904,1118,87800,144
518,20180904,1119,87800,306
519,20180904,1120,87700,95
520,20180904,1121,87700,171
521,20180904,1122,87700,60
522,20180904,1123,87800,180
523,20180904,1124,87900,1904
524,20180904,1125,88200,2225
525,20180904,1126,88100,148
526,20180904,1127,88200,829
527,20180904,1128,88100,56
528,20180904,1129,88200,240
529,20180904,1130,88100,43
530,20180904,1131,88100,185
531,20180904,1132,88100,378
532,20180904,1133,87900,69
533,20180904,1134,87900,236
534,20180904,1135,87900,196
535,20180904,1136,87800,118
536,20180904,1137,87800,163
537,20180904,1138,87800,49
538,20180904,1139,87800,191
539,20180904,1140,87900,70
540,20180904,1141,87900,78
541,20180904,1142,87700,198
542,20180904,1143,87600,144
543,20180904,1144,87600,296
544,20180904,1145,87800,76
545,20180904,1146,87800,57
546,20180904,1147,87900,245
547,20180904,1148,87800,47
548,20180904,1149,87800,40
549,20180904,1150,87800,153
550,20180904,1151,87700,133
551,20180904,1152,87700,136
552,20180904,1153,87700,57
553,20180904,1154,87700,47
554,20180904,1155,87700,148
555,20180904,1156,87700,157
556,20180904,1157,87800,141
557,20180904,1158,87700,117
558,20180904,1159,87800,611
559,20180904,1200,87700,145
560,20180904,1201,87800,88
561,20180904,1202,87700,72
562,20180904,1203,87900,183
563,20180904,1204,87800,477
564,20180904,1205,87700,69
565,20180904,1206,87700,81
566,20180904,1207,87800,49
567,20180904,1208,87800,138
568,20180904,1209,87900,57
569,20180904,1210,87800,56
570,20180904,1211,87800,74
571,20180904,1212,87800,185
572,20180904,1213,88000,90
573,20180904,1214,88000,115
574,20180904,1215,87900,147
575,20180904,1216,88000,248
576,20180904,1217,87800,40
577,20180904,1218,87800,82
578,20180904,1219,87900,105
579,20180904,1220,88000,143
580,20180904,1221,87800,52
581,20180904,1222,88000,166
582,20180904,1223,87800,37
583,20180904,1224,87900,165
584,20180904,1225,88000,54
585,20180904,1226,88000,61
586,20180904,1227,88000,140
587,20180904,1228,87900,90
588,20180904,1229,87900,191
589,20180904,1230,87900,176
590,20180904,1231,88000,286
591,20180904,1232,87700,114
592,20180904,1233,87700,82
593,20180904,1234,87700,105
594,20180904,1235,87900,88
595,20180904,1236,88000,204
596,20180904,1237,88000,96
597,20180904,1238,88100,276
598,20180904,1239,88100,109
599,20180904,1240,88100,115
600,20180904,1241,87900,76
601,20180904,1242,88100,34
602,20180904,1243,88000,156
603,20180904,1244,88000,51
604,20180904,1245,88000,106
605,20180904,1246,88100,441
606,20180904,1247,88100,67
607,20180904,1248,88200,454
608,20180904,1249,88100,60
609,20180904,1250,88100,41
610,20180904,1251,88000,152
611,20180904,1252,88000,102
612,20180904,1253,88000,71
613,20180904,1254,88100,61
614,20180904,1255,88200,96
615,20180904,1256,88100,189
616,20180904,1257,88100,53
617,20180904,1258,88200,503
618,20180904,1259,88200,78
619,20180904,1300,88200,125
620,20180904,1301,88200,137
621,20180904,1302,88200,139
622,20180904,1303,88200,43
623,20180904,1304,88200,103
624,20180904,1305,88300,147
625,20180904,1306,88300,448
626,20180904,1307,88400,1656
627,20180904,1308,88400,284
628,20180904,1309,88400,171
629,20180904,1310,88400,164
630,20180904,1311,88400,106
631,20180904,1312,88400,192
632,20180904,1313,88400,61
633,20180904,1314,88500,133
634,20180904,1315,88400,156
635,20180904,1316,88500,479
636,20180904,1317,88300,91
637,20180904,1318,88300,73
638,20180904,1319,88400,56
639,20180904,1320,88400,120
640,20180904,1321,88300,196
641,20180904,1322,88400,172
642,20180904,1323,88300,12
643,20180904,1324,88300,188
644,20180904,1325,88500,110
645,20180904,1326,88500,94
646,20180904,1327,88400,103
647,20180904,1328,88500,661
648,20180904,1329,88400,78
649,20180904,1330,88300,81
650,20180904,1331,88400,75
651,20180904,1332,88400,301
652,20180904,1333,88400,153
653,20180904,1334,88500,61
654,20180904,1335,88400,71
655,20180904,1336,88400,59
656,20180904,1337,88400,100
657,20180904,1338,88400,221
658,20180904,1339,88400,293
659,20180904,1340,88500,62
660,20180904,1341,88400,171
661,20180904,1342,88400,353
662,20180904,1343,88300,128
663,20180904,1344,88300,135
664,20180904,1345,88300,380
665,20180904,1346,88400,291
666,20180904,1347,88200,40
667,20180904,1348,88200,236
668,20180904,1349,88200,182
669,20180904,1350,88100,40
670,20180904,1351,88200,153
671,20180904,1352,88300,104
672,20180904,1353,88300,100
673,20180904,1354,88200,97
674,20180904,1355,88200,186
675,20180904,1356,88400,243
676,20180904,1357,88200,113
677,20180904,1358,88200,74
678,20180904,1359,88200,135
679,20180904,1400,88300,75
680,20180904,1401,88400,150
681,20180904,1402,88300,148
682,20180904,1403,88300,56
683,20180904,1404,88300,129
684,20180904,1405,88400,92
685,20180904,1406,88300,107
686,20180904,1407,88300,322
687,20180904,1408,88400,228
688,20180904,1409,88300,199
689,20180904,1410,88400,171
690,20180904,1411,88400,116
691,20180904,1412,88400,72
692,20180904,1413,88400,125
693,20180904,1414,88300,67
694,20180904,1415,88300,134
695,20180904,1416,88400,129
696,20180904,1417,88300,190
697,20180904,1418,88400,241
698,20180904,1419,88400,364
699,20180904,1420,88400,138
700,20180904,1421,88300,215
701,20180904,1422,88400,83
702,20180904,1423,88400,346
703,20180904,1424,88300,113
704,20180904,1425,88300,96
705,20180904,1426,88400,220
706,20180904,1427,88300,85
707,20180904,1428,88400,227
708,20180904,1429,88200,201
709,20180904,1430,88300,326
710,20180904,1431,88300,541
711,20180904,1432,88100,49
712,20180904,1433,88100,280
713,20180904,1434,88300,85
714,20180904,1435,88200,255
715,20180904,1436,88300,445
716,20180904,1437,88300,313
717,20180904,1438,88400,12
718,20180904,1439,88300,146
719,20180904,1440,88300,96
720,20180904,1441,88300,148
721,20180904,1442,88400,116
722,20180904,1443,88300,74
723,20180904,1444,88300,645
724,20180904,1445,88400,143
725,20180904,1446,88300,45
726,20180904,1447,88300,132
727,20180904,1448,88300,47
728,20180904,1449,88400,96
729,20180904,1450,88300,221
730,20180904,1451,88300,92
731,20180904,1452,88300,177
732,20180904,1453,88300,321
733,20180904,1454,88200,40
734,20180904,1455,88200,135
735,20180904,1456,88300,220
736,20180904,1457,88400,75
737,20180904,1458,88400,75
738,20180904,1459,88300,117
739,20180904,1500,88400,125
740,20180904,1501,88300,162
741,20180904,1502,88400,122
742,20180904,1503,88400,183
743,20180904,1504,88300,89
744,20180904,1505,88300,218
745,20180904,1506,88200,43
746,20180904,1507,88200,267
747,20180904,1508,88200,60
748,20180904,1509,88200,51
749,20180904,1510,88300,562
750,20180904,1511,88300,64
751,20180904,1512,88300,259
752,20180904,1513,88100,17
753,20180904,1514,88100,54
754,20180904,1515,88200,52
755,20180904,1516,88100,1971
756,20180904,1517,88200,161
757,20180904,1518,88300,111
758,20180904,1519,88400,420
759,20180904,1520,88400,153
760,20180904,1530,88500,3186
0,20180905,901,88600,918
1,20180905,902,88800,252
2,20180905,903,88700,31
3,20180905,904,88700,952
4,20180905,905,88900,388
5,20180905,906,88800,41
6,20180905,907,88800,198
7,20180905,908,88800,165
8,20180905,909,88700,281
9,20180905,910,88600,1417
10,20180905,911,88500,520
11,20180905,912,88200,833
12,20180905,913,88500,38
13,20180905,914,88500,426
14,20180905,915,88400,31
15,20180905,916,88400,862
16,20180905,917,88200,206
17,20180905,918,88200,130
18,20180905,919,88300,176
19,20180905,920,88300,234
20,20180905,921,88300,426
21,20180905,922,88300,144
22,20180905,923,88300,183
23,20180905,924,88400,63
24,20180905,925,88400,153
25,20180905,926,88400,133
26,20180905,927,88400,30
27,20180905,928,88400,46
28,20180905,929,88400,922
29,20180905,930,88500,246
30,20180905,931,88600,4
31,20180905,932,88500,76
32,20180905,933,88500,13
33,20180905,934,88600,231
34,20180905,935,88500,227
35,20180905,936,88600,85
36,20180905,937,88600,702
37,20180905,938,88600,79
38,20180905,939,88500,34
39,20180905,940,88500,217
40,20180905,941,88600,659
41,20180905,942,88700,120
42,20180905,943,88700,80
43,20180905,944,88700,130
44,20180905,945,88700,128
45,20180905,946,88700,153
46,20180905,947,88700,72
47,20180905,948,88700,15
48,20180905,949,88700,354
49,20180905,950,88700,510
50,20180905,951,88600,648
51,20180905,952,88600,542
52,20180905,953,88600,171
53,20180905,954,88500,621
54,20180905,955,88500,32
55,20180905,956,88400,406
56,20180905,957,88400,116
57,20180905,958,88400,122
58,20180905,959,88400,65
59,20180905,1000,88400,33
60,20180905,1001,88500,3780
61,20180905,1002,88200,748
62,20180905,1003,88200,283
63,20180905,1004,88100,143
64,20180905,1005,88200,55
65,20180905,1006,88200,248
66,20180905,1007,88200,118
67,20180905,1008,88200,253
68,20180905,1009,88100,55
69,20180905,1010,88100,47
70,20180905,1011,88100,140
71,20180905,1012,88100,45
72,20180905,1013,88100,160
73,20180905,1014,88200,1729
74,20180905,1015,88100,33
75,20180905,1016,88100,155
76,20180905,1017,88000,240
77,20180905,1018,88100,293
78,20180905,1019,88100,184
79,20180905,1020,88100,260
80,20180905,1021,88100,14
81,20180905,1022,88100,191
82,20180905,1023,88100,36
83,20180905,1024,88100,31
84,20180905,1025,88200,718
85,20180905,1026,88200,58
86,20180905,1027,88300,161
87,20180905,1028,88300,241
88,20180905,1029,88300,23
89,20180905,1030,88300,79
90,20180905,1031,88300,1788
91,20180905,1032,88400,204
92,20180905,1033,88300,492
93,20180905,1034,88200,663
94,20180905,1035,88200,24
95,20180905,1036,88200,77
96,20180905,1037,88200,53
97,20180905,1038,88100,48
98,20180905,1039,88100,104
99,20180905,1040,88100,22
100,20180905,1041,88100,20
101,20180905,1042,88100,51
102,20180905,1043,88100,43
103,20180905,1044,88200,67
104,20180905,1045,88200,270
105,20180905,1046,88100,103
106,20180905,1047,88200,51
107,20180905,1048,88100,34
108,20180905,1049,88100,173
109,20180905,1050,88100,56
110,20180905,1051,88200,538
111,20180905,1052,88200,164
112,20180905,1053,88200,43
113,20180905,1054,88200,50
114,20180905,1055,88200,17
115,20180905,1056,88200,408
116,20180905,1057,88200,76
117,20180905,1058,88100,31
118,20180905,1059,88100,62
119,20180905,1100,88100,31
120,20180905,1101,88100,26
121,20180905,1102,88100,88
122,20180905,1103,88200,576
123,20180905,1104,88100,297
124,20180905,1105,88000,82
125,20180905,1106,88100,125
126,20180905,1107,88000,24
127,20180905,1108,88000,30
128,20180905,1109,88000,131
129,20180905,1110,88000,266
130,20180905,1111,88000,141
131,20180905,1112,88100,48
132,20180905,1113,88100,65
133,20180905,1114,88000,145
134,20180905,1115,88000,467
135,20180905,1116,88000,146
136,20180905,1117,88100,9
137,20180905,1118,88000,43
138,20180905,1119,88100,87
139,20180905,1120,88000,61
140,20180905,1121,88000,135
141,20180905,1122,88000,44
142,20180905,1123,88100,163
143,20180905,1124,88000,22
144,20180905,1125,88100,183
145,20180905,1126,88100,162
146,20180905,1127,88000,37
147,20180905,1128,88000,92
148,20180905,1129,88100,41
149,20180905,1130,88100,26
150,20180905,1131,88100,82
151,20180905,1132,88100,66
152,20180905,1133,88100,29
153,20180905,1134,88100,42
154,20180905,1135,88000,126
155,20180905,1136,88100,53
156,20180905,1137,88100,62
157,20180905,1138,88100,875
158,20180905,1139,88100,56
159,20180905,1140,88000,227
160,20180905,1141,88000,64
161,20180905,1142,88000,182
162,20180905,1143,88100,48
163,20180905,1144,88000,32
164,20180905,1145,88000,39
165,20180905,1146,88000,16
166,20180905,1147,88000,186
167,20180905,1148,88000,28
168,20180905,1149,88000,38
169,20180905,1150,88000,126
170,20180905,1151,87900,35
171,20180905,1152,88000,111
172,20180905,1153,88000,111
173,20180905,1154,88000,145
174,20180905,1155,88000,121
175,20180905,1156,87900,621
176,20180905,1157,87800,146
177,20180905,1158,87800,724
178,20180905,1159,87800,348
179,20180905,1200,87800,24
180,20180905,1201,87700,904
181,20180905,1202,87700,88
182,20180905,1203,87600,110
183,20180905,1204,87600,67
184,20180905,1205,87600,127
185,20180905,1206,87600,857
186,20180905,1207,87600,45
187,20180905,1208,87600,58
188,20180905,1209,87600,19
189,20180905,1210,87700,32
190,20180905,1211,87600,605
191,20180905,1212,87600,79
192,20180905,1213,87600,51
193,20180905,1214,87700,612
194,20180905,1215,87600,360
195,20180905,1216,87600,58
196,20180905,1217,87600,70
197,20180905,1218,87600,133
198,20180905,1219,87700,75
199,20180905,1220,87700,112
200,20180905,1221,87600,55
201,20180905,1222,87600,32
202,20180905,1223,87600,61
203,20180905,1224,87600,27
204,20180905,1225,87700,45
205,20180905,1226,87600,40
206,20180905,1227,87600,38
207,20180905,1228,87600,38
208,20180905,1229,87600,178
209,20180905,1230,87700,26
210,20180905,1231,87700,102
211,20180905,1232,87700,108
212,20180905,1233,87700,50
213,20180905,1234,87700,32
214,20180905,1235,87600,64
215,20180905,1236,87600,338
216,20180905,1237,87700,25
217,20180905,1238,87700,23
218,20180905,1239,87600,71
219,20180905,1240,87600,87
220,20180905,1241,87600,55
221,20180905,1242,87700,38
222,20180905,1243,87700,1187
223,20180905,1244,87700,129
224,20180905,1245,87700,34
225,20180905,1246,87600,54
226,20180905,1247,87700,51
227,20180905,1248,87600,89
228,20180905,1249,87700,36
229,20180905,1250,87600,60
230,20180905,1251,87600,54
231,20180905,1252,87600,73
232,20180905,1253,87700,25
233,20180905,1254,87700,197
234,20180905,1255,87700,76
235,20180905,1256,87700,20
236,20180905,1257,87700,31
237,20180905,1258,87700,159
238,20180905,1259,87600,53
239,20180905,1300,87700,76
240,20180905,1301,87700,303
241,20180905,1302,87700,84
242,20180905,1303,87700,96
243,20180905,1304,87600,46
244,20180905,1305,87700,78
245,20180905,1306,87600,48
246,20180905,1307,87700,62
247,20180905,1308,87700,148
248,20180905,1309,87700,167
249,20180905,1310,87700,32
250,20180905,1311,87700,116
251,20180905,1312,87600,78
252,20180905,1313,87600,173
253,20180905,1314,87600,28
254,20180905,1315,87600,79
255,20180905,1316,87600,100
256,20180905,1317,87600,49
257,20180905,1318,87700,20
258,20180905,1319,87600,50
259,20180905,1320,87700,54
260,20180905,1321,87700,66
261,20180905,1322,87600,55
262,20180905,1323,87700,81
263,20180905,1324,87600,45
264,20180905,1325,87700,85
265,20180905,1326,87600,27
266,20180905,1327,87700,142
267,20180905,1328,87700,40
268,20180905,1329,87700,22
269,20180905,1330,87700,207
270,20180905,1331,87600,56
271,20180905,1332,87600,77
272,20180905,1333,87600,204
273,20180905,1334,87700,236
274,20180905,1335,87700,163
275,20180905,1336,87700,72
276,20180905,1337,87600,166
277,20180905,1338,87600,32
278,20180905,1339,87600,283
279,20180905,1340,87700,136
280,20180905,1341,87700,28
281,20180905,1342,87700,115
282,20180905,1343,87700,121
283,20180905,1344,87700,104
284,20180905,1345,87700,650
285,20180905,1346,87700,4263
286,20180905,1347,88000,50
287,20180905,1348,87900,56
288,20180905,1349,88000,45
289,20180905,1350,87900,130
290,20180905,1351,87900,57
291,20180905,1352,88000,138
292,20180905,1353,88000,127
293,20180905,1354,88000,28
294,20180905,1355,88000,782
295,20180905,1356,88000,88
296,20180905,1357,88000,1506
297,20180905,1358,88200,454
298,20180905,1359,88100,219
299,20180905,1400,88300,44
300,20180905,1401,88200,57
301,20180905,1402,88300,212
302,20180905,1403,88200,60
303,20180905,1404,88300,1726
304,20180905,1405,88000,28
305,20180905,1406,88000,24
306,20180905,1407,88000,84
307,20180905,1408,88000,91
308,20180905,1409,88100,100
309,20180905,1410,88000,71
310,20180905,1411,88100,221
311,20180905,1412,88100,115
312,20180905,1413,88000,74
313,20180905,1414,88000,67
314,20180905,1415,88000,699
315,20180905,1416,88000,133
316,20180905,1417,87900,39
317,20180905,1418,87900,38
318,20180905,1419,87900,83
319,20180905,1420,87900,122
320,20180905,1421,87900,543
321,20180905,1422,88000,176
322,20180905,1423,87900,274
323,20180905,1424,88000,234
324,20180905,1425,87900,68
325,20180905,1426,87900,201
326,20180905,1427,87900,138
327,20180905,1428,88000,168
328,20180905,1429,88000,274
329,20180905,1430,87800,160
330,20180905,1431,87800,420
331,20180905,1432,87800,57
332,20180905,1433,87800,54
333,20180905,1434,87800,100
334,20180905,1435,87900,128
335,20180905,1436,87800,152
336,20180905,1437,87800,548
337,20180905,1438,87800,143
338,20180905,1439,87700,169
339,20180905,1440,87700,80
340,20180905,1441,87700,234
341,20180905,1442,87800,60
342,20180905,1443,87800,1051
343,20180905,1444,87800,1780
344,20180905,1445,87600,784
345,20180905,1446,87500,3436
346,20180905,1447,87400,565
347,20180905,1448,87400,624
348,20180905,1449,87300,101
349,20180905,1450,87300,461
350,20180905,1451,87400,173
351,20180905,1452,87400,3869
352,20180905,1453,87400,637
353,20180905,1454,87500,149
354,20180905,1455,87500,113
355,20180905,1456,87500,160
356,20180905,1457,87600,326
357,20180905,1458,87500,999
358,20180905,1459,87700,903
359,20180905,1500,87800,712
360,20180905,1501,87800,931
361,20180905,1502,87900,494
362,20180905,1503,88000,2116
363,20180905,1504,88000,464
364,20180905,1505,87900,1230
365,20180905,1506,87900,1009
366,20180905,1507,87600,429
367,20180905,1508,87700,371
368,20180905,1509,87700,1101
369,20180905,1510,88000,626
370,20180905,1511,88000,807
371,20180905,1512,87900,418
372,20180905,1513,87900,608
373,20180905,1514,87900,600
374,20180905,1515,87900,586
375,20180905,1516,88000,1163
376,20180905,1517,87900,644
377,20180905,1518,88000,713
378,20180905,1519,88100,535
379,20180905,1520,87900,145
380,20180905,1530,88000,4800
381,20180906,901,88000,1043
382,20180906,902,88200,954
383,20180906,903,88700,307
384,20180906,904,88800,627
385,20180906,905,88700,570
386,20180906,906,88800,545
387,20180906,907,88900,552
388,20180906,908,88800,315
389,20180906,909,88700,582
390,20180906,910,88500,468
391,20180906,911,88100,331
392,20180906,912,88300,110
393,20180906,913,88100,29
394,20180906,914,88100,409
395,20180906,915,88100,484
396,20180906,916,88100,315
397,20180906,917,87900,575
398,20180906,918,88000,100
399,20180906,919,87800,134
400,20180906,920,87700,369
401,20180906,921,87600,840
402,20180906,922,87500,438
403,20180906,923,87200,1303
404,20180906,924,87100,160
405,20180906,925,87000,415
406,20180906,926,87000,394
407,20180906,927,86900,95
408,20180906,928,86800,868
409,20180906,929,86500,1085
410,20180906,930,86600,1216
411,20180906,931,86400,504
412,20180906,932,86500,244
413,20180906,933,86600,735
414,20180906,934,86300,576
415,20180906,935,86300,373
416,20180906,936,86300,479
417,20180906,937,86200,1415
418,20180906,938,86100,1750
419,20180906,939,85900,477
420,20180906,940,86000,244
421,20180906,941,85900,735
422,20180906,942,85900,570
423,20180906,943,85900,83
424,20180906,944,85900,495
425,20180906,945,85900,51
426,20180906,946,85800,1269
427,20180906,947,85800,186
428,20180906,948,85700,1512
429,20180906,949,85600,738
430,20180906,950,85600,713
431,20180906,951,85500,595
432,20180906,952,85500,541
433,20180906,953,85500,772
434,20180906,954,85400,3087
435,20180906,955,85900,1237
436,20180906,956,85900,98
437,20180906,957,86000,783
438,20180906,958,85800,235
439,20180906,959,85800,229
440,20180906,1000,85900,168
441,20180906,1001,85900,864
442,20180906,1002,85800,228
443,20180906,1003,85800,104
444,20180906,1004,85800,205
445,20180906,1005,85800,67
446,20180906,1006,85800,36
447,20180906,1007,85800,176
448,20180906,1008,85800,386
449,20180906,1009,85700,458
450,20180906,1010,85600,430
451,20180906,1011,85500,1514
452,20180906,1012,85600,2129
453,20180906,1013,85600,119
454,20180906,1014,85700,251
455,20180906,1015,85900,154
456,20180906,1016,85900,129
457,20180906,1017,85900,209
458,20180906,1018,86000,71
459,20180906,1019,85900,863
460,20180906,1020,86100,125
461,20180906,1021,86000,14
462,20180906,1022,86000,89
463,20180906,1023,86000,121
464,20180906,1024,86000,70
465,20180906,1025,86000,76
466,20180906,1026,86000,109
467,20180906,1027,86000,18
468,20180906,1028,86000,39
469,20180906,1029,86000,125
470,20180906,1030,86000,105
471,20180906,1031,86000,1469
472,20180906,1032,86300,871
473,20180906,1033,86600,483
474,20180906,1034,86400,215
475,20180906,1035,86600,270
476,20180906,1036,86600,190
477,20180906,1037,86500,97
478,20180906,1038,86700,62
479,20180906,1039,86700,705
480,20180906,1040,86800,156
481,20180906,1041,86600,306
482,20180906,1042,86600,68
483,20180906,1043,86500,604
484,20180906,1044,86600,48
485,20180906,1045,86700,55
486,20180906,1046,86700,57
487,20180906,1047,86800,174
488,20180906,1048,86700,175
489,20180906,1049,86600,44
490,20180906,1050,86600,1116
491,20180906,1051,86400,112
492,20180906,1052,86500,119
493,20180906,1053,86400,59
494,20180906,1054,86400,94
495,20180906,1055,86400,434
496,20180906,1056,86300,207
497,20180906,1057,86300,86
498,20180906,1058,86300,27
499,20180906,1059,86300,140
500,20180906,1100,86300,44
501,20180906,1101,86300,321
502,20180906,1102,86300,563
503,20180906,1103,86200,129
504,20180906,1104,86200,899
505,20180906,1105,86300,410
506,20180906,1106,86400,254
507,20180906,1107,86300,33
508,20180906,1108,86300,110
509,20180906,1109,86400,30
510,20180906,1110,86300,132
511,20180906,1111,86300,319
512,20180906,1112,86400,786
513,20180906,1113,86300,101
514,20180906,1114,86300,211
515,20180906,1115,86300,564
516,20180906,1116,86300,671
517,20180906,1117,86200,98
518,20180906,1118,86300,184
519,20180906,1119,86200,844
520,20180906,1120,86100,130
521,20180906,1121,86100,101
522,20180906,1122,86100,89
523,20180906,1123,86100,240
524,20180906,1124,86100,118
525,20180906,1125,86100,62
526,20180906,1126,86100,112
527,20180906,1127,86200,24
528,20180906,1128,86100,21
529,20180906,1129,86100,78
530,20180906,1130,86100,128
531,20180906,1131,86100,143
532,20180906,1132,86100,241
533,20180906,1133,86100,147
534,20180906,1134,86100,25
535,20180906,1135,86100,1451
536,20180906,1136,85900,139
537,20180906,1137,85900,61
538,20180906,1138,85900,197
539,20180906,1139,85900,36
540,20180906,1140,85900,124
541,20180906,1141,85900,19
542,20180906,1142,85900,137
543,20180906,1143,85900,274
544,20180906,1144,85900,18
545,20180906,1145,85900,90
546,20180906,1146,85900,35
547,20180906,1147,85900,76
548,20180906,1148,86000,99
549,20180906,1149,85900,170
550,20180906,1150,86000,89
551,20180906,1151,85900,66
552,20180906,1152,86000,48
553,20180906,1153,85900,104
554,20180906,1154,85900,101
555,20180906,1155,85900,42
556,20180906,1156,85900,1995
557,20180906,1157,86100,812
558,20180906,1158,86100,234
559,20180906,1159,86000,422
560,20180906,1200,86000,115
561,20180906,1201,86000,80
562,20180906,1202,86000,391
563,20180906,1203,86000,218
564,20180906,1204,85900,335
565,20180906,1205,85900,352
566,20180906,1206,86000,86
567,20180906,1207,86000,192
568,20180906,1208,86000,63
569,20180906,1209,86000,52
570,20180906,1210,86000,95
571,20180906,1211,86000,109
572,20180906,1212,86000,80
573,20180906,1213,86000,21
574,20180906,1214,86000,105
575,20180906,1215,86000,683
576,20180906,1216,85900,65
577,20180906,1217,85900,30
578,20180906,1218,85900,267
579,20180906,1219,85900,67
580,20180906,1220,85900,173
581,20180906,1221,85900,48
582,20180906,1222,85900,326
583,20180906,1223,85900,133
584,20180906,1224,85900,32
585,20180906,1225,85900,29
586,20180906,1226,85900,541
587,20180906,1227,85900,48
588,20180906,1228,85900,70
589,20180906,1229,85900,142
590,20180906,1230,85900,67
591,20180906,1231,85900,154
592,20180906,1232,85900,180
593,20180906,1233,85800,1109
594,20180906,1234,85800,456
595,20180906,1235,85800,37
596,20180906,1236,85800,237
597,20180906,1237,85800,49
598,20180906,1238,85800,19
599,20180906,1239,85800,180
600,20180906,1240,85800,282
601,20180906,1241,85900,420
602,20180906,1242,85700,112
603,20180906,1243,85700,128
604,20180906,1244,85700,163
605,20180906,1245,85700,162
606,20180906,1246,85800,168
607,20180906,1247,85700,1059
608,20180906,1248,85700,224
609,20180906,1249,85700,114
610,20180906,1250,85600,300
611,20180906,1251,85600,78
612,20180906,1252,85700,336
613,20180906,1253,85600,99
614,20180906,1254,85600,155
615,20180906,1255,85700,69
616,20180906,1256,85600,24
617,20180906,1257,85600,243
618,20180906,1258,85600,147
619,20180906,1259,85600,37
620,20180906,1300,85700,19
621,20180906,1301,85700,65
622,20180906,1302,85600,42
623,20180906,1303,85600,67
624,20180906,1304,85600,184
625,20180906,1305,85600,112
626,20180906,1306,85700,116
627,20180906,1307,85700,146
628,20180906,1308,85700,159
629,20180906,1309,85700,39
630,20180906,1310,85600,173
631,20180906,1311,85600,17
632,20180906,1312,85600,292
633,20180906,1313,85700,46
634,20180906,1314,85600,12
635,20180906,1315,85600,362
636,20180906,1316,85600,2835
637,20180906,1317,85800,121
638,20180906,1318,85800,131
639,20180906,1319,85800,100
640,20180906,1320,85800,27
641,20180906,1321,85800,37
642,20180906,1322,85900,73
643,20180906,1323,85900,74
644,20180906,1324,85900,72
645,20180906,1325,85800,40
646,20180906,1326,85800,164
647,20180906,1327,85800,63
648,20180906,1328,85900,70
649,20180906,1329,85900,92
650,20180906,1330,85800,62
651,20180906,1331,85900,137
652,20180906,1332,85800,36
653,20180906,1333,85800,235
654,20180906,1334,85800,45
655,20180906,1335,85900,1135
656,20180906,1336,85700,47
657,20180906,1337,85800,170
658,20180906,1338,85700,298
659,20180906,1339,85700,145
660,20180906,1340,85600,268
661,20180906,1341,85600,52
662,20180906,1342,85600,335
663,20180906,1343,85700,94
664,20180906,1344,85600,136
665,20180906,1345,85600,24
666,20180906,1346,85600,27
667,20180906,1347,85700,152
668,20180906,1348,85700,44
669,20180906,1349,85700,92
670,20180906,1350,85700,21
671,20180906,1351,85600,405
672,20180906,1352,85600,27
673,20180906,1353,85600,25
674,20180906,1354,85700,62
675,20180906,1355,85700,88
676,20180906,1356,85700,17
677,20180906,1357,85600,795
678,20180906,1358,85600,148
679,20180906,1359,85600,32
680,20180906,1400,85600,619
681,20180906,1401,85700,59
682,20180906,1402,85600,225
683,20180906,1403,85600,71
684,20180906,1404,85700,132
685,20180906,1405,85700,214
686,20180906,1406,85700,76
687,20180906,1407,85600,43
688,20180906,1408,85700,62
689,20180906,1409,85700,69
690,20180906,1410,85700,17
691,20180906,1411,85700,58
692,20180906,1412,85700,3602
693,20180906,1413,85900,855
694,20180906,1414,85800,102
695,20180906,1415,85800,1834
696,20180906,1416,85800,177
697,20180906,1417,85700,38
698,20180906,1418,85600,403
699,20180906,1419,85700,368
700,20180906,1420,85700,163
701,20180906,1421,85700,85
702,20180906,1422,85800,109
703,20180906,1423,85700,160
704,20180906,1424,85800,29
705,20180906,1425,85800,90
706,20180906,1426,85800,609
707,20180906,1427,85900,1431
708,20180906,1428,86000,64
709,20180906,1429,86000,60
710,20180906,1430,86000,151
711,20180906,1431,86100,52
712,20180906,1432,86000,21
713,20180906,1433,86000,295
714,20180906,1434,86100,322
715,20180906,1435,86000,387
716,20180906,1436,86000,341
717,20180906,1437,85900,190
718,20180906,1438,85900,292
719,20180906,1439,85900,76
720,20180906,1440,85900,147
721,20180906,1441,85900,206
722,20180906,1442,85800,45
723,20180906,1443,85800,689
724,20180906,1444,85700,1101
725,20180906,1445,85800,1029
726,20180906,1446,85700,153
727,20180906,1447,85800,145
728,20180906,1448,85900,159
729,20180906,1449,85800,100
730,20180906,1450,85900,55
731,20180906,1451,85800,90
732,20180906,1452,85700,114
733,20180906,1453,85800,116
734,20180906,1454,85700,144
735,20180906,1455,85700,178
736,20180906,1456,85700,344
737,20180906,1457,85600,666
738,20180906,1458,85800,112
739,20180906,1459,85800,47
740,20180906,1500,85700,100
741,20180906,1501,85700,265
742,20180906,1502,85600,361
743,20180906,1503,85600,19
744,20180906,1504,85700,15
745,20180906,1505,85700,79
746,20180906,1506,85700,45
747,20180906,1507,85700,111
748,20180906,1508,85700,37
749,20180906,1509,85600,174
750,20180906,1510,85600,279
751,20180906,1511,85700,70
752,20180906,1512,85700,810
753,20180906,1513,85700,392
754,20180906,1514,85600,128
755,20180906,1515,85600,118
756,20180906,1516,85700,53
757,20180906,1517,85600,109
758,20180906,1518,85700,1253
759,20180906,1519,85800,190
760,20180906,1520,85800,1434
761,20180906,1530,86000,2242
762,20180907,901,87000,3175
763,20180907,902,87400,2328
764,20180907,903,87300,1265
765,20180907,904,86900,127
766,20180907,905,86600,130
767,20180907,906,86500,962
768,20180907,907,86900,606
769,20180907,908,86700,510
770,20180907,909,86800,109
771,20180907,910,86800,486
772,20180907,911,86800,13
773,20180907,912,86700,165
774,20180907,913,86800,254
775,20180907,914,86700,300
776,20180907,915,86700,212
777,20180907,916,86700,431
778,20180907,917,86800,131
779,20180907,918,86800,225
780,20180907,919,86800,803
781,20180907,920,86900,980
782,20180907,921,87000,180
783,20180907,922,87000,2049
784,20180907,923,87100,828
785,20180907,924,87200,1972
786,20180907,925,87600,295
787,20180907,926,87600,464
788,20180907,927,87700,1001
789,20180907,928,87900,563
790,20180907,929,88000,832
791,20180907,930,88100,545
792,20180907,931,88300,2059
793,20180907,932,88200,1152
794,20180907,933,88100,379
795,20180907,934,87900,391
796,20180907,935,88000,534
797,20180907,936,87900,186
798,20180907,937,88000,95
799,20180907,938,88000,298
800,20180907,939,88000,1773
801,20180907,940,88200,102
802,20180907,941,88200,241
803,20180907,942,88200,362
804,20180907,943,88300,182
805,20180907,944,88400,373
806,20180907,945,88400,311
807,20180907,946,88500,112
808,20180907,947,88400,265
809,20180907,948,88500,1867
810,20180907,949,88200,49
811,20180907,950,88200,301
812,20180907,951,88200,259
813,20180907,952,88200,612
814,20180907,953,88100,470
815,20180907,954,87900,57
816,20180907,955,87900,102
817,20180907,956,88000,1006
818,20180907,957,88200,59
819,20180907,958,88100,76
820,20180907,959,88200,581
821,20180907,1000,88300,707
822,20180907,1001,88400,83
823,20180907,1002,88400,57
824,20180907,1003,88400,214
825,20180907,1004,88400,95
826,20180907,1005,88400,109
827,20180907,1006,88400,87
828,20180907,1007,88300,224
829,20180907,1008,88300,1535
830,20180907,1009,88200,321
831,20180907,1010,88200,624
832,20180907,1011,88300,28
833,20180907,1012,88300,176
834,20180907,1013,88300,696
835,20180907,1014,88100,938
836,20180907,1015,88200,151
837,20180907,1016,88200,6
838,20180907,1017,88100,325
839,20180907,1018,88100,276
840,20180907,1019,88200,52
841,20180907,1020,88200,365
842,20180907,1021,88200,330
843,20180907,1022,88200,123
844,20180907,1023,88300,237
845,20180907,1024,88300,278
846,20180907,1025,88300,509
847,20180907,1026,88400,327
848,20180907,1027,88400,79
849,20180907,1028,88400,46
850,20180907,1029,88300,757
851,20180907,1030,88400,4483
852,20180907,1031,88600,1318
853,20180907,1032,88700,740
854,20180907,1033,88500,208
855,20180907,1034,88600,104
856,20180907,1035,88600,101
857,20180907,1036,88600,426
858,20180907,1037,88700,363
859,20180907,1038,88600,354
860,20180907,1039,88600,198
861,20180907,1040,88700,1885
862,20180907,1041,88800,1627
863,20180907,1042,88900,192
864,20180907,1043,88900,106
865,20180907,1044,88900,176
866,20180907,1045,88900,663
867,20180907,1046,88900,173
868,20180907,1047,88900,130
869,20180907,1048,88800,2158
870,20180907,1049,88700,153
871,20180907,1050,88700,61
872,20180907,1051,88700,682
873,20180907,1052,88700,498
874,20180907,1053,88800,114
875,20180907,1054,88800,177
876,20180907,1055,88800,175
877,20180907,1056,88800,153
878,20180907,1057,88800,134
879,20180907,1058,88800,277
880,20180907,1059,88800,485
881,20180907,1100,88800,1016
882,20180907,1101,88900,172
883,20180907,1102,88900,63
884,20180907,1103,88900,418
885,20180907,1104,88900,174
886,20180907,1105,88900,91
887,20180907,1106,88900,91
888,20180907,1107,88900,698
889,20180907,1108,88900,299
890,20180907,1109,88900,256
891,20180907,1110,88900,149
892,20180907,1111,88900,48
893,20180907,1112,88800,119
894,20180907,1113,88900,507
895,20180907,1114,88900,274
896,20180907,1115,88800,1036
897,20180907,1116,88900,51
898,20180907,1117,88900,109
899,20180907,1118,88900,89
900,20180907,1119,88800,260
901,20180907,1120,88900,153
902,20180907,1121,88900,1955
903,20180907,1122,88800,19
904,20180907,1123,88700,1134
905,20180907,1124,88800,238
906,20180907,1125,88700,260
907,20180907,1126,88700,98
908,20180907,1127,88600,116
909,20180907,1128,88700,37
910,20180907,1129,88600,256
911,20180907,1130,88700,139
912,20180907,1131,88700,267
913,20180907,1132,88600,681
914,20180907,1133,88600,450
915,20180907,1134,88700,129
916,20180907,1135,88700,133
917,20180907,1136,88600,2563
918,20180907,1137,88600,7
919,20180907,1138,88400,175
920,20180907,1139,88500,260
921,20180907,1140,88400,161
922,20180907,1141,88500,120
923,20180907,1142,88400,671
924,20180907,1143,88300,105
925,20180907,1144,88200,113
926,20180907,1145,88300,351
927,20180907,1146,88400,66
928,20180907,1147,88400,32
929,20180907,1148,88400,96
930,20180907,1149,88300,69
931,20180907,1150,88400,586
932,20180907,1151,88500,57
933,20180907,1152,88400,38
934,20180907,1153,88400,32
935,20180907,1154,88500,99
936,20180907,1155,88500,762
937,20180907,1156,88500,212
938,20180907,1157,88600,48
939,20180907,1158,88700,551
940,20180907,1159,88800,20
941,20180907,1200,88700,55
942,20180907,1201,88700,48
943,20180907,1202,88700,1260
944,20180907,1203,88700,158
945,20180907,1204,88600,3
946,20180907,1205,88600,142
947,20180907,1206,88700,55
948,20180907,1208,88700,310
949,20180907,1209,88700,51
950,20180907,1210,88700,206
951,20180907,1211,88700,435
952,20180907,1212,88800,213
953,20180907,1213,88800,122
954,20180907,1214,88800,159
955,20180907,1215,88800,150
956,20180907,1216,88800,493
957,20180907,1217,88800,71
958,20180907,1218,88800,132
959,20180907,1219,88800,61
960,20180907,1220,88800,522
961,20180907,1221,88800,112
962,20180907,1222,88900,31
963,20180907,1223,88900,503
964,20180907,1224,88900,301
965,20180907,1225,88900,184
966,20180907,1226,88800,1090
967,20180907,1227,88800,12
968,20180907,1228,88800,46
969,20180907,1229,88700,345
970,20180907,1230,88800,151
971,20180907,1231,88700,78
972,20180907,1232,88700,25
973,20180907,1233,88700,73
974,20180907,1234,88700,536
975,20180907,1235,88700,52
976,20180907,1236,88600,1673
977,20180907,1237,88600,10
978,20180907,1238,88500,230
979,20180907,1239,88400,34
980,20180907,1240,88500,17
981,20180907,1241,88500,4
982,20180907,1242,88500,62
983,20180907,1243,88400,30
984,20180907,1244,88400,53
985,20180907,1245,88400,62
986,20180907,1246,88500,54
987,20180907,1247,88500,13
988,20180907,1248,88400,60
989,20180907,1249,88500,6
990,20180907,1250,88500,7
991,20180907,1251,88500,2
992,20180907,1252,88400,94
993,20180907,1253,88500,258
994,20180907,1254,88400,1392
995,20180907,1255,88300,23
996,20180907,1256,88400,2
997,20180907,1257,88400,6
998,20180907,1258,88400,20
999,20180907,1259,88300,64
1000,20180907,1300,88300,151
1001,20180907,1301,88400,62
1002,20180907,1302,88400,23
1003,20180907,1303,88400,13
1004,20180907,1304,88400,26
1005,20180907,1305,88300,27
1006,20180907,1306,88400,585
1007,20180907,1307,88400,1160
1008,20180907,1308,88200,127
1009,20180907,1310,88200,816
1010,20180907,1311,88300,14
1011,20180907,1312,88400,166
1012,20180907,1313,88400,140
1013,20180907,1314,88300,14
1014,20180907,1315,88400,108
1015,20180907,1316,88300,92
1016,20180907,1317,88400,5
1017,20180907,1318,88400,116
1018,20180907,1319,88400,40
1019,20180907,1320,88300,12
1020,20180907,1321,88400,13
1021,20180907,1322,88400,89
1022,20180907,1323,88400,40
1023,20180907,1324,88400,1911
1024,20180907,1325,88200,55
1025,20180907,1326,88300,17
1026,20180907,1327,88200,52
1027,20180907,1328,88200,995
1028,20180907,1329,88200,112
1029,20180907,1330,88200,7
1030,20180907,1331,88200,12
1031,20180907,1332,88100,34
1032,20180907,1333,88100,47
1033,20180907,1334,88100,232
1034,20180907,1335,88200,381
1035,20180907,1336,88100,423
1036,20180907,1337,88100,72
1037,20180907,1338,88000,1101
1038,20180907,1339,87900,559
1039,20180907,1340,87800,127
1040,20180907,1341,87700,74
1041,20180907,1342,87800,10
1042,20180907,1343,87700,4
1043,20180907,1344,87800,678
1044,20180907,1345,88000,1106
1045,20180907,1346,87700,2
1046,20180907,1347,87700,32
1047,20180907,1348,87700,405
1048,20180907,1349,87600,27
1049,20180907,1350,87700,3
1050,20180907,1351,87700,47
1051,20180907,1352,87700,27
1052,20180907,1353,87600,119
1053,20180907,1354,87600,249
1054,20180907,1355,87800,874
1055,20180907,1356,88000,49
1056,20180907,1357,88000,372
1057,20180907,1358,88000,27
1058,20180907,1359,88000,18
1059,20180907,1400,88000,5
1060,20180907,1401,88000,639
1061,20180907,1402,88200,18
1062,20180907,1403,88300,430
1063,20180907,1404,88400,114
1064,20180907,1405,88300,459
1065,20180907,1406,88500,1178
1066,20180907,1407,88600,80
1067,20180907,1408,88600,90
1068,20180907,1409,88600,174
1069,20180907,1410,88600,114
1070,20180907,1411,88600,28
1071,20180907,1412,88600,22
1072,20180907,1413,88600,238
1073,20180907,1414,88600,462
1074,20180907,1415,88700,182
1075,20180907,1416,88800,262
1076,20180907,1417,88800,98
1077,20180907,1418,88800,239
1078,20180907,1419,88800,116
1079,20180907,1420,88800,195
1080,20180907,1421,88800,141
1081,20180907,1422,88800,132
1082,20180907,1423,88800,171
1083,20180907,1424,88800,233
1084,20180907,1425,88800,255
1085,20180907,1426,88800,150
1086,20180907,1427,88800,176
1087,20180907,1428,88800,94
1088,20180907,1429,88800,137
1089,20180907,1430,88800,150
1090,20180907,1431,88800,183
1091,20180907,1432,88700,177
1092,20180907,1433,88800,213
1093,20180907,1434,88800,371
1094,20180907,1435,88800,463
1095,20180907,1436,88800,1081
1096,20180907,1437,88800,21
1097,20180907,1438,88800,41
1098,20180907,1439,88800,141
1099,20180907,1440,88800,69
1100,20180907,1441,88800,711
1101,20180907,1442,88800,169
1102,20180907,1443,88800,2597
1103,20180907,1444,88900,243
1104,20180907,1445,88900,908
1105,20180907,1446,88900,265
1106,20180907,1447,88900,242
1107,20180907,1448,88900,734
1108,20180907,1449,88900,904
1109,20180907,1450,88900,230
1110,20180907,1451,88900,1053
1111,20180907,1452,88900,293
1112,20180907,1453,88800,75
1113,20180907,1454,88900,56
1114,20180907,1455,88900,169
1115,20180907,1456,88900,211
1116,20180907,1457,88900,316
1117,20180907,1458,88900,340
1118,20180907,1459,88900,289
1119,20180907,1500,88900,3788
1120,20180907,1501,88800,66
1121,20180907,1502,88800,301
1122,20180907,1503,88800,102
1123,20180907,1504,88800,1120
1124,20180907,1505,88800,235
1125,20180907,1506,88800,206
1126,20180907,1507,88800,957
1127,20180907,1508,88800,2
1128,20180907,1509,88700,38
1129,20180907,1510,88700,32
1130,20180907,1511,88800,40
1131,20180907,1512,88800,1171
1132,20180907,1513,88800,297
1133,20180907,1514,88800,91
1134,20180907,1515,88800,125
1135,20180907,1516,88800,15
1136,20180907,1517,88800,206
1137,20180907,1518,88800,79
1138,20180907,1519,88800,59
1139,20180907,1520,88800,317
1140,20180907,1530,88900,5482
0,20180910,901,87800,2504
1,20180910,902,89100,606
2,20180910,903,89500,646
3,20180910,904,89300,266
4,20180910,905,89200,365
5,20180910,906,88900,40
6,20180910,907,88800,268
7,20180910,908,89000,299
8,20180910,909,88800,756
9,20180910,910,88800,154
10,20180910,911,88600,137
11,20180910,912,88800,134
12,20180910,913,88900,282
13,20180910,914,88700,717
14,20180910,915,88500,479
15,20180910,916,88400,162
16,20180910,917,88300,342
17,20180910,918,88300,198
18,20180910,919,88300,136
19,20180910,920,88400,261
20,20180910,921,88500,51
21,20180910,923,88500,396
22,20180910,924,88400,30
23,20180910,925,88300,440
24,20180910,926,88300,1
25,20180910,927,88200,152
26,20180910,928,88200,327
27,20180910,929,88200,205
28,20180910,930,88200,58
29,20180910,931,88200,367
30,20180910,932,88000,776
31,20180910,933,88000,85
32,20180910,934,88000,73
33,20180910,935,88100,46
34,20180910,937,88100,510
35,20180910,938,87900,140
36,20180910,939,87900,200
37,20180910,940,87900,26
38,20180910,941,87900,418
39,20180910,942,88000,36
40,20180910,943,87900,182
41,20180910,944,88000,11
42,20180910,945,87900,479
43,20180910,946,88100,221
44,20180910,947,88300,110
45,20180910,948,88200,217
46,20180910,949,88300,468
47,20180910,950,88300,112
48,20180910,951,88300,43
49,20180910,952,88300,39
50,20180910,953,88200,22
51,20180910,954,88300,18
52,20180910,955,88200,107
53,20180910,956,88200,1255
54,20180910,957,88100,241
55,20180910,958,88000,51
56,20180910,959,87900,321
57,20180910,1000,87900,96
58,20180910,1001,88000,2
59,20180910,1002,88000,90
60,20180910,1003,88000,647
61,20180910,1004,88000,7
62,20180910,1005,88100,202
63,20180910,1006,88100,29
64,20180910,1007,88100,31
65,20180910,1008,88100,108
66,20180910,1009,88200,154
67,20180910,1010,88100,125
68,20180910,1011,88200,6
69,20180910,1012,88200,150
70,20180910,1013,88200,63
71,20180910,1014,88300,44
72,20180910,1015,88300,10
73,20180910,1016,88300,15
74,20180910,1017,88200,14
75,20180910,1018,88200,266
76,20180910,1019,88200,36
77,20180910,1020,88200,119
78,20180910,1021,88200,142
79,20180910,1022,88100,144
80,20180910,1023,88000,4
81,20180910,1024,88000,317
82,20180910,1025,88100,31
83,20180910,1026,88000,44
84,20180910,1027,88000,10
85,20180910,1028,88000,3
86,20180910,1029,88000,11
87,20180910,1030,88000,226
88,20180910,1031,88100,5
89,20180910,1032,88000,84
90,20180910,1033,88100,370
91,20180910,1034,88000,214
92,20180910,1035,88200,12
93,20180910,1036,88200,6
94,20180910,1038,88100,244
95,20180910,1039,88200,44
96,20180910,1040,88200,153
97,20180910,1041,88100,14
98,20180910,1042,88000,390
99,20180910,1043,88000,316
100,20180910,1044,87900,25
101,20180910,1045,87900,65
102,20180910,1046,87900,33
103,20180910,1047,87900,239
104,20180910,1048,87900,6
105,20180910,1049,87900,82
106,20180910,1050,87800,186
107,20180910,1051,87900,196
108,20180910,1052,87800,14
109,20180910,1053,87800,4
110,20180910,1054,87900,59
111,20180910,1055,87900,25
112,20180910,1056,87900,353
113,20180910,1057,87900,968
114,20180910,1058,88000,167
115,20180910,1059,88000,23
116,20180910,1101,88000,41
117,20180910,1102,88000,5
118,20180910,1103,88000,37
119,20180910,1104,88000,21
120,20180910,1105,87900,485
121,20180910,1106,87800,100
122,20180910,1107,87800,6
123,20180910,1108,87900,33
124,20180910,1109,87900,35
125,20180910,1110,87900,1950
126,20180910,1111,87500,119
127,20180910,1112,87600,14
128,20180910,1113,87600,182
129,20180910,1114,87500,44
130,20180910,1115,87600,837
131,20180910,1116,87700,51
132,20180910,1117,87700,29
133,20180910,1119,87800,704
134,20180910,1120,87700,16
135,20180910,1121,87700,30
136,20180910,1122,87700,39
137,20180910,1123,87700,30
138,20180910,1124,87700,183
139,20180910,1125,87600,179
140,20180910,1126,87600,87
141,20180910,1127,87600,251
142,20180910,1128,87600,317
143,20180910,1129,87600,6
144,20180910,1130,87600,2
145,20180910,1131,87500,51
146,20180910,1133,87600,36
147,20180910,1134,87500,27
148,20180910,1135,87600,150
149,20180910,1136,87500,6
150,20180910,1137,87600,1
151,20180910,1138,87600,37
152,20180910,1139,87500,53
153,20180910,1140,87600,8
154,20180910,1141,87600,19
155,20180910,1142,87600,63
156,20180910,1143,87600,1
157,20180910,1144,87600,411
158,20180910,1145,87600,626
159,20180910,1146,87900,43
160,20180910,1147,87900,6
161,20180910,1149,87800,7
162,20180910,1151,87900,6
163,20180910,1152,87900,30
164,20180910,1153,87800,2
165,20180910,1154,87900,132
166,20180910,1155,87900,17
167,20180910,1156,87900,6
168,20180910,1157,87900,25
169,20180910,1158,87900,35
170,20180910,1159,87900,1
171,20180910,1200,87900,10
172,20180910,1201,87800,50
173,20180910,1202,87800,549
174,20180910,1203,87700,1
175,20180910,1204,87700,65
176,20180910,1205,87600,5
177,20180910,1206,87600,2
178,20180910,1207,87600,197
179,20180910,1208,87600,88
180,20180910,1209,87600,88
181,20180910,1210,87700,30
182,20180910,1211,87600,224
183,20180910,1212,87700,1
184,20180910,1213,87700,44
185,20180910,1214,87700,148
186,20180910,1215,87700,702
187,20180910,1216,87600,103
188,20180910,1218,87600,35
189,20180910,1219,87600,2
190,20180910,1220,87600,36
191,20180910,1221,87600,10
192,20180910,1222,87700,30
193,20180910,1223,87600,2
194,20180910,1224,87700,100
195,20180910,1225,87700,1
196,20180910,1227,87600,70
197,20180910,1228,87600,52
198,20180910,1229,87700,15
199,20180910,1230,87700,6
200,20180910,1231,87700,16
201,20180910,1232,87700,1616
202,20180910,1233,87800,82
203,20180910,1234,87800,224
204,20180910,1235,87800,21
205,20180910,1236,87800,152
206,20180910,1237,87900,10
207,20180910,1238,87900,16
208,20180910,1239,87900,2
209,20180910,1240,87900,30
210,20180910,1242,87800,52
211,20180910,1243,87800,138
212,20180910,1244,87800,2
213,20180910,1245,87800,335
214,20180910,1246,87800,31
215,20180910,1247,87800,15
216,20180910,1248,87800,56
217,20180910,1249,87700,729
218,20180910,1250,87700,38
219,20180910,1251,87700,8
220,20180910,1252,87700,64
221,20180910,1254,87600,324
222,20180910,1255,87700,23
223,20180910,1257,87600,198
224,20180910,1258,87700,2
225,20180910,1259,87600,44
226,20180910,1300,87700,18
227,20180910,1301,87700,59
228,20180910,1302,87700,31
229,20180910,1303,87700,4
230,20180910,1304,87700,119
231,20180910,1305,87700,52
232,20180910,1306,87700,20
233,20180910,1307,87700,14
234,20180910,1308,87700,7
235,20180910,1309,87700,28
236,20180910,1310,87700,37
237,20180910,1311,87700,36
238,20180910,1312,87600,14
239,20180910,1313,87700,21
240,20180910,1314,87600,70
241,20180910,1315,87700,23
242,20180910,1316,87700,33
243,20180910,1317,87700,37
244,20180910,1318,87600,67
245,20180910,1319,87700,5
246,20180910,1320,87700,5
247,20180910,1321,87700,113
248,20180910,1322,87700,70
249,20180910,1323,87700,34
250,20180910,1324,87700,11
251,20180910,1325,87600,6
252,20180910,1326,87700,134
253,20180910,1327,87700,43
254,20180910,1328,87700,12
255,20180910,1329,87700,408
256,20180910,1330,87600,243
257,20180910,1331,87600,26
258,20180910,1332,87600,23
259,20180910,1333,87600,144
260,20180910,1334,87700,53
261,20180910,1335,87600,109
262,20180910,1336,87700,8
263,20180910,1337,87700,65
264,20180910,1338,87700,723
265,20180910,1339,87600,27
266,20180910,1340,87500,140
267,20180910,1341,87500,3170
268,20180910,1342,87300,65
269,20180910,1343,87300,42
270,20180910,1344,87300,24
271,20180910,1345,87300,62
272,20180910,1346,87300,17
273,20180910,1347,87400,33
274,20180910,1348,87400,18
275,20180910,1349,87400,12
276,20180910,1350,87300,16
277,20180910,1351,87400,5
278,20180910,1352,87400,630
279,20180910,1353,87300,672
280,20180910,1354,87300,219
281,20180910,1355,87300,2
282,20180910,1357,87300,13
283,20180910,1358,87300,7
284,20180910,1359,87300,94
285,20180910,1400,87300,1759
286,20180910,1401,87200,10
287,20180910,1402,87100,899
288,20180910,1403,87100,22
289,20180910,1404,87100,5
290,20180910,1405,87100,442
291,20180910,1406,87100,185
292,20180910,1407,87200,50
293,20180910,1408,87200,6
294,20180910,1409,87200,6
295,20180910,1410,87200,122
296,20180910,1411,87200,10
297,20180910,1412,87200,34
298,20180910,1413,87200,369
299,20180910,1414,87200,30
300,20180910,1415,87200,124
301,20180910,1416,87100,14
302,20180910,1417,87200,29
303,20180910,1418,87100,41
304,20180910,1419,87100,35
305,20180910,1420,87100,1002
306,20180910,1421,87100,20
307,20180910,1422,87100,3
308,20180910,1423,87100,224
309,20180910,1424,87200,41
310,20180910,1425,87100,218
311,20180910,1426,87100,6
312,20180910,1427,87100,254
313,20180910,1428,87000,8
314,20180910,1429,87000,7
315,20180910,1430,87100,157
316,20180910,1431,87000,205
317,20180910,1432,87100,93
318,20180910,1433,87000,8
319,20180910,1434,87000,24
320,20180910,1435,87100,4687
321,20180910,1436,87200,38
322,20180910,1437,87300,292
323,20180910,1438,87200,22
324,20180910,1439,87200,318
325,20180910,1440,87300,334
326,20180910,1441,87200,9
327,20180910,1442,87200,1079
328,20180910,1443,87100,8
329,20180910,1444,87100,6
330,20180910,1445,87200,11
331,20180910,1446,87200,9
332,20180910,1447,87200,94
333,20180910,1448,87200,750
334,20180910,1449,87000,3
335,20180910,1450,87000,82
336,20180910,1451,87000,28
337,20180910,1452,87000,12
338,20180910,1453,87100,67
339,20180910,1454,87100,64
340,20180910,1455,87000,132
341,20180910,1456,87100,90
342,20180910,1457,87000,120
343,20180910,1458,87000,36
344,20180910,1459,87100,1000
345,20180910,1500,87000,65
346,20180910,1501,87000,77
347,20180910,1502,87100,190
348,20180910,1503,87100,91
349,20180910,1504,87100,44
350,20180910,1505,87100,935
351,20180910,1506,87200,42
352,20180910,1507,87100,23
353,20180910,1508,87200,96
354,20180910,1509,87200,6
355,20180910,1510,87200,17
356,20180910,1511,87200,227
357,20180910,1512,87200,204
358,20180910,1513,87200,111
359,20180910,1514,87200,35
360,20180910,1515,87200,41
361,20180910,1516,87200,42
362,20180910,1517,87200,73
363,20180910,1518,87200,59
364,20180910,1519,87300,61
365,20180910,1520,87300,130
366,20180910,1530,87300,5194
0,20180911,901,86200,796
1,20180911,902,86500,6
2,20180911,903,86600,174
3,20180911,904,86600,99
4,20180911,905,86700,36
5,20180911,906,86800,18
6,20180911,907,86800,197
7,20180911,908,87000,50
8,20180911,909,86800,221
9,20180911,910,86800,173
10,20180911,911,86900,47
11,20180911,912,86900,243
12,20180911,913,87200,103
13,20180911,914,87100,83
14,20180911,915,87200,8
15,20180911,916,87100,84
16,20180911,917,87100,112
17,20180911,918,86900,214
18,20180911,919,87200,195
19,20180911,920,87500,87
20,20180911,921,87600,308
21,20180911,922,87500,110
22,20180911,923,87500,1
23,20180911,924,87600,33
24,20180911,925,87600,71
25,20180911,926,87700,112
26,20180911,927,87700,425
27,20180911,928,87600,83
28,20180911,929,87700,278
29,20180911,930,87600,136
30,20180911,931,87500,83
31,20180911,932,87600,16
32,20180911,933,87600,123
33,20180911,934,87500,21
34,20180911,935,87600,1329
35,20180911,936,88100,210
36,20180911,937,88400,456
37,20180911,938,88500,37
38,20180911,939,88400,40
39,20180911,940,88400,150
40,20180911,941,88400,13
41,20180911,942,88500,15
42,20180911,943,88500,150
43,20180911,944,88500,18
44,20180911,945,88300,135
45,20180911,946,88200,118
46,20180911,947,88200,260
47,20180911,948,87900,435
48,20180911,949,87900,7
49,20180911,950,87800,102
50,20180911,951,87800,217
51,20180911,952,87800,1396
52,20180911,953,88000,62
53,20180911,954,88100,548
54,20180911,955,88400,13
55,20180911,956,88400,107
56,20180911,957,88300,241
57,20180911,958,88100,51
58,20180911,959,88100,12
59,20180911,1000,88100,36
60,20180911,1001,88200,1
61,20180911,1002,88200,13
62,20180911,1003,88200,7
63,20180911,1004,88100,122
64,20180911,1005,88100,20
65,20180911,1006,88200,55
66,20180911,1007,88200,2
67,20180911,1008,88200,50
68,20180911,1009,88100,160
69,20180911,1010,88100,44
70,20180911,1011,88100,7
71,20180911,1012,88100,1
72,20180911,1013,88100,253
73,20180911,1014,88100,85
74,20180911,1015,88200,183
75,20180911,1016,88300,1
76,20180911,1017,88300,160
77,20180911,1018,88300,10
78,20180911,1019,88300,164
79,20180911,1020,88300,100
80,20180911,1021,88300,6
81,20180911,1022,88200,369
82,20180911,1023,88200,9
83,20180911,1024,88200,5
84,20180911,1025,88200,9
85,20180911,1026,88200,6
86,20180911,1027,88200,1
87,20180911,1028,88200,9
88,20180911,1029,88200,518
89,20180911,1030,88400,7
90,20180911,1031,88400,47
91,20180911,1032,88300,7
92,20180911,1033,88400,16
93,20180911,1034,88300,15
94,20180911,1035,88300,623
95,20180911,1036,88200,100
96,20180911,1037,88300,42
97,20180911,1038,88300,12
98,20180911,1039,88300,43
99,20180911,1040,88300,12
100,20180911,1041,88300,2
101,20180911,1042,88200,957
102,20180911,1044,88000,26
103,20180911,1045,88000,369
104,20180911,1046,87900,14
105,20180911,1047,88000,8
106,20180911,1048,88000,21
107,20180911,1049,88000,68
108,20180911,1050,88000,211
109,20180911,1051,87900,22
110,20180911,1052,88000,9
111,20180911,1053,87900,136
112,20180911,1054,87900,402
113,20180911,1055,87800,360
114,20180911,1056,87800,786
115,20180911,1057,87800,159
116,20180911,1058,87800,491
117,20180911,1059,87600,59
118,20180911,1100,87600,150
119,20180911,1101,87600,35
120,20180911,1102,87600,64
121,20180911,1103,87700,13
122,20180911,1104,87600,250
123,20180911,1105,87500,744
124,20180911,1106,87200,264
125,20180911,1107,87100,121
126,20180911,1108,87200,170
127,20180911,1109,87200,96
128,20180911,1110,87200,91
129,20180911,1111,87200,54
130,20180911,1112,87300,10
131,20180911,1113,87300,20
132,20180911,1114,87400,14
133,20180911,1115,87300,174
134,20180911,1116,87300,115
135,20180911,1117,87400,15
136,20180911,1118,87500,13
137,20180911,1119,87400,73
138,20180911,1120,87400,217
139,20180911,1121,87300,20
140,20180911,1122,87300,15
141,20180911,1123,87400,263
142,20180911,1124,87200,200
143,20180911,1125,87100,15
144,20180911,1126,87100,146
145,20180911,1127,87100,19
146,20180911,1128,87100,15
147,20180911,1129,87100,133
148,20180911,1130,87200,555
149,20180911,1131,87300,18
150,20180911,1132,87300,8
151,20180911,1133,87400,422
152,20180911,1134,87200,10
153,20180911,1135,87300,9
154,20180911,1136,87200,21
155,20180911,1137,87200,70
156,20180911,1138,87200,14
157,20180911,1139,87300,15
158,20180911,1140,87200,41
159,20180911,1141,87200,10
160,20180911,1142,87200,23
161,20180911,1143,87200,19
162,20180911,1144,87300,22
163,20180911,1145,87200,33
164,20180911,1146,87200,107
165,20180911,1147,87200,25
166,20180911,1148,87300,621
167,20180911,1149,87100,318
168,20180911,1150,87200,27
169,20180911,1151,87100,31
170,20180911,1152,87200,29
171,20180911,1153,87200,46
172,20180911,1154,87200,21
173,20180911,1155,87100,36
174,20180911,1156,87100,137
175,20180911,1157,87200,590
176,20180911,1158,87200,106
177,20180911,1159,87200,49
178,20180911,1200,87200,8
179,20180911,1201,87300,18
180,20180911,1202,87200,5
181,20180911,1203,87200,16
182,20180911,1204,87200,35
183,20180911,1205,87200,7
184,20180911,1206,87200,11
185,20180911,1207,87200,35
186,20180911,1208,87300,133
187,20180911,1209,87200,12
188,20180911,1210,87200,43
189,20180911,1211,87300,1943
190,20180911,1212,87200,31
191,20180911,1213,87200,9
192,20180911,1214,87200,19
193,20180911,1215,87200,5
194,20180911,1216,87200,110
195,20180911,1217,87300,35
196,20180911,1218,87200,14
197,20180911,1219,87300,8
198,20180911,1220,87300,8
199,20180911,1221,87200,549
200,20180911,1222,87400,246
201,20180911,1223,87500,9
202,20180911,1224,87400,212
203,20180911,1225,87500,183
204,20180911,1227,87600,649
205,20180911,1228,87500,74
206,20180911,1229,87400,38
207,20180911,1230,87400,6
208,20180911,1231,87400,198
209,20180911,1232,87200,9
210,20180911,1233,87300,10
211,20180911,1234,87200,11
212,20180911,1235,87200,15
213,20180911,1236,87200,13
214,20180911,1237,87200,6
215,20180911,1238,87200,24
216,20180911,1239,87200,3
217,20180911,1240,87200,21
218,20180911,1241,87200,58
219,20180911,1242,87200,16
220,20180911,1243,87300,7
221,20180911,1244,87200,14
222,20180911,1245,87200,12
223,20180911,1246,87200,5
224,20180911,1247,87200,97
225,20180911,1248,87300,16
226,20180911,1249,87200,8
227,20180911,1250,87200,6
228,20180911,1251,87200,228
229,20180911,1252,87200,8
230,20180911,1253,87300,12
231,20180911,1254,87200,241
232,20180911,1255,87400,19
233,20180911,1256,87300,15
234,20180911,1257,87400,137
235,20180911,1258,87400,468
236,20180911,1259,87600,16
237,20180911,1300,87600,10
238,20180911,1301,87600,27
239,20180911,1302,87600,157
240,20180911,1303,87600,37
241,20180911,1304,87600,9
242,20180911,1305,87600,7
243,20180911,1306,87600,22
244,20180911,1307,87600,10
245,20180911,1308,87700,7
246,20180911,1309,87600,11
247,20180911,1310,87600,12
248,20180911,1311,87600,14
249,20180911,1312,87600,9
250,20180911,1313,87600,11
251,20180911,1314,87600,20
252,20180911,1315,87600,128
253,20180911,1316,87600,13
254,20180911,1317,87600,24
255,20180911,1318,87700,13
256,20180911,1319,87600,19
257,20180911,1320,87600,9
258,20180911,1321,87600,11
259,20180911,1322,87700,18
260,20180911,1323,87600,9
261,20180911,1324,87600,15
262,20180911,1325,87600,11
263,20180911,1326,87600,13
264,20180911,1327,87600,14
265,20180911,1328,87600,1
266,20180911,1329,87700,22
267,20180911,1330,87700,11
268,20180911,1331,87600,691
269,20180911,1332,87800,393
270,20180911,1333,88000,16
271,20180911,1334,87900,19
272,20180911,1335,87900,85
273,20180911,1336,87900,379
274,20180911,1337,87800,166
275,20180911,1338,87700,90
276,20180911,1339,87900,11
277,20180911,1340,87900,108
278,20180911,1341,87800,8
279,20180911,1342,87900,14
280,20180911,1343,87800,221
281,20180911,1344,87900,603
282,20180911,1345,88000,19
283,20180911,1346,88000,6
284,20180911,1347,88000,19
285,20180911,1348,88100,20
286,20180911,1349,88000,305
287,20180911,1350,88200,79
288,20180911,1351,88100,87
289,20180911,1352,88100,43
290,20180911,1353,88100,11
291,20180911,1354,88100,13
292,20180911,1355,88100,220
293,20180911,1356,88000,41
294,20180911,1357,88000,13
295,20180911,1358,88000,21
296,20180911,1359,88000,34
297,20180911,1400,88000,39
298,20180911,1401,88000,14
299,20180911,1402,88000,11
300,20180911,1403,88000,43
301,20180911,1404,88000,17
302,20180911,1405,88000,10
303,20180911,1406,88000,101
304,20180911,1407,88000,6
305,20180911,1408,88000,24
306,20180911,1409,88000,9
307,20180911,1410,88000,118
308,20180911,1411,88000,24
309,20180911,1412,88000,6
310,20180911,1413,88000,95
311,20180911,1414,88000,365
312,20180911,1415,88200,138
313,20180911,1416,88100,76
314,20180911,1417,88200,36
315,20180911,1418,88200,25
316,20180911,1419,88100,493
317,20180911,1420,88000,5
318,20180911,1421,88000,37
319,20180911,1422,88000,8
320,20180911,1423,88100,36
321,20180911,1424,88100,96
322,20180911,1425,88000,432
323,20180911,1426,87900,7
324,20180911,1427,87900,44
325,20180911,1428,87900,15
326,20180911,1429,87900,195
327,20180911,1430,88100,171
328,20180911,1431,88200,92
329,20180911,1432,88200,36
330,20180911,1433,88200,59
331,20180911,1434,88100,50
332,20180911,1435,88100,179
333,20180911,1436,88000,112
334,20180911,1437,88100,111
335,20180911,1438,88000,5
336,20180911,1439,88000,50
337,20180911,1440,88000,43
338,20180911,1441,88000,1080
339,20180911,1442,88100,30
340,20180911,1443,88100,267
341,20180911,1444,88100,123
342,20180911,1445,88100,99
343,20180911,1446,88100,230
344,20180911,1447,88100,91
345,20180911,1448,88100,65
346,20180911,1449,88000,31
347,20180911,1450,88100,10
348,20180911,1451,88100,52
349,20180911,1452,88100,123
350,20180911,1453,88000,24
351,20180911,1454,88000,221
352,20180911,1455,88000,21
353,20180911,1456,88000,286
354,20180911,1457,87900,22
355,20180911,1458,87900,21
356,20180911,1459,87900,57
357,20180911,1500,87900,681
358,20180911,1501,87800,14
359,20180911,1503,88000,143
360,20180911,1504,88000,355
361,20180911,1505,88100,36
362,20180911,1506,88100,11
363,20180911,1507,88100,32
364,20180911,1508,88100,347
365,20180911,1509,87900,44
366,20180911,1510,87900,46
367,20180911,1512,87900,15
368,20180911,1513,88000,5
369,20180911,1515,87900,381
370,20180911,1516,87800,10
371,20180911,1517,87800,74
372,20180911,1518,87800,199
373,20180911,1519,87700,15
374,20180911,1520,87800,205
375,20180911,1530,88000,2712
376,20180912,901,88800,242
377,20180912,902,88400,117
378,20180912,903,88500,81
379,20180912,904,88600,143
380,20180912,905,88500,49
381,20180912,906,88500,23
382,20180912,907,88400,58
383,20180912,909,88200,54
384,20180912,910,88300,46
385,20180912,911,88100,29
386,20180912,912,88300,17
387,20180912,913,88300,4
388,20180912,914,88100,132
389,20180912,915,88100,22
390,20180912,916,88100,78
391,20180912,917,88000,134
392,20180912,918,88100,5
393,20180912,919,88000,164
394,20180912,920,88000,3
395,20180912,921,88000,243
396,20180912,922,88000,158
397,20180912,923,88100,148
398,20180912,924,88200,51
399,20180912,925,88300,19
400,20180912,926,88300,119
401,20180912,927,88300,59
402,20180912,928,88300,57
403,20180912,929,88300,24
404,20180912,930,88200,24
405,20180912,931,88200,28
406,20180912,932,88200,264
407,20180912,933,88300,68
408,20180912,934,88200,61
409,20180912,935,88200,142
410,20180912,936,88400,3
411,20180912,937,88400,814
412,20180912,938,88500,4473
413,20180912,939,88500,39
414,20180912,940,88400,26
415,20180912,941,88500,14
416,20180912,942,88500,17
417,20180912,943,88500,40
418,20180912,945,88500,34
419,20180912,946,88500,49
420,20180912,948,88500,83
421,20180912,949,88400,78
422,20180912,950,88500,15
423,20180912,951,88500,52
424,20180912,952,88500,479
425,20180912,953,88500,183
426,20180912,954,88500,334
427,20180912,955,88500,27
428,20180912,956,88400,5
429,20180912,957,88400,62
430,20180912,958,88500,59
431,20180912,959,88500,144
432,20180912,1000,88400,1202
433,20180912,1001,88400,894
434,20180912,1002,88200,262
435,20180912,1003,88300,229
436,20180912,1004,88400,18
437,20180912,1005,88400,68
438,20180912,1006,88300,88
439,20180912,1007,88400,573
440,20180912,1008,88500,1247
441,20180912,1009,88500,3502
442,20180912,1010,88600,54
443,20180912,1011,88600,79
444,20180912,1012,88700,2424
445,20180912,1013,88900,99
446,20180912,1014,88900,76
447,20180912,1015,88800,310
448,20180912,1016,88800,893
449,20180912,1017,88900,2850
450,20180912,1018,89200,480
451,20180912,1019,89300,4645
452,20180912,1020,89500,912
453,20180912,1021,89500,1013
454,20180912,1022,89500,37
455,20180912,1023,89500,1652
456,20180912,1024,89500,78
457,20180912,1025,89400,188
458,20180912,1026,89400,43
459,20180912,1027,89400,21
460,20180912,1028,89400,19
461,20180912,1029,89400,234
462,20180912,1030,89300,32
463,20180912,1031,89300,24
464,20180912,1032,89300,38
465,20180912,1033,89200,33
466,20180912,1034,89300,3
467,20180912,1035,89300,17
468,20180912,1036,89200,687
469,20180912,1037,89200,10
470,20180912,1039,89100,532
471,20180912,1040,89100,33
472,20180912,1041,89000,23
473,20180912,1042,89000,1455
474,20180912,1043,89100,12
475,20180912,1044,89100,66
476,20180912,1045,89000,517
477,20180912,1046,89000,1077
478,20180912,1047,89000,268
479,20180912,1048,88900,450
480,20180912,1049,88700,156
481,20180912,1050,88700,137
482,20180912,1051,88600,709
483,20180912,1052,88700,700
484,20180912,1053,88800,275
485,20180912,1054,88700,17
486,20180912,1055,88700,150
487,20180912,1056,88600,50
488,20180912,1057,88700,129
489,20180912,1058,88800,66
490,20180912,1059,88800,32
491,20180912,1100,88800,63
492,20180912,1101,88700,102
493,20180912,1102,88800,73
494,20180912,1103,88800,136
495,20180912,1104,88900,247
496,20180912,1105,89000,26
497,20180912,1106,89000,2
498,20180912,1107,88900,382
499,20180912,1108,89000,21
500,20180912,1109,88900,84
501,20180912,1110,88900,228
502,20180912,1111,89000,23
503,20180912,1112,88900,20
504,20180912,1113,88900,5
505,20180912,1114,89000,9
506,20180912,1115,89000,9
507,20180912,1116,88900,173
508,20180912,1117,89000,23
509,20180912,1118,88900,37
510,20180912,1119,88900,32
511,20180912,1120,89000,801
512,20180912,1121,89100,41
513,20180912,1122,89100,14
514,20180912,1123,89100,72
515,20180912,1124,89100,20
516,20180912,1125,89000,6
517,20180912,1126,89000,13
518,20180912,1127,89000,39
519,20180912,1128,89100,27
520,20180912,1129,89100,145
521,20180912,1130,89000,441
522,20180912,1131,88900,33
523,20180912,1132,89000,12
524,20180912,1133,88900,1
525,20180912,1134,88900,61
526,20180912,1135,88900,72
527,20180912,1137,88900,37
528,20180912,1138,89000,77
529,20180912,1139,88900,87
530,20180912,1140,88900,10
531,20180912,1141,89000,20
532,20180912,1142,88900,121
533,20180912,1143,88800,88
534,20180912,1144,88900,130
535,20180912,1145,88800,3
536,20180912,1146,88800,1
537,20180912,1147,88900,7
538,20180912,1148,88900,9
539,20180912,1149,88800,9
540,20180912,1150,88900,21
541,20180912,1151,88800,5
542,20180912,1152,88800,6
543,20180912,1153,88900,41
544,20180912,1154,88800,21
545,20180912,1155,88800,9
546,20180912,1156,88900,29
547,20180912,1157,88900,342
548,20180912,1158,89000,86
549,20180912,1159,89000,13
550,20180912,1200,89000,47
551,20180912,1201,88900,1005
552,20180912,1202,89100,43
553,20180912,1203,89100,22
554,20180912,1204,89100,23
555,20180912,1205,89100,3
556,20180912,1206,89100,12
557,20180912,1207,89100,318
558,20180912,1208,89000,64
559,20180912,1209,88900,7
560,20180912,1210,89000,425
561,20180912,1211,88900,2
562,20180912,1212,89000,25
563,20180912,1213,88900,7
564,20180912,1214,89000,1129
565,20180912,1215,88900,26
566,20180912,1216,88900,24
567,20180912,1218,89000,31
568,20180912,1219,88900,59
569,20180912,1221,88800,32
570,20180912,1222,88800,2
571,20180912,1223,88800,22
572,20180912,1224,88800,484
573,20180912,1225,88600,90
574,20180912,1226,88600,6
575,20180912,1227,88600,88
576,20180912,1228,88600,14
577,20180912,1229,88600,20
578,20180912,1230,88600,24
579,20180912,1231,88500,9
580,20180912,1232,88500,187
581,20180912,1233,88600,14
582,20180912,1234,88500,34
583,20180912,1235,88600,3
584,20180912,1236,88600,7
585,20180912,1237,88600,2
586,20180912,1238,88600,65
587,20180912,1239,88500,169
588,20180912,1240,88600,112
589,20180912,1241,88400,141
590,20180912,1242,88500,2
591,20180912,1243,88500,11
592,20180912,1244,88500,223
593,20180912,1245,88500,6
594,20180912,1246,88400,66
595,20180912,1247,88500,145
596,20180912,1248,88500,43
597,20180912,1249,88400,83
598,20180912,1250,88500,5
599,20180912,1251,88400,18
600,20180912,1252,88400,16
601,20180912,1253,88500,8
602,20180912,1254,88500,11
603,20180912,1255,88500,6
604,20180912,1256,88500,33
605,20180912,1257,88500,42
606,20180912,1258,88400,56
607,20180912,1259,88400,221
608,20180912,1300,88500,50
609,20180912,1301,88400,11
610,20180912,1302,88500,9
611,20180912,1303,88400,67
612,20180912,1304,88500,87
613,20180912,1305,88500,21
614,20180912,1306,88500,15
615,20180912,1307,88500,531
616,20180912,1308,88600,107
617,20180912,1309,88600,12
618,20180912,1310,88600,6
619,20180912,1311,88500,24
620,20180912,1312,88600,6
621,20180912,1313,88500,8
622,20180912,1314,88600,144
623,20180912,1315,88600,312
624,20180912,1316,88700,4
625,20180912,1317,88700,37
626,20180912,1318,88700,30
627,20180912,1319,88700,10
628,20180912,1320,88700,3
629,20180912,1321,88600,22
630,20180912,1322,88700,23
631,20180912,1324,88700,131
632,20180912,1325,88600,3
633,20180912,1326,88700,35
634,20180912,1327,88700,8
635,20180912,1328,88700,41
636,20180912,1329,88700,105
637,20180912,1330,88700,15
638,20180912,1331,88600,9
639,20180912,1332,88700,8
640,20180912,1333,88600,32
641,20180912,1334,88600,337
642,20180912,1335,88600,21
643,20180912,1336,88500,326
644,20180912,1337,88300,20
645,20180912,1338,88400,274
646,20180912,1339,88600,60
647,20180912,1340,88600,19
648,20180912,1341,88500,6
649,20180912,1342,88500,3
650,20180912,1343,88600,12
651,20180912,1344,88600,333
652,20180912,1345,88500,4
653,20180912,1346,88400,72
654,20180912,1347,88400,59
655,20180912,1348,88500,21
656,20180912,1349,88500,114
657,20180912,1350,88600,95
658,20180912,1351,88500,348
659,20180912,1352,88600,18
660,20180912,1353,88500,1
661,20180912,1354,88600,158
662,20180912,1355,88600,25
663,20180912,1356,88600,50
664,20180912,1357,88600,111
665,20180912,1358,88600,14
666,20180912,1359,88600,71
667,20180912,1400,88600,213
668,20180912,1401,88500,246
669,20180912,1402,88700,9
670,20180912,1403,88700,19
671,20180912,1404,88700,13
672,20180912,1405,88700,46
673,20180912,1406,88600,248
674,20180912,1407,88500,46
675,20180912,1408,88500,127
676,20180912,1409,88500,244
677,20180912,1410,88600,24
678,20180912,1411,88700,155
679,20180912,1412,88500,528
680,20180912,1413,88400,182
681,20180912,1414,88400,25
682,20180912,1415,88500,161
683,20180912,1416,88400,16
684,20180912,1417,88500,24
685,20180912,1418,88400,112
686,20180912,1419,88400,18
687,20180912,1420,88500,25
688,20180912,1421,88400,40
689,20180912,1422,88400,7
690,20180912,1423,88400,20
691,20180912,1424,88500,13
692,20180912,1425,88400,211
693,20180912,1426,88500,6
694,20180912,1427,88600,17
695,20180912,1428,88500,48
696,20180912,1429,88500,251
697,20180912,1430,88400,26
698,20180912,1431,88500,113
699,20180912,1432,88500,19
700,20180912,1433,88500,38
701,20180912,1434,88600,57
702,20180912,1435,88600,18
703,20180912,1436,88500,135
704,20180912,1437,88500,12
705,20180912,1438,88600,167
706,20180912,1439,88500,49
707,20180912,1440,88600,75
708,20180912,1441,88600,110
709,20180912,1442,88600,8
710,20180912,1443,88600,39
711,20180912,1444,88700,930
712,20180912,1445,88700,93
713,20180912,1446,88600,309
714,20180912,1447,88800,37
715,20180912,1448,88600,20
716,20180912,1449,88600,203
717,20180912,1450,88600,72
718,20180912,1451,88700,380
719,20180912,1452,88600,11
720,20180912,1453,88600,332
721,20180912,1454,88600,24
722,20180912,1455,88500,24
723,20180912,1456,88500,10
724,20180912,1457,88600,74
725,20180912,1458,88600,23
726,20180912,1459,88600,27
727,20180912,1500,88600,364
728,20180912,1501,88800,814
729,20180912,1502,88800,835
730,20180912,1503,88900,654
731,20180912,1504,88900,26
732,20180912,1505,88900,152
733,20180912,1506,88900,53
734,20180912,1507,88900,748
735,20180912,1508,89000,162
736,20180912,1509,89000,117
737,20180912,1510,89000,230
738,20180912,1511,89000,101
739,20180912,1512,89000,173
740,20180912,1513,89000,458
741,20180912,1514,89000,57
742,20180912,1515,89000,189
743,20180912,1516,88900,61
744,20180912,1517,89000,115
745,20180912,1518,88900,185
746,20180912,1519,89000,657
747,20180912,1520,89000,211
748,20180912,1530,88900,4741
749,20180913,901,89800,346
750,20180913,902,89600,62
751,20180913,903,89200,47
752,20180913,904,89300,162
753,20180913,905,89300,304
754,20180913,906,89100,439
755,20180913,907,89000,723
756,20180913,908,88800,205
757,20180913,909,88800,9
758,20180913,910,88800,94
759,20180913,911,88700,87
760,20180913,912,88800,663
761,20180913,913,88700,183
762,20180913,914,89100,107
763,20180913,915,89100,46
764,20180913,916,89100,272
765,20180913,917,89100,14
766,20180913,918,89000,260
767,20180913,919,89200,149
768,20180913,920,89000,1265
769,20180913,921,89000,30
770,20180913,922,88900,640
771,20180913,923,88800,197
772,20180913,924,88800,284
773,20180913,925,88700,116
774,20180913,926,88700,238
775,20180913,927,88700,22
776,20180913,928,88600,152
777,20180913,929,88700,269
778,20180913,930,88800,32
779,20180913,931,88800,141
780,20180913,932,88800,110
781,20180913,933,88900,37
782,20180913,934,88900,24
783,20180913,935,88800,86
784,20180913,937,88900,113
785,20180913,938,88900,8
786,20180913,939,88800,169
787,20180913,940,88900,177
788,20180913,941,88800,57
789,20180913,942,88900,28
790,20180913,943,88800,66
791,20180913,944,88900,165
792,20180913,945,88800,243
793,20180913,946,88800,235
794,20180913,947,88900,263
795,20180913,948,88900,32
796,20180913,949,88900,16
797,20180913,950,89000,17
798,20180913,951,89000,648
799,20180913,952,89000,117
800,20180913,953,88900,56
801,20180913,954,88900,19
802,20180913,955,89000,95
803,20180913,956,88900,671
804,20180913,957,88900,327
805,20180913,958,88700,542
806,20180913,959,88600,26
807,20180913,1000,88700,18
808,20180913,1001,88700,301
809,20180913,1002,88500,43
810,20180913,1003,88500,145
811,20180913,1004,88500,629
812,20180913,1005,88500,205
813,20180913,1006,88400,1446
814,20180913,1007,88400,42
815,20180913,1008,88400,66
816,20180913,1009,88400,179
817,20180913,1010,88400,59
818,20180913,1011,88500,34
819,20180913,1012,88400,5
820,20180913,1013,88400,147
821,20180913,1014,88500,27
822,20180913,1015,88500,29
823,20180913,1016,88500,257
824,20180913,1017,88500,639
825,20180913,1018,88600,24
826,20180913,1019,88600,28
827,20180913,1020,88700,286
828,20180913,1021,88500,60
829,20180913,1022,88600,149
830,20180913,1023,88600,149
831,20180913,1024,88600,25
832,20180913,1025,88700,18
833,20180913,1026,88700,39
834,20180913,1027,88700,39
835,20180913,1028,88700,256
836,20180913,1029,88800,28
837,20180913,1030,88800,81
838,20180913,1031,88800,418
839,20180913,1032,88900,12
840,20180913,1033,88900,39
841,20180913,1034,88900,83
842,20180913,1035,88800,816
843,20180913,1036,88800,9
844,20180913,1037,88800,11
845,20180913,1038,88700,54
846,20180913,1039,88800,9
847,20180913,1040,88700,92
848,20180913,1041,88800,94
849,20180913,1042,88700,38
850,20180913,1043,88800,3
851,20180913,1044,88700,36
852,20180913,1045,88800,25
853,20180913,1046,88800,2
854,20180913,1047,88700,74
855,20180913,1048,88700,683
856,20180913,1049,88800,43
857,20180913,1050,88800,12
858,20180913,1051,88700,106
859,20180913,1052,88800,106
860,20180913,1053,88600,76
861,20180913,1054,88700,20
862,20180913,1055,88700,73
863,20180913,1056,88700,840
864,20180913,1057,88600,32
865,20180913,1058,88700,84
866,20180913,1059,88700,283
867,20180913,1100,88600,29
868,20180913,1101,88700,25
869,20180913,1102,88600,8
870,20180913,1103,88700,279
871,20180913,1104,88600,15
872,20180913,1105,88600,14
873,20180913,1106,88600,65
874,20180913,1107,88600,227
875,20180913,1108,88600,11
876,20180913,1109,88500,17
877,20180913,1110,88600,84
878,20180913,1111,88500,54
879,20180913,1112,88500,8
880,20180913,1113,88600,81
881,20180913,1114,88500,20
882,20180913,1115,88600,1
883,20180913,1116,88600,357
884,20180913,1117,88600,744
885,20180913,1118,88600,41
886,20180913,1119,88700,37
887,20180913,1120,88600,96
888,20180913,1121,88600,28
889,20180913,1122,88600,16
890,20180913,1123,88700,17
891,20180913,1124,88600,91
892,20180913,1125,88700,21
893,20180913,1126,88600,15
894,20180913,1127,88600,6
895,20180913,1128,88600,210
896,20180913,1129,88600,24
897,20180913,1130,88700,51
898,20180913,1131,88700,73
899,20180913,1132,88700,21
900,20180913,1133,88600,11
901,20180913,1134,88700,9
902,20180913,1135,88700,100
903,20180913,1136,88700,22
904,20180913,1138,88600,101
905,20180913,1139,88700,9
906,20180913,1140,88700,26
907,20180913,1141,88600,23
908,20180913,1142,88600,9
909,20180913,1143,88700,22
910,20180913,1144,88700,63
911,20180913,1145,88700,28
912,20180913,1146,88700,77
913,20180913,1147,88600,40
914,20180913,1148,88700,70
915,20180913,1149,88700,184
916,20180913,1150,88700,33
917,20180913,1151,88700,1
918,20180913,1152,88600,16
919,20180913,1153,88600,416
920,20180913,1154,88700,22
921,20180913,1155,88700,14
922,20180913,1156,88700,91
923,20180913,1157,88800,18
924,20180913,1158,88800,368
925,20180913,1159,88800,304
926,20180913,1200,89000,3
927,20180913,1201,88900,303
928,20180913,1202,88800,66
929,20180913,1203,88800,6
930,20180913,1204,88800,32
931,20180913,1205,88800,103
932,20180913,1206,88700,6
933,20180913,1207,88700,131
934,20180913,1208,88700,9
935,20180913,1209,88700,23
936,20180913,1210,88700,6
937,20180913,1211,88700,9
938,20180913,1212,88700,121
939,20180913,1213,88800,18
940,20180913,1214,88700,39
941,20180913,1215,88700,7
942,20180913,1216,88700,40
943,20180913,1217,88700,18
944,20180913,1218,88800,384
945,20180913,1219,88800,21
946,20180913,1220,88800,14
947,20180913,1221,88800,385
948,20180913,1222,88800,53
949,20180913,1223,88800,62
950,20180913,1224,88800,70
951,20180913,1225,88700,157
952,20180913,1226,88800,58
953,20180913,1227,88700,23
954,20180913,1228,88700,15
955,20180913,1229,88700,56
956,20180913,1230,88700,21
957,20180913,1231,88700,72
958,20180913,1232,88700,6
959,20180913,1233,88700,18
960,20180913,1234,88800,416
961,20180913,1235,88800,41
962,20180913,1236,88800,9
963,20180913,1237,88800,543
964,20180913,1238,88600,121
965,20180913,1239,88600,6
966,20180913,1240,88600,66
967,20180913,1241,88600,175
968,20180913,1242,88600,45
969,20180913,1243,88600,15
970,20180913,1244,88700,28
971,20180913,1245,88600,22
972,20180913,1246,88600,6
973,20180913,1247,88600,5
974,20180913,1248,88600,105
975,20180913,1249,88600,6
976,20180913,1250,88600,16
977,20180913,1251,88600,302
978,20180913,1252,88500,32
979,20180913,1253,88600,66
980,20180913,1254,88600,70
981,20180913,1255,88600,24
982,20180913,1256,88500,13
983,20180913,1257,88500,16
984,20180913,1259,88500,30
985,20180913,1300,88500,9
986,20180913,1301,88500,13
987,20180913,1302,88500,75
988,20180913,1303,88500,33
989,20180913,1304,88500,7
990,20180913,1305,88500,9
991,20180913,1306,88500,62
992,20180913,1307,88500,47
993,20180913,1308,88500,142
994,20180913,1309,88600,324
995,20180913,1310,88600,26
996,20180913,1311,88700,107
997,20180913,1312,88700,171
998,20180913,1313,88600,9
999,20180913,1314,88600,100
1000,20180913,1315,88600,209
1001,20180913,1316,88700,166
1002,20180913,1317,88600,47
1003,20180913,1318,88600,10
1004,20180913,1319,88600,314
1005,20180913,1320,88600,8
1006,20180913,1321,88500,124
1007,20180913,1322,88500,25
1008,20180913,1323,88500,1
1009,20180913,1324,88500,51
1010,20180913,1325,88600,102
1011,20180913,1326,88600,30
1012,20180913,1327,88500,733
1013,20180913,1328,88400,20
1014,20180913,1329,88400,16
1015,20180913,1330,88400,638
1016,20180913,1331,88300,374
1017,20180913,1332,88300,13
1018,20180913,1333,88300,8
1019,20180913,1334,88400,2774
1020,20180913,1335,88300,32
1021,20180913,1336,88200,145
1022,20180913,1337,88200,7
1023,20180913,1338,88200,29
1024,20180913,1339,88200,347
1025,20180913,1340,88200,134
1026,20180913,1341,88200,266
1027,20180913,1342,88200,7
1028,20180913,1343,88200,126
1029,20180913,1344,88300,188
1030,20180913,1345,88200,40
1031,20180913,1346,88200,32
1032,20180913,1347,88200,8
1033,20180913,1348,88200,9
1034,20180913,1349,88200,95
1035,20180913,1350,88200,219
1036,20180913,1351,88200,43
1037,20180913,1352,88300,2
1038,20180913,1353,88200,39
1039,20180913,1354,88200,10
1040,20180913,1355,88200,37
1041,20180913,1356,88200,613
1042,20180913,1357,88300,14
1043,20180913,1358,88300,222
1044,20180913,1359,88400,47
1045,20180913,1400,88500,110
1046,20180913,1401,88400,16
1047,20180913,1402,88500,173
1048,20180913,1403,88400,9
1049,20180913,1404,88400,396
1050,20180913,1405,88500,235
1051,20180913,1406,88500,55
1052,20180913,1407,88400,75
1053,20180913,1408,88500,15
1054,20180913,1409,88400,391
1055,20180913,1410,88300,15
1056,20180913,1411,88300,89
1057,20180913,1412,88400,223
1058,20180913,1413,88400,84
1059,20180913,1414,88400,246
1060,20180913,1415,88300,77
1061,20180913,1416,88400,123
1062,20180913,1417,88400,47
1063,20180913,1418,88400,336
1064,20180913,1419,88400,27
1065,20180913,1420,88400,12
1066,20180913,1421,88500,69
1067,20180913,1422,88500,95
1068,20180913,1423,88400,58
1069,20180913,1424,88500,23
1070,20180913,1425,88500,36
1071,20180913,1426,88500,591
1072,20180913,1427,88500,128
1073,20180913,1428,88500,189
1074,20180913,1429,88400,34
1075,20180913,1430,88400,181
1076,20180913,1431,88400,35
1077,20180913,1432,88400,14
1078,20180913,1433,88500,42
1079,20180913,1434,88500,165
1080,20180913,1435,88500,27
1081,20180913,1436,88600,3
1082,20180913,1437,88600,71
1083,20180913,1438,88500,53
1084,20180913,1439,88500,330
1085,20180913,1440,88600,24
1086,20180913,1441,88500,46
1087,20180913,1442,88600,27
1088,20180913,1443,88600,69
1089,20180913,1444,88600,440
1090,20180913,1445,88600,64
1091,20180913,1446,88600,245
1092,20180913,1447,88700,75
1093,20180913,1448,88800,344
1094,20180913,1449,88800,155
1095,20180913,1450,88600,2
1096,20180913,1451,88600,58
1097,20180913,1452,88600,151
1098,20180913,1453,88600,71
1099,20180913,1454,88700,132
1100,20180913,1455,88700,53
1101,20180913,1456,88700,119
1102,20180913,1457,88700,62
1103,20180913,1458,88700,131
1104,20180913,1459,88700,98
1105,20180913,1500,88700,5
1106,20180913,1501,88700,82
1107,20180913,1502,88700,41
1108,20180913,1503,88700,57
1109,20180913,1504,88700,74
1110,20180913,1505,88700,50
1111,20180913,1506,88700,784
1112,20180913,1507,88700,71
1113,20180913,1508,88800,1075
1114,20180913,1509,88900,53
1115,20180913,1510,88800,132
1116,20180913,1511,88800,74
1117,20180913,1512,88900,63
1118,20180913,1513,88900,98
1119,20180913,1514,88800,184
1120,20180913,1515,88900,118
1121,20180913,1516,88900,499
1122,20180913,1517,88800,65
1123,20180913,1518,88800,65
1124,20180913,1519,88800,25
1125,20180913,1520,88800,119
1126,20180913,1530,88800,15495
0,20180914,901,88800,434
1,20180914,902,88800,1362
2,20180914,903,89800,114
3,20180914,904,89600,647
4,20180914,905,89400,72
5,20180914,906,89400,74
6,20180914,907,89400,155
7,20180914,908,89500,127
8,20180914,909,89400,33
9,20180914,910,89400,20
10,20180914,911,89500,329
11,20180914,912,89200,343
12,20180914,913,89100,69
13,20180914,914,89200,695
14,20180914,915,88900,362
15,20180914,916,88800,314
16,20180914,917,88800,472
17,20180914,918,88800,175
18,20180914,919,88900,292
19,20180914,920,88700,571
20,20180914,921,88500,679
21,20180914,922,88900,79
22,20180914,923,88700,62
23,20180914,924,88800,130
24,20180914,925,88700,33
25,20180914,926,88700,244
26,20180914,927,88700,190
27,20180914,928,88600,161
28,20180914,929,88500,130
29,20180914,930,88600,95
30,20180914,931,88700,167
31,20180914,932,88600,76
32,20180914,933,88500,37
33,20180914,934,88600,650
34,20180914,935,88500,275
35,20180914,936,88500,2
36,20180914,937,88400,24
37,20180914,938,88500,130
38,20180914,939,88500,41
39,20180914,940,88500,125
40,20180914,941,88500,131
41,20180914,942,88600,50
42,20180914,943,88600,21
43,20180914,944,88600,52
44,20180914,945,88600,14
45,20180914,946,88500,233
46,20180914,947,88500,47
47,20180914,948,88600,420
48,20180914,949,88700,500
49,20180914,950,88800,206
50,20180914,951,88800,83
51,20180914,952,88900,220
52,20180914,953,88900,57
53,20180914,954,89000,529
54,20180914,955,89100,93
55,20180914,956,89100,50
56,20180914,957,89000,362
57,20180914,959,89100,49
58,20180914,1000,89000,150
59,20180914,1001,89000,11
60,20180914,1002,88900,5
61,20180914,1003,88900,146
62,20180914,1004,88900,74
63,20180914,1005,88900,128
64,20180914,1006,89000,59
65,20180914,1007,88900,133
66,20180914,1008,88900,22
67,20180914,1009,88800,96
68,20180914,1010,88900,14
69,20180914,1011,88900,13
70,20180914,1012,88800,233
71,20180914,1013,88800,23
72,20180914,1014,88800,46
73,20180914,1015,88900,30
74,20180914,1016,88800,482
75,20180914,1017,88700,59
76,20180914,1018,88700,412
77,20180914,1019,88600,34
78,20180914,1020,88600,52
79,20180914,1021,88700,19
80,20180914,1022,88600,50
81,20180914,1023,88700,368
82,20180914,1024,88700,344
83,20180914,1026,88500,726
84,20180914,1027,88700,66
85,20180914,1028,88700,37
86,20180914,1029,88700,20
87,20180914,1030,88700,345
88,20180914,1031,88700,133
89,20180914,1032,88700,12
90,20180914,1033,88700,519
91,20180914,1034,88900,9
92,20180914,1035,88900,79
93,20180914,1036,88800,12
94,20180914,1037,88900,356
95,20180914,1038,88800,8
96,20180914,1039,88700,44
97,20180914,1040,88700,101
98,20180914,1041,88700,102
99,20180914,1042,88700,51
100,20180914,1043,88700,41
101,20180914,1044,88700,206
102,20180914,1045,88600,84
103,20180914,1046,88600,535
104,20180914,1048,88700,9
105,20180914,1049,88500,12
106,20180914,1050,88700,846
107,20180914,1051,88900,5
108,20180914,1052,88900,15
109,20180914,1053,88900,11
110,20180914,1054,88800,101
111,20180914,1055,88900,11
112,20180914,1056,88900,12
113,20180914,1057,88800,110
114,20180914,1059,88900,55
115,20180914,1100,88900,11
116,20180914,1101,88900,595
117,20180914,1102,89000,12
118,20180914,1103,89000,20
119,20180914,1104,89000,1005
120,20180914,1105,89000,20
121,20180914,1106,89000,13
122,20180914,1107,89100,22
123,20180914,1108,89100,38
124,20180914,1109,89100,119
125,20180914,1110,89100,391
126,20180914,1111,89100,27
127,20180914,1112,89100,12
128,20180914,1113,89200,492
129,20180914,1114,89100,86
130,20180914,1115,89300,23
131,20180914,1116,89200,1
132,20180914,1117,89200,25
133,20180914,1118,89300,20
134,20180914,1119,89200,27
135,20180914,1120,89200,589
136,20180914,1121,89100,150
137,20180914,1122,89200,122
138,20180914,1123,89200,37
139,20180914,1124,89100,20
140,20180914,1125,89100,22
141,20180914,1126,89100,218
142,20180914,1127,89200,258
143,20180914,1128,89200,36
144,20180914,1129,89300,7
145,20180914,1130,89200,250
146,20180914,1131,89200,1101
147,20180914,1132,89300,21
148,20180914,1133,89200,18
149,20180914,1134,89300,751
150,20180914,1135,89300,19
151,20180914,1136,89400,10
152,20180914,1137,89300,19
153,20180914,1138,89300,19
154,20180914,1139,89300,896
155,20180914,1140,89200,15
156,20180914,1141,89200,21
157,20180914,1142,89200,8
158,20180914,1143,89100,91
159,20180914,1144,89100,12
160,20180914,1145,89200,131
161,20180914,1146,89200,115
162,20180914,1147,89200,12
163,20180914,1148,89300,10
164,20180914,1149,89200,44
165,20180914,1150,89200,12
166,20180914,1151,89300,52
167,20180914,1152,89200,44
168,20180914,1153,89200,110
169,20180914,1154,89300,11
170,20180914,1155,89400,10
171,20180914,1156,89300,22
172,20180914,1157,89300,19
173,20180914,1158,89300,13
174,20180914,1159,89400,20
175,20180914,1200,89400,20
176,20180914,1201,89300,10
177,20180914,1202,89300,83
178,20180914,1203,89400,42
179,20180914,1204,89400,20
180,20180914,1205,89400,29
181,20180914,1206,89400,279
182,20180914,1207,89400,10
183,20180914,1208,89300,175
184,20180914,1209,89400,21
185,20180914,1210,89400,18
186,20180914,1211,89300,220
187,20180914,1212,89400,22
188,20180914,1213,89400,20
189,20180914,1214,89300,30
190,20180914,1215,89300,21
191,20180914,1216,89300,20
192,20180914,1217,89300,308
193,20180914,1218,89200,13
194,20180914,1219,89300,19
195,20180914,1220,89300,6
196,20180914,1221,89200,17
197,20180914,1222,89200,166
198,20180914,1223,89300,27
199,20180914,1224,89300,19
200,20180914,1225,89100,20
201,20180914,1226,89200,30
202,20180914,1227,89300,9
203,20180914,1228,89200,20
204,20180914,1229,89300,514
205,20180914,1230,89300,50
206,20180914,1231,89300,95
207,20180914,1232,89200,12
208,20180914,1233,89300,15
209,20180914,1234,89200,20
210,20180914,1235,89200,11
211,20180914,1236,89300,121
212,20180914,1237,89300,20
213,20180914,1238,89300,77
214,20180914,1239,89300,8
215,20180914,1240,89200,19
216,20180914,1241,89200,22
217,20180914,1242,89300,269
218,20180914,1243,89200,21
219,20180914,1244,89200,11
220,20180914,1245,89300,50
221,20180914,1246,89200,105
222,20180914,1247,89200,19
223,20180914,1248,89200,13
224,20180914,1249,89300,132
225,20180914,1250,89200,138
226,20180914,1251,89300,12
227,20180914,1252,89400,76
228,20180914,1253,89300,20
229,20180914,1254,89300,12
230,20180914,1255,89400,34
231,20180914,1256,89300,19
232,20180914,1257,89300,13
233,20180914,1258,89400,9
234,20180914,1259,89300,19
235,20180914,1300,89300,13
236,20180914,1301,89300,22
237,20180914,1302,89300,22
238,20180914,1303,89300,12
239,20180914,1304,89400,78
240,20180914,1305,89300,627
241,20180914,1306,89100,48
242,20180914,1307,89200,30
243,20180914,1308,89100,30
244,20180914,1309,89200,25
245,20180914,1310,89100,13
246,20180914,1311,89200,10
247,20180914,1312,89100,123
248,20180914,1313,89100,14
249,20180914,1314,89200,21
250,20180914,1315,89100,280
251,20180914,1316,89000,12
252,20180914,1317,89100,19
253,20180914,1318,89000,7
254,20180914,1319,89100,19
255,20180914,1320,89000,22
256,20180914,1321,89000,12
257,20180914,1322,89100,63
258,20180914,1323,89000,23
259,20180914,1324,89000,2
260,20180914,1325,89000,21
261,20180914,1326,89000,24
262,20180914,1327,89000,12
263,20180914,1328,89100,25
264,20180914,1329,89000,38
265,20180914,1330,89000,41
266,20180914,1331,89000,452
267,20180914,1332,89100,64
268,20180914,1333,89200,603
269,20180914,1334,89000,25
270,20180914,1335,89100,51
271,20180914,1336,89000,31
272,20180914,1337,89000,7
273,20180914,1338,89000,24
274,20180914,1339,89000,182
275,20180914,1340,89000,577
276,20180914,1341,88900,37
277,20180914,1342,89000,47
278,20180914,1343,89000,7
279,20180914,1344,88900,319
280,20180914,1345,88800,30
281,20180914,1346,88800,520
282,20180914,1347,88800,33
283,20180914,1348,88900,310
284,20180914,1349,89000,77
285,20180914,1350,88900,38
286,20180914,1351,88900,33
287,20180914,1352,89000,174
288,20180914,1353,89100,46
289,20180914,1354,89100,34
290,20180914,1355,89000,50
291,20180914,1356,89000,193
292,20180914,1357,88900,190
293,20180914,1358,88900,651
294,20180914,1359,88900,257
295,20180914,1400,88800,38
296,20180914,1401,88700,587
297,20180914,1402,88800,309
298,20180914,1403,88800,225
299,20180914,1404,88600,882
300,20180914,1405,88700,155
301,20180914,1406,88700,228
302,20180914,1407,88700,276
303,20180914,1408,88700,64
304,20180914,1409,88600,39
305,20180914,1410,88700,621
306,20180914,1411,88600,34
307,20180914,1412,88600,17
308,20180914,1413,88700,37
309,20180914,1414,88700,613
310,20180914,1415,88600,108
311,20180914,1416,88500,44
312,20180914,1417,88600,474
313,20180914,1418,88700,323
314,20180914,1419,88600,209
315,20180914,1420,88600,43
316,20180914,1421,88600,49
317,20180914,1422,88500,38
318,20180914,1423,88600,22
319,20180914,1424,88600,26
320,20180914,1425,88600,34
321,20180914,1426,88600,85
322,20180914,1427,88700,71
323,20180914,1428,88700,13
324,20180914,1429,88600,17
325,20180914,1430,88700,194
326,20180914,1431,88600,34
327,20180914,1432,88500,20
328,20180914,1433,88600,90
329,20180914,1434,88600,23
330,20180914,1435,88500,17
331,20180914,1436,88600,123
332,20180914,1437,88600,148
333,20180914,1438,88600,17
334,20180914,1439,88600,529
335,20180914,1440,88700,12
336,20180914,1441,88600,28
337,20180914,1442,88600,34
338,20180914,1443,88600,123
339,20180914,1444,88600,37
340,20180914,1445,88600,143
341,20180914,1446,88600,185
342,20180914,1447,88600,38
343,20180914,1448,88600,642
344,20180914,1449,88600,32
345,20180914,1450,88600,110
346,20180914,1451,88600,34
347,20180914,1452,88600,45
348,20180914,1453,88600,64
349,20180914,1454,88600,331
350,20180914,1455,88600,329
351,20180914,1456,88500,83
352,20180914,1457,88600,44
353,20180914,1458,88500,439
354,20180914,1459,88500,324
355,20180914,1500,88500,710
356,20180914,1501,88500,63
357,20180914,1502,88500,101
358,20180914,1503,88600,121
359,20180914,1504,88500,1602
360,20180914,1505,88400,707
361,20180914,1506,88500,128
362,20180914,1507,88500,35
363,20180914,1508,88500,275
364,20180914,1509,88400,674
365,20180914,1510,88400,429
366,20180914,1511,88400,420
367,20180914,1512,88300,415
368,20180914,1513,88300,351
369,20180914,1514,88200,388
370,20180914,1515,88200,1437
371,20180914,1516,88200,230
372,20180914,1517,88300,82
373,20180914,1518,88300,91
374,20180914,1519,88300,409
375,20180914,1520,88300,279
376,20180914,1530,88300,2524
0,20180917,901,88000,934
1,20180917,902,87900,235
2,20180917,903,87700,124
3,20180917,904,87600,94
4,20180917,905,87600,722
5,20180917,906,87700,373
6,20180917,907,88100,168
7,20180917,908,88400,145
8,20180917,909,88500,1042
9,20180917,910,89300,535
10,20180917,911,89100,185
11,20180917,912,89000,375
12,20180917,913,89000,205
13,20180917,914,89100,7
14,20180917,915,89000,116
15,20180917,916,89100,152
16,20180917,917,89000,222
17,20180917,918,89000,49
18,20180917,919,89100,1003
19,20180917,920,89400,732
20,20180917,921,89400,240
21,20180917,922,89400,147
22,20180917,923,89400,847
23,20180917,924,89300,1182
24,20180917,925,89500,1188
25,20180917,926,89500,464
26,20180917,927,89500,328
27,20180917,928,89300,186
28,20180917,929,89300,447
29,20180917,930,89400,644
30,20180917,931,89400,111
31,20180917,932,89400,842
32,20180917,933,89400,309
33,20180917,934,89400,546
34,20180917,935,89500,154
35,20180917,936,89500,181
36,20180917,937,89500,332
37,20180917,938,89400,272
38,20180917,939,89400,187
39,20180917,940,89400,293
40,20180917,941,89400,458
41,20180917,942,89400,446
42,20180917,943,89400,140
43,20180917,944,89400,83
44,20180917,945,89400,47
45,20180917,946,89400,1163
46,20180917,947,89400,3599
47,20180917,948,89700,1755
48,20180917,949,89800,798
49,20180917,950,89700,182
50,20180917,951,89600,97
51,20180917,952,89600,375
52,20180917,953,89600,29
53,20180917,954,89600,14
54,20180917,955,89500,90
55,20180917,956,89600,248
56,20180917,957,89500,74
57,20180917,958,89500,399
58,20180917,959,89400,880
59,20180917,1000,89700,840
60,20180917,1001,89800,1395
61,20180917,1002,89800,112
62,20180917,1003,89800,92
63,20180917,1004,89700,946
64,20180917,1005,89600,147
65,20180917,1006,89600,103
66,20180917,1007,89600,170
67,20180917,1008,89600,640
68,20180917,1009,89600,193
69,20180917,1010,89600,174
70,20180917,1011,89600,75
71,20180917,1012,89600,109
72,20180917,1013,89600,264
73,20180917,1014,89600,205
74,20180917,1015,89600,17
75,20180917,1016,89600,431
76,20180917,1017,89700,366
77,20180917,1018,89600,400
78,20180917,1019,89600,132
79,20180917,1020,89700,48
80,20180917,1021,89600,113
81,20180917,1022,89700,78
82,20180917,1023,89700,159
83,20180917,1024,89700,29
84,20180917,1025,89600,78
85,20180917,1026,89700,156
86,20180917,1027,89600,286
87,20180917,1028,89600,136
88,20180917,1029,89600,26
89,20180917,1030,89600,115
90,20180917,1031,89600,35
91,20180917,1032,89600,24
92,20180917,1033,89600,194
93,20180917,1034,89600,45
94,20180917,1035,89600,145
95,20180917,1036,89600,338
96,20180917,1037,89700,116
97,20180917,1038,89700,122
98,20180917,1039,89700,72
99,20180917,1040,89600,220
100,20180917,1041,89700,64
101,20180917,1042,89600,175
102,20180917,1043,89600,57
103,20180917,1044,89600,49
104,20180917,1045,89700,573
105,20180917,1046,89600,56
106,20180917,1047,89600,98
107,20180917,1048,89600,467
108,20180917,1049,89500,82
109,20180917,1050,89600,47
110,20180917,1051,89600,62
111,20180917,1052,89600,218
112,20180917,1053,89600,159
113,20180917,1054,89500,263
114,20180917,1055,89700,127
115,20180917,1056,89500,196
116,20180917,1057,89600,30
117,20180917,1058,89500,218
118,20180917,1059,89500,310
119,20180917,1100,89600,28
120,20180917,1101,89600,116
121,20180917,1102,89500,36
122,20180917,1103,89600,483
123,20180917,1104,89600,730
124,20180917,1105,89400,122
125,20180917,1106,89500,180
126,20180917,1107,89500,55
127,20180917,1108,89500,86
128,20180917,1109,89400,177
129,20180917,1110,89500,263
130,20180917,1111,89500,45
131,20180917,1112,89500,323
132,20180917,1113,89500,208
133,20180917,1114,89500,66
134,20180917,1115,89500,300
135,20180917,1116,89500,114
136,20180917,1117,89500,268
137,20180917,1118,89400,57
138,20180917,1119,89400,109
139,20180917,1120,89400,161
140,20180917,1121,89500,75
141,20180917,1122,89500,260
142,20180917,1123,89400,137
143,20180917,1124,89500,222
144,20180917,1125,89500,151
145,20180917,1126,89500,123
146,20180917,1127,89500,67
147,20180917,1128,89500,71
148,20180917,1129,89500,220
149,20180917,1130,89500,119
150,20180917,1131,89500,402
151,20180917,1132,89600,30
152,20180917,1133,89600,117
153,20180917,1134,89600,202
154,20180917,1135,89600,77
155,20180917,1136,89600,297
156,20180917,1137,89600,68
157,20180917,1138,89600,114
158,20180917,1139,89600,49
159,20180917,1140,89600,491
160,20180917,1141,89600,104
161,20180917,1142,89600,217
162,20180917,1143,89600,93
163,20180917,1144,89600,92
164,20180917,1145,89600,177
165,20180917,1146,89700,75
166,20180917,1147,89700,182
167,20180917,1148,89700,237
168,20180917,1149,89700,321
169,20180917,1150,89600,274
170,20180917,1151,89700,43
171,20180917,1152,89700,220
172,20180917,1153,89700,109
173,20180917,1154,89700,77
174,20180917,1155,89700,205
175,20180917,1156,89800,123
176,20180917,1157,89800,175
177,20180917,1158,89800,240
178,20180917,1159,89800,148
179,20180917,1200,89800,107
180,20180917,1201,89700,74
181,20180917,1202,89800,96
182,20180917,1203,89800,109
183,20180917,1204,89700,183
184,20180917,1205,89800,156
185,20180917,1206,89800,218
186,20180917,1207,89800,121
187,20180917,1208,89700,87
188,20180917,1209,89800,161
189,20180917,1210,89800,70
190,20180917,1211,89800,331
191,20180917,1212,89800,51
192,20180917,1213,89800,149
193,20180917,1214,89800,101
194,20180917,1215,89800,272
195,20180917,1216,89700,319
196,20180917,1217,89800,160
197,20180917,1218,89800,129
198,20180917,1219,89800,66
199,20180917,1220,89800,160
200,20180917,1221,89800,350
201,20180917,1222,89800,441
202,20180917,1223,89800,211
203,20180917,1224,89900,179
204,20180917,1225,89900,200
205,20180917,1226,89800,356
206,20180917,1227,89900,69
207,20180917,1228,89900,163
208,20180917,1229,89900,63
209,20180917,1230,89900,198
210,20180917,1231,89800,83
211,20180917,1232,89900,315
212,20180917,1233,89900,60
213,20180917,1234,89800,113
214,20180917,1235,89900,415
215,20180917,1236,89900,171
216,20180917,1237,89900,392
217,20180917,1238,89900,51
218,20180917,1239,89900,208
219,20180917,1240,89900,85
220,20180917,1241,89900,240
221,20180917,1242,89900,134
222,20180917,1243,90000,83
223,20180917,1244,90000,229
224,20180917,1245,90000,114
225,20180917,1246,90000,142
226,20180917,1247,90000,516
227,20180917,1248,90000,332
228,20180917,1249,90000,133
229,20180917,1250,89900,134
230,20180917,1251,90000,183
231,20180917,1252,89900,97
232,20180917,1253,90000,307
233,20180917,1254,90000,97
234,20180917,1255,90000,42
235,20180917,1256,90000,182
236,20180917,1257,90000,107
237,20180917,1258,90000,150
238,20180917,1259,90000,192
239,20180917,1300,90000,128
240,20180917,1301,90000,207
241,20180917,1302,89900,630
242,20180917,1303,89900,239
243,20180917,1304,90000,85
244,20180917,1305,90000,152
245,20180917,1306,90000,141
246,20180917,1307,89900,273
247,20180917,1308,90000,158
248,20180917,1309,90000,426
249,20180917,1310,90000,171
250,20180917,1311,90000,104
251,20180917,1312,90000,250
252,20180917,1313,90000,239
253,20180917,1314,90000,240
254,20180917,1315,90000,131
255,20180917,1316,90000,73
256,20180917,1317,90000,278
257,20180917,1318,90000,176
258,20180917,1319,90000,173
259,20180917,1320,90000,62
260,20180917,1321,89900,441
261,20180917,1322,90000,80
262,20180917,1323,90000,64
263,20180917,1324,90000,190
264,20180917,1325,89900,211
265,20180917,1326,89900,98
266,20180917,1327,89900,421
267,20180917,1328,90000,147
268,20180917,1329,90000,112
269,20180917,1330,90000,178
270,20180917,1331,90000,122
271,20180917,1332,90000,65
272,20180917,1333,89900,211
273,20180917,1334,89900,390
274,20180917,1335,90000,292
275,20180917,1336,89900,86
276,20180917,1337,89900,112
277,20180917,1338,89900,305
278,20180917,1339,89900,141
279,20180917,1340,89900,233
280,20180917,1341,90000,24
281,20180917,1342,90000,153
282,20180917,1343,90000,73
283,20180917,1344,90000,97
284,20180917,1345,90000,282
285,20180917,1346,89900,111
286,20180917,1347,90000,78
287,20180917,1348,90000,148
288,20180917,1349,90000,41
289,20180917,1350,89900,390
290,20180917,1351,89900,85
291,20180917,1352,89900,98
292,20180917,1353,89800,62
293,20180917,1354,89800,304
294,20180917,1355,89800,142
295,20180917,1356,89900,103
296,20180917,1357,89900,220
297,20180917,1358,89800,150
298,20180917,1359,89900,311
299,20180917,1400,89900,125
300,20180917,1401,90000,129
301,20180917,1402,90000,87
302,20180917,1403,89900,133
303,20180917,1404,89800,247
304,20180917,1405,89800,110
305,20180917,1406,89800,279
306,20180917,1407,89900,128
307,20180917,1408,89900,233
308,20180917,1409,89900,132
309,20180917,1410,89900,89
310,20180917,1411,89900,193
311,20180917,1412,89900,20
312,20180917,1413,89800,170
313,20180917,1414,89900,59
314,20180917,1415,89900,202
315,20180917,1416,89900,228
316,20180917,1417,89700,136
317,20180917,1418,89900,45
318,20180917,1419,89900,93
319,20180917,1420,89900,226
320,20180917,1421,89900,108
321,20180917,1422,89900,123
322,20180917,1423,89900,93
323,20180917,1424,89900,88
324,20180917,1425,89900,232
325,20180917,1426,89900,118
326,20180917,1427,90000,261
327,20180917,1428,89900,139
328,20180917,1429,89900,164
329,20180917,1430,89900,94
330,20180917,1431,89900,56
331,20180917,1432,89900,540
332,20180917,1433,89900,181
333,20180917,1434,89900,219
334,20180917,1435,90000,132
335,20180917,1436,89900,94
336,20180917,1437,89900,66
337,20180917,1438,89900,99
338,20180917,1439,89900,238
339,20180917,1440,89900,114
340,20180917,1441,89900,201
341,20180917,1442,90000,43
342,20180917,1443,90000,269
343,20180917,1444,90000,100
344,20180917,1445,90000,143
345,20180917,1446,90000,682
346,20180917,1447,89900,78
347,20180917,1448,89900,93
348,20180917,1449,89900,158
349,20180917,1450,89900,388
350,20180917,1451,89800,29
351,20180917,1452,89900,266
352,20180917,1453,90000,187
353,20180917,1454,90000,89
354,20180917,1455,90000,156
355,20180917,1456,89900,325
356,20180917,1457,89900,226
357,20180917,1458,89900,151
358,20180917,1459,89900,82
359,20180917,1500,89900,215
360,20180917,1501,89900,284
361,20180917,1502,89900,71
362,20180917,1503,89900,88
363,20180917,1504,89900,224
364,20180917,1505,89800,243
365,20180917,1506,89800,67
366,20180917,1507,89900,230
367,20180917,1508,89900,21
368,20180917,1509,89800,116
369,20180917,1510,89800,480
370,20180917,1511,89900,272
371,20180917,1512,89800,310
372,20180917,1513,89800,490
373,20180917,1514,89700,237
374,20180917,1515,89600,277
375,20180917,1516,89600,99
376,20180917,1517,89700,113
377,20180917,1518,89700,684
378,20180917,1519,89700,131
379,20180917,1520,89600,126
380,20180917,1530,89500,3025
381,20180918,901,89200,875
382,20180918,902,88900,702
383,20180918,903,89000,636
384,20180918,904,88700,964
385,20180918,905,88600,1690
386,20180918,906,88500,1077
387,20180918,907,88600,68
388,20180918,908,88500,149
389,20180918,909,88600,113
390,20180918,910,88600,289
391,20180918,911,88600,2792
392,20180918,912,88500,236
393,20180918,913,88300,425
394,20180918,914,88300,199
395,20180918,915,88200,95
396,20180918,916,88200,58
397,20180918,917,88200,18
398,20180918,918,88200,196
399,20180918,919,88300,68
400,20180918,920,88200,206
401,20180918,921,88400,101
402,20180918,922,88300,94
403,20180918,923,88400,23
404,20180918,924,88400,518
405,20180918,925,88500,28
406,20180918,926,88500,177
407,20180918,927,88500,89
408,20180918,928,88500,23
409,20180918,929,88600,142
410,20180918,930,88700,920
411,20180918,931,88700,73
412,20180918,932,88800,236
413,20180918,933,88900,53
414,20180918,934,88900,186
415,20180918,935,89000,63
416,20180918,936,88900,131
417,20180918,938,88800,74
418,20180918,939,88900,68
419,20180918,940,88800,154
420,20180918,941,88800,352
421,20180918,942,88700,143
422,20180918,943,88700,70
423,20180918,944,88700,160
424,20180918,945,88800,65
425,20180918,946,88700,20
426,20180918,947,88700,37
427,20180918,948,88700,13
428,20180918,949,88700,165
429,20180918,950,88900,33
430,20180918,951,88800,36
431,20180918,952,88900,3
432,20180918,953,88800,417
433,20180918,954,88900,184
434,20180918,955,88900,182
435,20180918,956,88900,15
436,20180918,957,88900,756
437,20180918,958,89100,58
438,20180918,959,89100,616
439,20180918,1000,89100,46
440,20180918,1001,89100,8
441,20180918,1002,89100,378
442,20180918,1003,89000,4
443,20180918,1004,89100,97
444,20180918,1005,89100,4
445,20180918,1006,89100,23
446,20180918,1007,89000,305
447,20180918,1008,89100,101
448,20180918,1009,89100,344
449,20180918,1010,88800,107
450,20180918,1011,88800,240
451,20180918,1012,88700,123
452,20180918,1013,88800,282
453,20180918,1014,88800,78
454,20180918,1015,89100,60
455,20180918,1016,89100,165
456,20180918,1017,89000,3
457,20180918,1018,89000,84
458,20180918,1019,89000,746
459,20180918,1020,89100,24
460,20180918,1021,89100,4
461,20180918,1022,89000,96
462,20180918,1023,89100,36
463,20180918,1024,89100,95
464,20180918,1025,89000,14
465,20180918,1026,89000,73
466,20180918,1027,89000,39
467,20180918,1028,89000,8
468,20180918,1029,89000,267
469,20180918,1030,88900,137
470,20180918,1031,88900,79
471,20180918,1032,88900,5
472,20180918,1033,89000,60
473,20180918,1034,89000,244
474,20180918,1035,89000,104
475,20180918,1036,89100,53
476,20180918,1037,89100,347
477,20180918,1038,89100,184
478,20180918,1040,89000,23
479,20180918,1041,89000,17
480,20180918,1042,89000,562
481,20180918,1043,89100,15
482,20180918,1044,89000,105
483,20180918,1045,89000,1
484,20180918,1046,89100,14
485,20180918,1047,89000,547
486,20180918,1048,88800,12
487,20180918,1049,88800,18
488,20180918,1050,88900,43
489,20180918,1051,88900,26
490,20180918,1052,88800,31
491,20180918,1053,88900,14
492,20180918,1054,88800,29
493,20180918,1055,88800,473
494,20180918,1056,88900,637
495,20180918,1057,88900,551
496,20180918,1058,89100,111
497,20180918,1059,89100,69
498,20180918,1100,89100,210
499,20180918,1101,89100,420
500,20180918,1102,89200,359
501,20180918,1103,89100,125
502,20180918,1104,89100,111
503,20180918,1105,89100,149
504,20180918,1106,89000,184
505,20180918,1107,89100,152
506,20180918,1108,89000,794
507,20180918,1109,88900,4
508,20180918,1110,89000,215
509,20180918,1111,89000,216
510,20180918,1112,89000,190
511,20180918,1113,89000,183
512,20180918,1114,89000,82
513,20180918,1115,89100,114
514,20180918,1116,89100,138
515,20180918,1117,89000,319
516,20180918,1118,89100,110
517,20180918,1119,89100,527
518,20180918,1120,89000,15
519,20180918,1121,89000,161
520,20180918,1122,89000,113
521,20180918,1123,89000,123
522,20180918,1124,89000,112
523,20180918,1125,89000,149
524,20180918,1126,88900,342
525,20180918,1127,89000,114
526,20180918,1128,89000,112
527,20180918,1129,89000,143
528,20180918,1130,89100,10
529,20180918,1131,89100,184
530,20180918,1133,89100,13
531,20180918,1134,89000,8
532,20180918,1135,89000,974
533,20180918,1136,89000,10
534,20180918,1137,89000,4
535,20180918,1138,89000,5
536,20180918,1139,89000,260
537,20180918,1140,89000,13
538,20180918,1141,89000,230
539,20180918,1142,88900,11
540,20180918,1143,89000,14
541,20180918,1144,89000,7
542,20180918,1145,89000,3
543,20180918,1146,88900,11
544,20180918,1147,88900,69
545,20180918,1148,89000,3
546,20180918,1149,89000,183
547,20180918,1150,89000,13
548,20180918,1151,88900,3
549,20180918,1152,89000,338
550,20180918,1153,89000,147
551,20180918,1154,89000,474
552,20180918,1155,89100,3
553,20180918,1156,89100,54
554,20180918,1157,89100,54
555,20180918,1158,89100,51
556,20180918,1159,89000,13
557,20180918,1200,89100,44
558,20180918,1201,89100,7
559,20180918,1202,89100,83
560,20180918,1203,89100,861
561,20180918,1204,89200,4
562,20180918,1205,89200,54
563,20180918,1206,89100,18
564,20180918,1207,89200,33
565,20180918,1208,89200,784
566,20180918,1209,89400,326
567,20180918,1211,89400,60
568,20180918,1212,89500,28
569,20180918,1213,89500,25
570,20180918,1214,89500,258
571,20180918,1215,89400,3
572,20180918,1216,89500,11
573,20180918,1217,89500,32
574,20180918,1218,89400,68
575,20180918,1219,89500,52
576,20180918,1220,89500,14
577,20180918,1221,89500,19
578,20180918,1222,89500,12
579,20180918,1223,89500,15
580,20180918,1224,89500,21
581,20180918,1225,89500,133
582,20180918,1226,89400,197
583,20180918,1227,89500,181
584,20180918,1228,89500,33
585,20180918,1229,89500,10
586,20180918,1230,89400,185
587,20180918,1231,89500,53
588,20180918,1232,89500,10
589,20180918,1233,89500,16
590,20180918,1234,89500,113
591,20180918,1235,89500,411
592,20180918,1236,89400,46
593,20180918,1237,89500,25
594,20180918,1238,89500,3
595,20180918,1239,89500,24
596,20180918,1240,89500,1017
597,20180918,1242,89600,915
598,20180918,1243,89200,167
599,20180918,1244,89300,28
600,20180918,1245,89300,13
601,20180918,1246,89300,36
602,20180918,1247,89300,149
603,20180918,1248,89400,168
604,20180918,1249,89400,23
605,20180918,1250,89300,4
606,20180918,1251,89400,37
607,20180918,1252,89300,10
608,20180918,1253,89400,25
609,20180918,1254,89400,59
610,20180918,1255,89400,15
611,20180918,1256,89400,7
612,20180918,1257,89400,13
613,20180918,1258,89300,178
614,20180918,1259,89400,61
615,20180918,1300,89300,31
616,20180918,1301,89300,205
617,20180918,1302,89400,11
618,20180918,1303,89400,23
619,20180918,1304,89400,28
620,20180918,1305,89400,52
621,20180918,1306,89400,405
622,20180918,1307,89500,15
623,20180918,1308,89400,12
624,20180918,1309,89300,46
625,20180918,1310,89400,27
626,20180918,1311,89400,51
627,20180918,1312,89400,255
628,20180918,1313,89400,10
629,20180918,1314,89400,47
630,20180918,1315,89400,10
631,20180918,1316,89400,43
632,20180918,1317,89400,24
633,20180918,1318,89400,15
634,20180918,1319,89400,113
635,20180918,1320,89400,100
636,20180918,1321,89400,193
637,20180918,1322,89400,125
638,20180918,1323,89500,55
639,20180918,1324,89500,141
640,20180918,1325,89400,40
641,20180918,1326,89400,297
642,20180918,1327,89500,22
643,20180918,1328,89500,55
644,20180918,1329,89500,31
645,20180918,1330,89500,33
646,20180918,1331,89500,433
647,20180918,1332,89400,10
648,20180918,1333,89400,14
649,20180918,1334,89400,73
650,20180918,1335,89400,37
651,20180918,1336,89400,20
652,20180918,1337,89400,26
653,20180918,1338,89300,23
654,20180918,1339,89300,63
655,20180918,1340,89400,22
656,20180918,1341,89400,14
657,20180918,1342,89400,13
658,20180918,1343,89400,15
659,20180918,1344,89400,23
660,20180918,1345,89400,58
661,20180918,1346,89400,16
662,20180918,1347,89400,19
663,20180918,1348,89400,37
664,20180918,1349,89400,21
665,20180918,1350,89400,58
666,20180918,1351,89400,540
667,20180918,1352,89500,217
668,20180918,1353,89500,16
669,20180918,1354,89500,23
670,20180918,1355,89500,12
671,20180918,1356,89500,100
672,20180918,1357,89500,33
673,20180918,1358,89500,16
674,20180918,1359,89500,237
675,20180918,1400,89500,893
676,20180918,1401,89600,28
677,20180918,1402,89600,131
678,20180918,1403,89600,14
679,20180918,1404,89600,10
680,20180918,1405,89600,32
681,20180918,1406,89600,26
682,20180918,1407,89600,21
683,20180918,1408,89600,59
684,20180918,1409,89600,14
685,20180918,1410,89600,180
686,20180918,1411,89500,10
687,20180918,1412,89600,42
688,20180918,1413,89600,265
689,20180918,1414,89600,579
690,20180918,1415,89700,11
691,20180918,1416,89700,37
692,20180918,1417,89700,120
693,20180918,1418,89700,120
694,20180918,1419,89700,92
695,20180918,1420,89700,49
696,20180918,1421,89700,20
697,20180918,1422,89700,12
698,20180918,1423,89700,42
699,20180918,1424,89600,713
700,20180918,1425,89500,97
701,20180918,1426,89500,180
702,20180918,1427,89500,752
703,20180918,1428,89300,85
704,20180918,1429,89300,66
705,20180918,1430,89300,60
706,20180918,1431,89300,58
707,20180918,1432,89300,26
708,20180918,1433,89300,142
709,20180918,1434,89300,422
710,20180918,1435,89300,17
711,20180918,1436,89300,98
712,20180918,1437,89300,25
713,20180918,1438,89300,567
714,20180918,1439,89400,91
715,20180918,1440,89400,28
716,20180918,1441,89400,61
717,20180918,1442,89400,53
718,20180918,1443,89400,24
719,20180918,1444,89400,123
720,20180918,1445,89400,167
721,20180918,1446,89400,34
722,20180918,1447,89300,6
723,20180918,1448,89400,94
724,20180918,1449,89400,314
725,20180918,1450,89300,29
726,20180918,1451,89400,73
727,20180918,1452,89400,11
728,20180918,1453,89400,1463
729,20180918,1454,89500,103
730,20180918,1455,89500,58
731,20180918,1456,89500,82
732,20180918,1457,89500,68
733,20180918,1458,89500,343
734,20180918,1459,89400,106
735,20180918,1500,89400,511
736,20180918,1501,89500,263
737,20180918,1502,89400,65
738,20180918,1503,89500,1516
739,20180918,1504,89300,39
740,20180918,1505,89200,922
741,20180918,1506,89300,492
742,20180918,1507,89200,240
743,20180918,1508,89300,228
744,20180918,1509,89200,522
745,20180918,1510,89200,291
746,20180918,1511,89100,284
747,20180918,1512,89300,214
748,20180918,1513,89200,90
749,20180918,1514,89200,81
750,20180918,1515,89200,30
751,20180918,1516,89200,218
752,20180918,1517,89200,415
753,20180918,1518,89100,93
754,20180918,1519,89200,417
755,20180918,1520,89100,182
756,20180918,1530,89200,6521
757,20180919,901,89200,622
758,20180919,902,89200,384
759,20180919,903,89200,215
760,20180919,904,89200,82
761,20180919,905,89200,396
762,20180919,906,89100,93
763,20180919,907,89300,220
764,20180919,908,89400,746
765,20180919,909,89000,203
766,20180919,910,88900,110
767,20180919,911,88900,69
768,20180919,912,88800,61
769,20180919,913,88800,265
770,20180919,914,88900,87
771,20180919,915,88900,32
772,20180919,916,88900,5
773,20180919,917,88800,1447
774,20180919,918,88800,377
775,20180919,919,88500,58
776,20180919,920,88400,28
777,20180919,921,88400,74
778,20180919,922,88200,510
779,20180919,923,88400,19
780,20180919,924,88400,212
781,20180919,925,88200,49
782,20180919,926,88400,170
783,20180919,927,88400,262
784,20180919,928,88200,155
785,20180919,929,88200,43
786,20180919,930,88200,403
787,20180919,931,88300,11
788,20180919,932,88400,18
789,20180919,933,88400,35
790,20180919,934,88400,109
791,20180919,935,88500,162
792,20180919,936,88200,140
793,20180919,937,88200,1086
794,20180919,938,88100,259
795,20180919,939,88100,225
796,20180919,940,88200,1228
797,20180919,941,88000,182
798,20180919,942,88100,29
799,20180919,943,88000,214
800,20180919,944,88200,175
801,20180919,945,88100,229
802,20180919,946,88200,385
803,20180919,947,88200,57
804,20180919,948,88200,20
805,20180919,949,88200,140
806,20180919,950,88400,27
807,20180919,951,88400,6
808,20180919,952,88400,152
809,20180919,953,88400,142
810,20180919,954,88400,34
811,20180919,955,88400,31
812,20180919,956,88300,53
813,20180919,957,88300,109
814,20180919,958,88300,87
815,20180919,959,88300,46
816,20180919,1000,88300,22
817,20180919,1001,88200,51
818,20180919,1002,88200,25
819,20180919,1003,88300,70
820,20180919,1004,88200,84
821,20180919,1005,88300,104
822,20180919,1006,88300,1265
823,20180919,1007,88100,196
824,20180919,1008,88100,97
825,20180919,1009,88100,24
826,20180919,1010,88100,13
827,20180919,1011,88100,3649
828,20180919,1012,88000,115
829,20180919,1013,87900,209
830,20180919,1014,87800,201
831,20180919,1015,87900,38
832,20180919,1016,87900,92
833,20180919,1017,88000,249
834,20180919,1018,87900,328
835,20180919,1019,88100,95
836,20180919,1020,88100,15
837,20180919,1021,88100,13
838,20180919,1022,88100,23
839,20180919,1023,88100,11
840,20180919,1024,88000,85
841,20180919,1025,88100,173
842,20180919,1026,88100,342
843,20180919,1027,88200,12
844,20180919,1028,88200,17
845,20180919,1029,88200,1
846,20180919,1030,88200,90
847,20180919,1031,88100,50
848,20180919,1032,88200,14
849,20180919,1033,88200,12
850,20180919,1034,88200,529
851,20180919,1035,88300,81
852,20180919,1036,88300,334
853,20180919,1038,88400,25
854,20180919,1039,88400,6
855,20180919,1040,88400,57
856,20180919,1041,88400,25
857,20180919,1042,88400,14
858,20180919,1043,88400,141
859,20180919,1044,88400,51
860,20180919,1045,88400,491
861,20180919,1046,88400,79
862,20180919,1047,88500,73
863,20180919,1048,88500,7
864,20180919,1049,88500,6
865,20180919,1050,88500,58
866,20180919,1051,88400,232
867,20180919,1052,88500,1364
868,20180919,1053,88600,6
869,20180919,1054,88600,20
870,20180919,1055,88600,93
871,20180919,1056,88500,365
872,20180919,1057,88400,94
873,20180919,1058,88400,25
874,20180919,1059,88400,53
875,20180919,1100,88400,21
876,20180919,1101,88400,112
877,20180919,1102,88400,54
878,20180919,1103,88500,19
879,20180919,1104,88500,19
880,20180919,1105,88500,19
881,20180919,1106,88500,8
882,20180919,1107,88500,64
883,20180919,1108,88500,188
884,20180919,1109,88600,80
885,20180919,1110,88600,49
886,20180919,1111,88600,1
887,20180919,1112,88600,208
888,20180919,1113,88700,48
889,20180919,1114,88700,19
890,20180919,1115,88700,217
891,20180919,1116,88600,32
892,20180919,1118,88600,63
893,20180919,1119,88500,34
894,20180919,1120,88600,19
895,20180919,1121,88600,92
896,20180919,1122,88600,258
897,20180919,1123,88600,49
898,20180919,1124,88600,118
899,20180919,1125,88500,190
900,20180919,1126,88600,57
901,20180919,1127,88600,12
902,20180919,1128,88600,69
903,20180919,1129,88600,586
904,20180919,1130,88700,22
905,20180919,1131,88700,81
906,20180919,1132,88700,28
907,20180919,1133,88700,91
908,20180919,1134,88700,57
909,20180919,1135,88700,92
910,20180919,1136,88700,29
911,20180919,1137,88600,36
912,20180919,1138,88700,67
913,20180919,1139,88700,907
914,20180919,1140,88900,104
915,20180919,1141,88900,16
916,20180919,1143,88900,85
917,20180919,1144,88800,38
918,20180919,1145,88900,253
919,20180919,1146,88900,8
920,20180919,1147,88800,1024
921,20180919,1148,88800,310
922,20180919,1149,88700,64
923,20180919,1150,88500,413
924,20180919,1151,88700,49
925,20180919,1152,88600,69
926,20180919,1153,88600,20
927,20180919,1154,88600,203
928,20180919,1156,88700,22
929,20180919,1157,88800,51
930,20180919,1158,88700,20
931,20180919,1159,88800,85
932,20180919,1200,88800,2
933,20180919,1201,88900,420
934,20180919,1203,88700,10
935,20180919,1204,88800,52
936,20180919,1205,88700,179
937,20180919,1206,88800,56
938,20180919,1207,88800,69
939,20180919,1208,88800,7
940,20180919,1209,88800,374
941,20180919,1210,88600,11
942,20180919,1211,88800,78
943,20180919,1212,88800,67
944,20180919,1213,88800,62
945,20180919,1214,88800,213
946,20180919,1215,88900,64
947,20180919,1216,88900,170
948,20180919,1217,88900,53
949,20180919,1218,88900,573
950,20180919,1219,89000,1552
951,20180919,1220,89100,65
952,20180919,1221,89100,23
953,20180919,1222,89100,15
954,20180919,1223,89100,265
955,20180919,1224,89000,16
956,20180919,1225,89000,159
957,20180919,1226,88900,73
958,20180919,1227,89000,58
959,20180919,1228,89000,112
960,20180919,1229,89000,62
961,20180919,1230,89000,68
962,20180919,1231,89000,10
963,20180919,1232,89000,55
964,20180919,1233,89000,16
965,20180919,1234,89000,51
966,20180919,1235,89000,62
967,20180919,1236,89000,54
968,20180919,1237,89000,59
969,20180919,1238,89000,9
970,20180919,1239,89000,59
971,20180919,1240,89000,56
972,20180919,1241,89000,14
973,20180919,1242,89000,59
974,20180919,1243,89000,8
975,20180919,1244,88900,74
976,20180919,1245,89000,50
977,20180919,1246,89000,55
978,20180919,1247,89000,16
979,20180919,1248,89000,7
980,20180919,1249,89000,61
981,20180919,1250,89000,10
982,20180919,1251,89000,166
983,20180919,1252,89000,10
984,20180919,1253,89000,25
985,20180919,1254,89000,60
986,20180919,1255,89000,603
987,20180919,1256,88900,1
988,20180919,1257,89000,177
989,20180919,1258,89000,85
990,20180919,1259,88900,124
991,20180919,1300,88900,33
992,20180919,1301,89000,666
993,20180919,1302,89100,76
994,20180919,1303,89100,213
995,20180919,1304,89100,10
996,20180919,1305,89100,110
997,20180919,1306,89100,7
998,20180919,1307,89000,142
999,20180919,1308,89100,130
1000,20180919,1309,89100,17
1001,20180919,1310,89100,180
1002,20180919,1311,89100,49
1003,20180919,1312,89100,59
1004,20180919,1313,89100,131
1005,20180919,1314,89100,24
1006,20180919,1315,89100,63
1007,20180919,1316,89100,11
1008,20180919,1317,89100,360
1009,20180919,1318,89100,10
1010,20180919,1319,89100,47
1011,20180919,1320,89100,55
1012,20180919,1321,89100,29
1013,20180919,1322,89100,77
1014,20180919,1323,89100,47
1015,20180919,1324,89100,102
1016,20180919,1325,89100,15
1017,20180919,1326,89100,2
1018,20180919,1327,89100,176
1019,20180919,1328,89200,21
1020,20180919,1329,89200,71
1021,20180919,1330,89200,63
1022,20180919,1331,89100,70
1023,20180919,1332,89100,120
1024,20180919,1333,89100,164
1025,20180919,1334,89000,151
1026,20180919,1335,89200,54
1027,20180919,1336,89100,99
1028,20180919,1337,89100,154
1029,20180919,1338,89200,94
1030,20180919,1339,89100,10
1031,20180919,1340,89100,52
1032,20180919,1341,89200,183
1033,20180919,1342,89200,417
1034,20180919,1343,89200,53
1035,20180919,1344,89100,18
1036,20180919,1345,89100,22
1037,20180919,1346,89200,75
1038,20180919,1347,89200,65
1039,20180919,1348,89200,262
1040,20180919,1349,89300,545
1041,20180919,1350,89400,816
1042,20180919,1351,89500,25
1043,20180919,1352,89500,306
1044,20180919,1353,89600,143
1045,20180919,1354,89600,279
1046,20180919,1355,89600,266
1047,20180919,1356,89600,35
1048,20180919,1357,89600,121
1049,20180919,1358,89600,361
1050,20180919,1359,89800,45
1051,20180919,1400,89700,98
1052,20180919,1401,89700,593
1053,20180919,1402,89600,257
1054,20180919,1403,89600,421
1055,20180919,1404,89700,166
1056,20180919,1405,89600,252
1057,20180919,1406,89700,36
1058,20180919,1407,89600,99
1059,20180919,1408,89700,189
1060,20180919,1409,89700,143
1061,20180919,1410,89700,85
1062,20180919,1411,89600,26
1063,20180919,1412,89600,184
1064,20180919,1413,89700,42
1065,20180919,1414,89700,84
1066,20180919,1415,89700,81
1067,20180919,1416,89600,86
1068,20180919,1417,89700,31
1069,20180919,1418,89700,84
1070,20180919,1419,89700,80
1071,20180919,1420,89700,89
1072,20180919,1421,89700,112
1073,20180919,1422,89600,36
1074,20180919,1423,89700,122
1075,20180919,1424,89600,51
1076,20180919,1425,89600,1166
1077,20180919,1426,89600,132
1078,20180919,1427,89600,35
1079,20180919,1428,89600,98
1080,20180919,1429,89600,138
1081,20180919,1430,89500,48
1082,20180919,1431,89600,183
1083,20180919,1432,89600,129
1084,20180919,1433,89600,83
1085,20180919,1434,89600,77
1086,20180919,1435,89600,86
1087,20180919,1436,89600,39
1088,20180919,1437,89500,631
1089,20180919,1438,89400,51
1090,20180919,1439,89500,45
1091,20180919,1440,89600,96
1092,20180919,1441,89600,100
1093,20180919,1442,89600,81
1094,20180919,1443,89600,80
1095,20180919,1444,89600,39
1096,20180919,1445,89600,770
1097,20180919,1446,89600,80
1098,20180919,1447,89500,79
1099,20180919,1448,89500,269
1100,20180919,1449,89600,896
1101,20180919,1450,89700,33
1102,20180919,1451,89700,563
1103,20180919,1452,89700,95
1104,20180919,1453,89700,117
1105,20180919,1454,89700,225
1106,20180919,1455,89700,65
1107,20180919,1456,89700,79
1108,20180919,1457,89700,1290
1109,20180919,1458,89800,304
1110,20180919,1459,89700,556
1111,20180919,1500,89700,639
1112,20180919,1501,89800,539
1113,20180919,1502,89800,902
1114,20180919,1503,89900,135
1115,20180919,1504,89900,79
1116,20180919,1505,89800,1375
1117,20180919,1506,90000,2782
1118,20180919,1507,90000,599
1119,20180919,1508,90000,233
1120,20180919,1509,90000,6
1121,20180919,1510,89900,202
1122,20180919,1511,89900,644
1123,20180919,1512,90000,410
1124,20180919,1513,90100,54
1125,20180919,1514,90000,21
1126,20180919,1515,90100,599
1127,20180919,1516,90100,210
1128,20180919,1517,90100,64
1129,20180919,1518,90100,927
1130,20180919,1519,90000,244
1131,20180919,1520,90100,473
1132,20180919,1530,90100,5130
0,20180920,901,89100,428
1,20180920,902,89600,26
2,20180920,903,89600,339
3,20180920,904,90100,72
4,20180920,905,90100,144
5,20180920,906,90100,121
6,20180920,907,89900,33
7,20180920,908,90000,193
8,20180920,909,90000,115
9,20180920,910,89900,522
10,20180920,911,90000,249
11,20180920,912,90000,97
12,20180920,913,90100,10
13,20180920,914,90000,229
14,20180920,915,90100,96
15,20180920,916,90000,731
16,20180920,917,90100,906
17,20180920,918,90500,112
18,20180920,919,90500,396
19,20180920,920,90500,42
20,20180920,921,90500,163
21,20180920,922,90600,604
22,20180920,923,90700,772
23,20180920,924,90700,2261
24,20180920,925,90900,12
25,20180920,926,90900,169
26,20180920,927,90900,388
27,20180920,928,90800,71
28,20180920,929,90800,250
29,20180920,930,90700,2
30,20180920,931,90700,33
31,20180920,932,90600,3
32,20180920,933,90600,727
33,20180920,934,90700,40
34,20180920,935,90700,2333
35,20180920,936,91000,984
36,20180920,937,91000,459
37,20180920,938,91100,3225
38,20180920,939,91400,2166
39,20180920,940,91600,1018
40,20180920,941,91700,936
41,20180920,942,91800,254
42,20180920,943,91700,640
43,20180920,944,91700,1196
44,20180920,945,91800,140
45,20180920,946,91700,429
46,20180920,947,91600,75
47,20180920,948,91700,106
48,20180920,949,91600,166
49,20180920,950,91600,248
50,20180920,951,91600,100
51,20180920,952,91600,115
52,20180920,953,91700,990
53,20180920,954,91700,488
54,20180920,955,91800,3544
55,20180920,956,92000,4825
56,20180920,957,92200,1265
57,20180920,958,92400,1738
58,20180920,959,92500,452
59,20180920,1000,92500,976
60,20180920,1001,92400,355
61,20180920,1002,92400,255
62,20180920,1003,92400,291
63,20180920,1004,92400,1065
64,20180920,1005,92400,89
65,20180920,1006,92400,1904
66,20180920,1007,92400,413
67,20180920,1008,92300,310
68,20180920,1009,92300,154
69,20180920,1010,92300,229
70,20180920,1011,92300,184
71,20180920,1012,92200,215
72,20180920,1013,92300,164
73,20180920,1014,92400,40
74,20180920,1015,92400,66
75,20180920,1016,92300,76
76,20180920,1017,92300,52
77,20180920,1018,92400,114
78,20180920,1019,92400,66
79,20180920,1020,92400,42
80,20180920,1021,92400,70
81,20180920,1022,92300,83
82,20180920,1023,92400,1143
83,20180920,1024,92400,571
84,20180920,1025,92300,590
85,20180920,1026,92200,758
86,20180920,1027,92400,100
87,20180920,1028,92300,112
88,20180920,1029,92400,18
89,20180920,1030,92300,102
90,20180920,1031,92300,147
91,20180920,1032,92300,291
92,20180920,1033,92200,278
93,20180920,1034,92100,708
94,20180920,1035,92000,172
95,20180920,1036,92100,115
96,20180920,1037,92100,35
97,20180920,1038,92100,259
98,20180920,1039,92100,100
99,20180920,1040,92100,36
100,20180920,1041,92100,396
101,20180920,1042,92100,416
102,20180920,1043,92100,82
103,20180920,1044,92100,57
104,20180920,1045,92100,148
105,20180920,1046,92000,175
106,20180920,1047,92100,1314
107,20180920,1048,91900,55
108,20180920,1049,91900,22
109,20180920,1050,91900,69
110,20180920,1051,92000,72
111,20180920,1052,91900,101
112,20180920,1053,91900,146
113,20180920,1054,91900,125
114,20180920,1055,92000,2
115,20180920,1056,91900,15
116,20180920,1057,92000,107
117,20180920,1058,92000,336
118,20180920,1059,92100,15
119,20180920,1100,92000,2
120,20180920,1101,92000,220
121,20180920,1102,92000,344
122,20180920,1103,92000,108
123,20180920,1104,91800,80
124,20180920,1105,91900,403
125,20180920,1106,91800,70
126,20180920,1107,91800,185
127,20180920,1108,91800,8
128,20180920,1109,91800,121
129,20180920,1110,91700,64
130,20180920,1111,91800,202
131,20180920,1112,91900,116
132,20180920,1113,91900,387
133,20180920,1115,92000,52
134,20180920,1116,91900,19
135,20180920,1118,91900,20
136,20180920,1119,91900,1
137,20180920,1120,92000,12
138,20180920,1121,92000,1817
139,20180920,1122,92100,1112
140,20180920,1123,92200,321
141,20180920,1124,92300,247
142,20180920,1125,92200,98
143,20180920,1126,92200,55
144,20180920,1127,92200,183
145,20180920,1128,92200,153
146,20180920,1129,92200,79
147,20180920,1130,92200,475
148,20180920,1131,92200,31
149,20180920,1132,92200,113
150,20180920,1133,92200,211
151,20180920,1134,92200,42
152,20180920,1135,92200,178
153,20180920,1136,92200,41
154,20180920,1137,92200,79
155,20180920,1138,92200,123
156,20180920,1139,92200,308
157,20180920,1141,92200,446
158,20180920,1142,92200,5
159,20180920,1143,92200,119
160,20180920,1145,92200,30
161,20180920,1146,92200,33
162,20180920,1147,92200,7
163,20180920,1148,92200,55
164,20180920,1149,92200,48
165,20180920,1150,92200,260
166,20180920,1151,92200,100
167,20180920,1152,92300,10
168,20180920,1154,92200,11
169,20180920,1155,92200,20
170,20180920,1156,92200,33
171,20180920,1157,92200,130
172,20180920,1158,92200,13
173,20180920,1159,92200,78
174,20180920,1200,92200,11
175,20180920,1201,92200,232
176,20180920,1202,92300,35
177,20180920,1203,92300,6
178,20180920,1205,92300,5
179,20180920,1206,92300,170
180,20180920,1207,92300,15
181,20180920,1208,92300,10
182,20180920,1209,92300,6
183,20180920,1210,92200,11
184,20180920,1211,92200,44
185,20180920,1212,92200,45
186,20180920,1213,92300,949
187,20180920,1214,92300,932
188,20180920,1215,92300,36
189,20180920,1216,92300,25
190,20180920,1217,92400,230
191,20180920,1218,92400,26
192,20180920,1219,92400,2682
193,20180920,1220,92500,46
194,20180920,1221,92500,323
195,20180920,1222,92500,121
196,20180920,1223,92500,24
197,20180920,1225,92500,152
198,20180920,1226,92400,16
199,20180920,1227,92500,5
200,20180920,1228,92500,17
201,20180920,1229,92500,38
202,20180920,1230,92500,361
203,20180920,1231,92500,225
204,20180920,1232,92500,353
205,20180920,1233,92400,20
206,20180920,1235,92500,10
207,20180920,1236,92500,10
208,20180920,1237,92500,70
209,20180920,1238,92500,11
210,20180920,1239,92400,268
211,20180920,1240,92400,2736
212,20180920,1241,92400,201
213,20180920,1242,92400,469
214,20180920,1243,92500,295
215,20180920,1244,92400,73
216,20180920,1245,92400,14
217,20180920,1246,92400,38
218,20180920,1247,92400,37
219,20180920,1248,92400,11
220,20180920,1249,92500,100
221,20180920,1251,92400,575
222,20180920,1252,92500,54
223,20180920,1253,92400,513
224,20180920,1254,92300,127
225,20180920,1255,92300,11
226,20180920,1256,92300,100
227,20180920,1257,92300,55
228,20180920,1258,92300,110
229,20180920,1259,92400,10
230,20180920,1300,92300,15
231,20180920,1301,92400,4
232,20180920,1302,92400,12
233,20180920,1303,92400,19
234,20180920,1304,92300,56
235,20180920,1305,92300,307
236,20180920,1306,92300,197
237,20180920,1309,92300,52
238,20180920,1310,92300,6
239,20180920,1312,92300,398
240,20180920,1313,92300,160
241,20180920,1314,92300,118
242,20180920,1315,92300,81
243,20180920,1316,92300,149
244,20180920,1317,92300,330
245,20180920,1318,92300,2324
246,20180920,1319,92400,2057
247,20180920,1320,92500,345
248,20180920,1321,92500,259
249,20180920,1322,92500,2506
250,20180920,1323,92600,277
251,20180920,1324,92600,46
252,20180920,1325,92600,29
253,20180920,1326,92600,54
254,20180920,1327,92600,38
255,20180920,1328,92600,293
256,20180920,1329,92600,144
257,20180920,1330,92600,144
258,20180920,1331,92500,277
259,20180920,1332,92500,158
260,20180920,1333,92600,166
261,20180920,1334,92500,530
262,20180920,1335,92600,205
263,20180920,1336,92500,207
264,20180920,1337,92500,782
265,20180920,1338,92500,347
266,20180920,1339,92200,150
267,20180920,1340,92100,425
268,20180920,1341,92100,975
269,20180920,1342,92100,575
270,20180920,1343,91900,496
271,20180920,1344,91700,26
272,20180920,1345,91700,230
273,20180920,1346,91700,74
274,20180920,1347,91700,43
275,20180920,1348,91700,222
276,20180920,1349,91800,123
277,20180920,1350,91700,1052
278,20180920,1351,91600,408
279,20180920,1352,91500,856
280,20180920,1353,91400,1370
281,20180920,1354,91100,765
282,20180920,1355,90900,603
283,20180920,1356,90900,164
284,20180920,1357,90900,230
285,20180920,1358,91000,100
286,20180920,1359,91000,394
287,20180920,1400,91100,27
288,20180920,1401,91100,531
289,20180920,1402,91000,300
290,20180920,1403,91000,109
291,20180920,1404,91000,296
292,20180920,1405,91000,155
293,20180920,1406,91000,216
294,20180920,1407,91000,410
295,20180920,1408,91000,291
296,20180920,1409,91000,264
297,20180920,1410,91200,52
298,20180920,1411,91100,3
299,20180920,1412,91200,338
300,20180920,1413,91100,201
301,20180920,1415,91100,68
302,20180920,1416,91000,1598
303,20180920,1417,90900,10
304,20180920,1418,90900,10
305,20180920,1419,90900,1119
306,20180920,1420,90900,6
307,20180920,1421,91000,26
308,20180920,1422,91000,354
309,20180920,1423,91000,157
310,20180920,1424,91000,62
311,20180920,1425,90900,30
312,20180920,1426,91000,180
313,20180920,1427,91100,1
314,20180920,1428,91000,3
315,20180920,1429,91000,1
316,20180920,1430,91000,169
317,20180920,1431,91100,12
318,20180920,1432,91100,30
319,20180920,1433,91000,1305
320,20180920,1434,90900,1804
321,20180920,1435,90800,770
322,20180920,1436,90700,11
323,20180920,1437,90700,228
324,20180920,1438,90700,96
325,20180920,1439,90700,2
326,20180920,1440,90700,492
327,20180920,1441,90600,7
328,20180920,1442,90600,155
329,20180920,1443,90700,719
330,20180920,1444,90500,667
331,20180920,1445,90500,716
332,20180920,1446,90300,702
333,20180920,1447,90400,583
334,20180920,1448,90600,138
335,20180920,1449,90400,131
336,20180920,1450,90400,767
337,20180920,1451,90200,14
338,20180920,1452,90200,677
339,20180920,1453,90000,430
340,20180920,1454,90100,1250
341,20180920,1455,90000,2977
342,20180920,1456,89700,52
343,20180920,1457,89700,422
344,20180920,1458,89900,58
345,20180920,1459,89800,416
346,20180920,1500,89900,60
347,20180920,1501,89900,364
348,20180920,1502,90000,817
349,20180920,1503,89900,354
350,20180920,1504,90100,9
351,20180920,1505,90200,144
352,20180920,1506,90100,183
353,20180920,1507,90200,157
354,20180920,1508,90200,713
355,20180920,1509,90200,500
356,20180920,1510,90100,497
357,20180920,1511,90000,360
358,20180920,1512,90000,214
359,20180920,1513,90100,227
360,20180920,1514,90000,109
361,20180920,1515,90000,714
362,20180920,1516,90100,184
363,20180920,1517,90100,235
364,20180920,1518,90100,467
365,20180920,1519,90100,356
366,20180920,1520,90200,222
367,20180920,1530,90100,2662
368,20180921,901,91700,1283
369,20180921,902,91300,470
370,20180921,903,91300,131
371,20180921,904,91100,167
372,20180921,905,91200,163
373,20180921,906,91200,412
374,20180921,907,90800,246
375,20180921,908,90900,123
376,20180921,909,90800,185
377,20180921,910,90600,293
378,20180921,911,90600,31
379,20180921,912,90400,107
380,20180921,913,90400,15
381,20180921,914,90400,359
382,20180921,915,90800,17
383,20180921,916,90800,34
384,20180921,917,90800,267
385,20180921,918,90900,9
386,20180921,919,90900,41
387,20180921,920,91000,203
388,20180921,921,90900,25
389,20180921,922,91000,120
390,20180921,923,90900,7
391,20180921,924,90900,29
392,20180921,925,90900,507
393,20180921,926,91000,33
394,20180921,927,91000,106
395,20180921,928,91000,191
396,20180921,929,90900,20
397,20180921,930,90900,43
398,20180921,931,90900,1080
399,20180921,932,91100,799
400,20180921,933,91200,146
401,20180921,934,91300,347
402,20180921,935,91200,25
403,20180921,936,91200,502
404,20180921,937,91300,214
405,20180921,938,91400,21
406,20180921,939,91400,26
407,20180921,940,91300,198
408,20180921,941,91200,120
409,20180921,942,91100,162
410,20180921,943,90900,25
411,20180921,944,90900,144
412,20180921,945,91000,7
413,20180921,946,91000,160
414,20180921,947,90900,192
415,20180921,948,91000,48
416,20180921,949,90900,27
417,20180921,950,91000,46
418,20180921,951,91000,77
419,20180921,952,91000,49
420,20180921,953,91000,1106
421,20180921,954,90700,34
422,20180921,955,90600,76
423,20180921,956,90700,498
424,20180921,957,90600,398
425,20180921,958,90400,872
426,20180921,959,90400,336
427,20180921,1000,90500,185
428,20180921,1001,90500,8
429,20180921,1002,90500,311
430,20180921,1003,90600,112
431,20180921,1004,90600,79
432,20180921,1005,90600,33
433,20180921,1006,90600,53
434,20180921,1007,90600,48
435,20180921,1008,90600,133
436,20180921,1009,90700,39
437,20180921,1010,90600,24
438,20180921,1011,90700,921
439,20180921,1012,90800,76
440,20180921,1013,91000,320
441,20180921,1014,90900,23
442,20180921,1015,91000,87
443,20180921,1016,90900,405
444,20180921,1017,90900,32
445,20180921,1018,90900,81
446,20180921,1019,91000,1
447,20180921,1020,90900,90
448,20180921,1021,90900,350
449,20180921,1022,90800,137
450,20180921,1023,90900,25
451,20180921,1024,90800,41
452,20180921,1025,90800,84
453,20180921,1026,90800,30
454,20180921,1027,90900,206
455,20180921,1028,90900,264
456,20180921,1029,91000,64
457,20180921,1030,91100,21
458,20180921,1031,91100,23
459,20180921,1032,91000,273
460,20180921,1033,91000,40
461,20180921,1034,91100,429
462,20180921,1035,91100,12
463,20180921,1036,91200,34
464,20180921,1037,91100,30
465,20180921,1038,91100,89
466,20180921,1039,91200,41
467,20180921,1040,91200,46
468,20180921,1041,91100,209
469,20180921,1042,91100,53
470,20180921,1043,91200,88
471,20180921,1044,91200,6
472,20180921,1045,91200,37
473,20180921,1046,91200,245
474,20180921,1047,91200,2122
475,20180921,1048,91500,76
476,20180921,1049,91500,32
477,20180921,1050,91500,634
478,20180921,1051,91600,730
479,20180921,1052,91700,69
480,20180921,1053,91700,36
481,20180921,1054,91700,172
482,20180921,1055,91700,59
483,20180921,1056,91600,18
484,20180921,1057,91600,725
485,20180921,1058,91400,45
486,20180921,1059,91500,171
487,20180921,1100,91400,5
488,20180921,1101,91400,27
489,20180921,1102,91500,511
490,20180921,1103,91400,108
491,20180921,1104,91300,205
492,20180921,1105,91100,115
493,20180921,1106,91000,534
494,20180921,1107,91000,1
495,20180921,1108,91000,10
496,20180921,1109,91000,64
497,20180921,1110,91100,141
498,20180921,1111,91000,21
499,20180921,1112,91000,35
500,20180921,1113,91000,381
501,20180921,1114,91100,144
502,20180921,1115,91200,28
503,20180921,1116,91200,93
504,20180921,1117,91200,147
505,20180921,1118,91100,20
506,20180921,1119,91200,44
507,20180921,1120,91200,28
508,20180921,1121,91200,8
509,20180921,1122,91100,472
510,20180921,1123,91100,6
511,20180921,1124,91000,43
512,20180921,1125,91100,135
513,20180921,1126,91000,10
514,20180921,1127,91100,59
515,20180921,1128,91100,8
516,20180921,1129,91000,231
517,20180921,1130,91000,78
518,20180921,1131,91000,11
519,20180921,1132,91000,65
520,20180921,1133,91100,6
521,20180921,1134,91100,28
522,20180921,1135,91000,31
523,20180921,1136,91100,16
524,20180921,1137,91000,749
525,20180921,1138,91200,5
526,20180921,1139,91200,27
527,20180921,1140,91200,10
528,20180921,1141,91200,26
529,20180921,1142,91200,10
530,20180921,1143,91200,27
531,20180921,1144,91200,944
532,20180921,1145,91300,23
533,20180921,1146,91200,125
534,20180921,1147,91300,2444
535,20180921,1148,91300,81
536,20180921,1149,91200,460
537,20180921,1150,91200,56
538,20180921,1151,91300,17
539,20180921,1153,91300,29
540,20180921,1155,91300,141
541,20180921,1156,91200,400
542,20180921,1157,91100,100
543,20180921,1158,91200,113
544,20180921,1159,91100,271
545,20180921,1200,91100,160
546,20180921,1201,91200,36
547,20180921,1202,91300,7
548,20180921,1203,91300,7
549,20180921,1204,91300,21
550,20180921,1205,91300,5
551,20180921,1206,91300,51
552,20180921,1207,91300,7
553,20180921,1209,91300,1197
554,20180921,1210,91200,222
555,20180921,1211,91200,15
556,20180921,1213,91300,27
557,20180921,1214,91200,56
558,20180921,1215,91300,6
559,20180921,1216,91300,74
560,20180921,1217,91300,61
561,20180921,1218,91300,34
562,20180921,1219,91200,55
563,20180921,1220,91300,33
564,20180921,1221,91300,7
565,20180921,1223,91300,29
566,20180921,1224,91200,9
567,20180921,1225,91300,37
568,20180921,1226,91300,5
569,20180921,1227,91200,50
570,20180921,1228,91200,26
571,20180921,1229,91300,12
572,20180921,1230,91300,128
573,20180921,1231,91300,17
574,20180921,1232,91300,43
575,20180921,1233,91300,131
576,20180921,1234,91300,49
577,20180921,1235,91300,12
578,20180921,1236,91300,30
579,20180921,1237,91300,41
580,20180921,1238,91300,55
581,20180921,1239,91300,30
582,20180921,1240,91300,1293
583,20180921,1241,91200,6
584,20180921,1242,91200,5
585,20180921,1243,91200,143
586,20180921,1244,91200,624
587,20180921,1245,91200,7
588,20180921,1246,91200,5
589,20180921,1247,91200,5
590,20180921,1248,91200,433
591,20180921,1250,91200,28
592,20180921,1251,91200,4
593,20180921,1252,91200,208
594,20180921,1253,91200,28
595,20180921,1254,91200,5
596,20180921,1255,91100,1256
597,20180921,1256,91100,11
598,20180921,1257,91100,28
599,20180921,1258,91100,6
600,20180921,1259,91100,5
601,20180921,1300,91100,71
602,20180921,1301,91000,72
603,20180921,1302,91100,147
604,20180921,1303,91100,1
605,20180921,1304,91200,38
606,20180921,1305,91100,113
607,20180921,1306,91200,41
608,20180921,1307,91100,35
609,20180921,1308,91200,6
610,20180921,1309,91100,188
611,20180921,1310,91100,6
612,20180921,1311,91100,21
613,20180921,1312,91100,7
614,20180921,1313,91000,8
615,20180921,1314,91000,2
616,20180921,1315,91100,661
617,20180921,1316,91000,42
618,20180921,1317,91000,53
619,20180921,1318,91000,41
620,20180921,1319,91100,1093
621,20180921,1320,90900,822
622,20180921,1321,90800,184
623,20180921,1322,90700,35
624,20180921,1323,90500,6
625,20180921,1324,90500,40
626,20180921,1325,90600,12
627,20180921,1326,90600,2
628,20180921,1327,90700,115
629,20180921,1328,90700,11
630,20180921,1329,90700,293
631,20180921,1330,90600,615
632,20180921,1331,90300,13
633,20180921,1332,90400,446
634,20180921,1333,90500,1010
635,20180921,1334,90500,368
636,20180921,1335,90400,695
637,20180921,1336,90400,693
638,20180921,1337,90800,155
639,20180921,1338,90600,9
640,20180921,1339,90600,14
641,20180921,1340,90600,155
642,20180921,1341,90600,18
643,20180921,1342,90700,54
644,20180921,1343,90600,13
645,20180921,1344,90600,175
646,20180921,1345,90400,61
647,20180921,1346,90300,900
648,20180921,1347,90500,1982
649,20180921,1348,90200,110
650,20180921,1349,90200,58
651,20180921,1350,90200,48
652,20180921,1351,90200,89
653,20180921,1352,90200,228
654,20180921,1353,90500,22
655,20180921,1354,90600,105
656,20180921,1355,90600,11
657,20180921,1356,90600,363
658,20180921,1357,90600,4
659,20180921,1358,90600,46
660,20180921,1359,90600,19
661,20180921,1400,90600,11
662,20180921,1401,90600,30
663,20180921,1402,90600,261
664,20180921,1403,90600,11
665,20180921,1404,90600,12
666,20180921,1405,90700,82
667,20180921,1406,90600,16
668,20180921,1407,90600,12
669,20180921,1408,90600,269
670,20180921,1409,90600,46
671,20180921,1410,90600,12
672,20180921,1411,90600,79
673,20180921,1412,90600,14
674,20180921,1413,90600,17
675,20180921,1414,90700,90
676,20180921,1415,90700,79
677,20180921,1416,90700,27
678,20180921,1417,90700,416
679,20180921,1418,90800,20
680,20180921,1419,90800,70
681,20180921,1420,90700,27
682,20180921,1421,90800,9
683,20180921,1422,90700,47
684,20180921,1423,90700,23
685,20180921,1424,90800,77
686,20180921,1425,90700,16
687,20180921,1426,90700,31
688,20180921,1427,90800,1107
689,20180921,1428,90500,866
690,20180921,1429,90700,31
691,20180921,1430,90600,13
692,20180921,1431,90600,16
693,20180921,1432,90600,15
694,20180921,1433,90600,3
695,20180921,1434,90600,244
696,20180921,1435,90500,448
697,20180921,1436,90500,25
698,20180921,1437,90500,7
699,20180921,1438,90500,57
700,20180921,1439,90600,20
701,20180921,1440,90500,21
702,20180921,1441,90500,10
703,20180921,1442,90600,1308
704,20180921,1443,90300,43
705,20180921,1444,90200,9
706,20180921,1445,90200,327
707,20180921,1446,90300,14
708,20180921,1447,90300,20
709,20180921,1448,90300,69
710,20180921,1449,90300,16
711,20180921,1450,90200,77
712,20180921,1451,90200,98
713,20180921,1452,90200,9
714,20180921,1453,90300,14
715,20180921,1454,90300,432
716,20180921,1455,90400,160
717,20180921,1456,90500,806
718,20180921,1457,90400,83
719,20180921,1458,90300,77
720,20180921,1459,90400,102
721,20180921,1500,90300,104
722,20180921,1501,90300,138
723,20180921,1502,90400,402
724,20180921,1503,90600,63
725,20180921,1504,90600,32
726,20180921,1505,90600,65
727,20180921,1506,90700,67
728,20180921,1507,90700,144
729,20180921,1508,90700,130
730,20180921,1509,90700,97
731,20180921,1510,90700,148
732,20180921,1511,90700,80
733,20180921,1512,90700,275
734,20180921,1513,90700,103
735,20180921,1514,90800,126
736,20180921,1515,90800,401
737,20180921,1516,90900,212
738,20180921,1517,90900,95
739,20180921,1518,91000,123
740,20180921,1519,91000,1973
741,20180921,1520,91000,449
742,20180921,1530,91100,9505
0,20180927,901,90500,1952
1,20180927,902,90600,1451
2,20180927,903,90400,1892
3,20180927,904,89600,820
4,20180927,905,89400,1381
5,20180927,906,89400,728
6,20180927,907,89400,1999
7,20180927,908,89500,2637
8,20180927,909,89800,1913
9,20180927,910,89700,783
10,20180927,911,89800,151
11,20180927,912,89700,1302
12,20180927,913,89700,493
13,20180927,914,90000,250
14,20180927,915,89700,231
15,20180927,916,89700,550
16,20180927,917,89600,2244
17,20180927,918,89400,518
18,20180927,919,89400,108
19,20180927,920,89300,817
20,20180927,921,89200,974
21,20180927,922,89300,193
22,20180927,923,89300,351
23,20180927,924,89300,63
24,20180927,925,89300,1351
25,20180927,926,89300,3466
26,20180927,927,89100,1093
27,20180927,928,89200,1969
28,20180927,929,89000,470
29,20180927,930,88900,782
30,20180927,931,89100,244
31,20180927,932,89100,372
32,20180927,933,89000,1251
33,20180927,934,89100,365
34,20180927,935,89100,935
35,20180927,936,89100,420
36,20180927,937,89200,79
37,20180927,938,89200,1802
38,20180927,939,89300,127
39,20180927,940,89300,2054
40,20180927,941,89500,137
41,20180927,942,89500,4
42,20180927,943,89600,79
43,20180927,944,89600,512
44,20180927,945,89600,749
45,20180927,946,89400,1386
46,20180927,947,89200,1436
47,20180927,948,89100,451
48,20180927,949,89100,47
49,20180927,950,89200,150
50,20180927,951,89200,708
51,20180927,952,89200,2300
52,20180927,953,89100,4865
53,20180927,954,88800,559
54,20180927,955,88900,393
55,20180927,956,88900,2004
56,20180927,957,88800,56
57,20180927,958,88800,3533
58,20180927,959,88400,2270
59,20180927,1000,88400,492
60,20180927,1001,88500,422
61,20180927,1002,88400,2166
62,20180927,1003,88500,348
63,20180927,1004,88600,201
64,20180927,1005,88500,653
65,20180927,1006,88400,302
66,20180927,1007,88400,9
67,20180927,1008,88500,536
68,20180927,1009,88400,1871
69,20180927,1010,88200,31
70,20180927,1011,88300,426
71,20180927,1012,88300,986
72,20180927,1013,88200,693
73,20180927,1014,88200,1884
74,20180927,1015,88100,1370
75,20180927,1016,88000,2716
76,20180927,1017,87600,1877
77,20180927,1018,87700,409
78,20180927,1019,87600,921
79,20180927,1020,87700,818
80,20180927,1021,87700,526
81,20180927,1022,87700,22
82,20180927,1023,87700,224
83,20180927,1024,87800,652
84,20180927,1025,87800,747
85,20180927,1026,87800,281
86,20180927,1027,87800,490
87,20180927,1028,87900,621
88,20180927,1029,88000,1604
89,20180927,1030,88100,932
90,20180927,1031,88100,3079
91,20180927,1032,87700,2740
92,20180927,1033,87600,2208
93,20180927,1034,87500,386
94,20180927,1035,87500,2837
95,20180927,1036,87400,607
96,20180927,1037,87300,312
97,20180927,1038,87400,141
98,20180927,1039,87300,1834
99,20180927,1040,87100,1044
100,20180927,1041,87200,129
101,20180927,1042,87200,408
102,20180927,1043,87200,2782
103,20180927,1044,87000,744
104,20180927,1045,87000,2438
105,20180927,1046,86500,3707
106,20180927,1047,86200,2658
107,20180927,1048,86100,2077
108,20180927,1049,86300,418
109,20180927,1050,86400,423
110,20180927,1051,86400,768
111,20180927,1052,86400,1937
112,20180927,1053,86300,1577
113,20180927,1054,86400,650
114,20180927,1055,86400,597
115,20180927,1056,86500,1454
116,20180927,1057,86600,479
117,20180927,1058,86600,860
118,20180927,1059,86600,524
119,20180927,1100,86700,756
120,20180927,1101,86700,1299
121,20180927,1102,86500,103
122,20180927,1103,86600,134
123,20180927,1104,86600,98
124,20180927,1105,86500,102
125,20180927,1106,86600,1268
126,20180927,1107,86600,343
127,20180927,1108,86700,503
128,20180927,1109,86700,1120
129,20180927,1110,86600,268
130,20180927,1111,86700,285
131,20180927,1112,86700,374
132,20180927,1113,86800,80
133,20180927,1114,86800,139
134,20180927,1115,86800,1188
135,20180927,1116,87000,566
136,20180927,1117,87000,271
137,20180927,1118,87100,483
138,20180927,1119,87200,551
139,20180927,1120,87400,683
140,20180927,1121,87500,375
141,20180927,1122,87500,594
142,20180927,1123,87600,318
143,20180927,1124,87600,1585
144,20180927,1125,87800,110
145,20180927,1126,87800,720
146,20180927,1127,87700,187
147,20180927,1128,87700,1242
148,20180927,1129,87700,1243
149,20180927,1130,87400,255
150,20180927,1131,87500,219
151,20180927,1132,87500,22
152,20180927,1133,87500,1264
153,20180927,1134,87400,1514
154,20180927,1135,87300,282
155,20180927,1136,87300,165
156,20180927,1137,87300,489
157,20180927,1138,87200,98
158,20180927,1139,87200,90
159,20180927,1140,87200,278
160,20180927,1141,87200,1002
161,20180927,1142,87000,2316
162,20180927,1143,87100,6
163,20180927,1144,87100,59
164,20180927,1145,87000,549
165,20180927,1146,86900,143
166,20180927,1147,86900,2
167,20180927,1148,87000,756
168,20180927,1149,86900,705
169,20180927,1150,86900,1048
170,20180927,1151,86800,30
171,20180927,1152,86900,71
172,20180927,1153,86900,652
173,20180927,1154,86900,279
174,20180927,1155,86800,9
175,20180927,1156,86800,13
176,20180927,1157,86800,1828
177,20180927,1158,86800,37
178,20180927,1159,86900,124
179,20180927,1200,86900,131
180,20180927,1201,86900,48
181,20180927,1202,86900,182
182,20180927,1203,86900,416
183,20180927,1204,86900,372
184,20180927,1205,87000,108
185,20180927,1206,87000,168
186,20180927,1207,87000,419
187,20180927,1208,87000,120
188,20180927,1209,86900,273
189,20180927,1210,86900,281
190,20180927,1211,86900,283
191,20180927,1212,86900,513
192,20180927,1213,86900,264
193,20180927,1214,86900,18
194,20180927,1215,86900,313
195,20180927,1216,86900,117
196,20180927,1217,86900,514
197,20180927,1218,86800,303
198,20180927,1219,86800,383
199,20180927,1220,86800,146
200,20180927,1221,86800,426
201,20180927,1222,86900,537
202,20180927,1223,86800,150
203,20180927,1224,86800,8
204,20180927,1225,86800,899
205,20180927,1226,86900,24
206,20180927,1227,86900,245
207,20180927,1228,86800,61
208,20180927,1229,86800,121
209,20180927,1230,86800,837
210,20180927,1231,86700,97
211,20180927,1232,86700,148
212,20180927,1233,86800,174
213,20180927,1234,86800,8
214,20180927,1235,86700,650
215,20180927,1236,86800,21
216,20180927,1237,86700,337
217,20180927,1238,86700,72
218,20180927,1239,86800,108
219,20180927,1240,86700,349
220,20180927,1241,86800,69
221,20180927,1242,86800,2
222,20180927,1243,86800,433
223,20180927,1244,86700,345
224,20180927,1245,86700,252
225,20180927,1246,86700,143
226,20180927,1247,86700,331
227,20180927,1248,86700,782
228,20180927,1249,86700,71
229,20180927,1250,86800,113
230,20180927,1251,86800,315
231,20180927,1252,86800,40
232,20180927,1253,86700,800
233,20180927,1254,86700,37
234,20180927,1255,86700,377
235,20180927,1256,86600,193
236,20180927,1257,86600,281
237,20180927,1258,86700,48
238,20180927,1259,86700,324
239,20180927,1300,86700,86
240,20180927,1301,86700,334
241,20180927,1302,86700,46
242,20180927,1303,86700,330
243,20180927,1304,86700,92
244,20180927,1305,86700,299
245,20180927,1306,86700,67
246,20180927,1307,86700,313
247,20180927,1308,86700,275
248,20180927,1309,86700,692
249,20180927,1310,86700,10
250,20180927,1311,86800,240
251,20180927,1312,86700,127
252,20180927,1313,86700,320
253,20180927,1314,86700,160
254,20180927,1315,86700,294
255,20180927,1316,86700,129
256,20180927,1317,86600,329
257,20180927,1318,86700,3
258,20180927,1319,86700,577
259,20180927,1320,86700,36
260,20180927,1321,86700,240
261,20180927,1322,86700,673
262,20180927,1323,86700,526
263,20180927,1324,86600,180
264,20180927,1325,86700,343
265,20180927,1326,86700,30
266,20180927,1327,86700,348
267,20180927,1328,86700,483
268,20180927,1329,86600,430
269,20180927,1330,86600,70
270,20180927,1331,86500,384
271,20180927,1332,86600,176
272,20180927,1333,86500,260
273,20180927,1334,86600,548
274,20180927,1335,86600,89
275,20180927,1336,86700,67
276,20180927,1337,86700,569
277,20180927,1338,86600,177
278,20180927,1339,86700,276
279,20180927,1340,86800,125
280,20180927,1341,86700,618
281,20180927,1342,86800,43
282,20180927,1343,86700,373
283,20180927,1344,86700,197
284,20180927,1345,86800,203
285,20180927,1346,86600,41
286,20180927,1347,86700,439
287,20180927,1348,86700,160
288,20180927,1349,86600,269
289,20180927,1350,86600,74
290,20180927,1351,86700,330
291,20180927,1352,86700,34
292,20180927,1353,86600,383
293,20180927,1354,86700,1421
294,20180927,1355,86800,656
295,20180927,1356,87000,65
296,20180927,1357,87000,311
297,20180927,1358,87100,105
298,20180927,1359,87100,11
299,20180927,1400,87100,270
300,20180927,1401,87000,487
301,20180927,1402,87100,20
302,20180927,1403,87100,373
303,20180927,1404,87100,14
304,20180927,1405,87000,520
305,20180927,1406,87100,220
306,20180927,1407,87000,398
307,20180927,1408,86900,207
308,20180927,1409,86900,215
309,20180927,1410,86800,17
310,20180927,1411,86800,1419
311,20180927,1412,86700,687
312,20180927,1413,86600,682
313,20180927,1414,86500,361
314,20180927,1415,86600,558
315,20180927,1416,86500,307
316,20180927,1417,86500,347
317,20180927,1418,86600,48
318,20180927,1419,86500,482
319,20180927,1420,86500,243
320,20180927,1421,86500,1788
321,20180927,1422,86700,499
322,20180927,1423,86800,73
323,20180927,1424,86700,559
324,20180927,1425,86600,375
325,20180927,1426,86600,157
326,20180927,1427,86700,669
327,20180927,1428,86500,326
328,20180927,1429,86600,476
329,20180927,1430,86600,382
330,20180927,1431,86500,328
331,20180927,1432,86600,485
332,20180927,1433,86600,96
333,20180927,1434,86700,215
334,20180927,1435,86600,354
335,20180927,1436,86600,146
336,20180927,1437,86600,483
337,20180927,1438,86600,140
338,20180927,1439,86600,2688
339,20180927,1440,86500,232
340,20180927,1441,86400,31
341,20180927,1442,86500,907
342,20180927,1443,86400,407
343,20180927,1444,86500,2225
344,20180927,1445,86400,210
345,20180927,1446,86300,1560
346,20180927,1447,86400,154
347,20180927,1448,86500,225
348,20180927,1449,86400,701
349,20180927,1450,86300,1034
350,20180927,1451,86400,112
351,20180927,1452,86400,589
352,20180927,1453,86300,1931
353,20180927,1454,86500,1604
354,20180927,1455,86700,726
355,20180927,1456,86800,730
356,20180927,1457,86700,451
357,20180927,1458,86700,822
358,20180927,1459,86800,171
359,20180927,1500,86900,653
360,20180927,1501,86800,880
361,20180927,1502,86900,319
362,20180927,1503,86900,720
363,20180927,1504,86700,86
364,20180927,1505,86800,308
365,20180927,1506,86800,176
366,20180927,1507,86800,660
367,20180927,1508,86700,2148
368,20180927,1509,86600,938
369,20180927,1510,86500,277
370,20180927,1511,86600,539
371,20180927,1512,86600,236
372,20180927,1513,86500,773
373,20180927,1514,86600,283
374,20180927,1515,86600,239
375,20180927,1516,86500,867
376,20180927,1517,86600,266
377,20180927,1518,86500,318
378,20180927,1519,86600,1443
379,20180927,1520,86400,3436
380,20180927,1530,86500,8347
381,20180928,901,87500,2000
382,20180928,902,87200,311
383,20180928,903,87400,237
384,20180928,904,87500,465
385,20180928,905,87400,560
386,20180928,906,87400,308
387,20180928,907,87000,617
388,20180928,908,86900,152
389,20180928,909,87000,154
390,20180928,910,87300,129
391,20180928,911,87200,123
392,20180928,912,87100,82
393,20180928,913,87200,121
394,20180928,914,87100,352
395,20180928,915,87200,544
396,20180928,916,87300,98
397,20180928,917,87300,122
398,20180928,918,87300,62
399,20180928,919,87300,634
400,20180928,920,87100,38
401,20180928,921,87100,79
402,20180928,922,87100,16
403,20180928,923,87100,15
404,20180928,924,87100,323
405,20180928,925,87000,393
406,20180928,926,87000,82
407,20180928,927,87100,135
408,20180928,928,87100,31
409,20180928,929,87100,498
410,20180928,930,87200,215
411,20180928,931,87100,137
412,20180928,932,87000,7
413,20180928,933,87000,58
414,20180928,934,87000,76
415,20180928,935,87000,317
416,20180928,936,87000,258
417,20180928,937,86900,1705
418,20180928,938,87400,140
419,20180928,940,87200,6
420,20180928,941,87200,276
421,20180928,943,87100,102
422,20180928,944,87100,287
423,20180928,945,87000,225
424,20180928,946,87100,73
425,20180928,948,87100,21
426,20180928,949,87100,20
427,20180928,950,87100,8
428,20180928,951,87100,309
429,20180928,952,87200,28
430,20180928,953,87200,25
431,20180928,954,87200,128
432,20180928,955,87200,616
433,20180928,956,87300,40
434,20180928,957,87300,8
435,20180928,958,87300,33
436,20180928,959,87300,1402
437,20180928,1000,87600,313
438,20180928,1001,87600,56
439,20180928,1002,87600,4
440,20180928,1003,87600,330
441,20180928,1004,87700,549
442,20180928,1005,87500,161
443,20180928,1006,87500,5
444,20180928,1007,87600,36
445,20180928,1008,87600,170
446,20180928,1009,87500,66
447,20180928,1010,87400,119
448,20180928,1011,87400,211
449,20180928,1012,87300,16
450,20180928,1013,87300,207
451,20180928,1014,87100,164
452,20180928,1015,87300,412
453,20180928,1016,87500,494
454,20180928,1017,87600,32
455,20180928,1018,87400,533
456,20180928,1019,87400,15
457,20180928,1020,87400,65
458,20180928,1021,87600,94
459,20180928,1022,87400,720
460,20180928,1023,87300,71
461,20180928,1024,87400,27
462,20180928,1025,87400,71
463,20180928,1026,87400,8
464,20180928,1027,87400,30
465,20180928,1028,87300,1
466,20180928,1029,87400,34
467,20180928,1030,87300,50
468,20180928,1031,87400,32
469,20180928,1032,87400,7
470,20180928,1033,87400,28
471,20180928,1034,87300,315
472,20180928,1035,87300,41
473,20180928,1036,87400,29
474,20180928,1037,87400,49
475,20180928,1038,87400,67
476,20180928,1039,87300,1382
477,20180928,1040,87700,42
478,20180928,1041,87700,25
479,20180928,1042,87700,12
480,20180928,1043,87600,93
481,20180928,1044,87700,72
482,20180928,1045,87600,287
483,20180928,1046,87700,19
484,20180928,1047,87700,157
485,20180928,1048,87700,143
486,20180928,1049,87700,50
487,20180928,1050,87600,987
488,20180928,1051,87800,630
489,20180928,1052,88000,815
490,20180928,1053,88000,96
491,20180928,1054,88000,28
492,20180928,1055,88000,24
493,20180928,1056,88000,710
494,20180928,1057,87800,61
495,20180928,1058,87900,50
496,20180928,1059,87800,214
497,20180928,1100,87800,502
498,20180928,1101,87900,7
499,20180928,1102,87900,44
500,20180928,1103,88000,56
501,20180928,1104,88000,1117
502,20180928,1105,88100,247
503,20180928,1106,88200,69
504,20180928,1107,88200,70
505,20180928,1108,88300,459
506,20180928,1109,88300,35
507,20180928,1110,88300,108
508,20180928,1111,88300,55
509,20180928,1112,88300,695
510,20180928,1113,88200,390
511,20180928,1114,88100,43
512,20180928,1115,88000,72
513,20180928,1116,88000,276
514,20180928,1117,87900,414
515,20180928,1118,87800,84
516,20180928,1119,87900,64
517,20180928,1120,87800,191
518,20180928,1121,87800,129
519,20180928,1122,87700,40
520,20180928,1123,87800,76
521,20180928,1124,87800,130
522,20180928,1125,87700,70
523,20180928,1126,87700,90
524,20180928,1127,87700,229
525,20180928,1128,87500,104
526,20180928,1129,87600,122
527,20180928,1130,87600,111
528,20180928,1131,87600,54
529,20180928,1132,87700,131
530,20180928,1133,87700,108
531,20180928,1134,87700,209
532,20180928,1135,87600,48
533,20180928,1136,87600,62
534,20180928,1137,87600,282
535,20180928,1138,87600,47
536,20180928,1139,87600,437
537,20180928,1140,87700,175
538,20180928,1141,87800,82
539,20180928,1142,87700,280
540,20180928,1143,87700,28
541,20180928,1144,87700,145
542,20180928,1145,87700,30
543,20180928,1146,87700,37
544,20180928,1147,87700,94
545,20180928,1148,87600,27
546,20180928,1149,87600,35
547,20180928,1150,87600,137
548,20180928,1151,87600,18
549,20180928,1152,87700,54
550,20180928,1153,87600,30
551,20180928,1154,87600,103
552,20180928,1155,87700,87
553,20180928,1156,87700,384
554,20180928,1157,87800,101
555,20180928,1158,87800,226
556,20180928,1159,87800,45
557,20180928,1200,87900,90
558,20180928,1201,87900,45
559,20180928,1202,87900,52
560,20180928,1203,87800,71
561,20180928,1204,87900,126
562,20180928,1205,87800,56
563,20180928,1206,87900,40
564,20180928,1207,87800,248
565,20180928,1208,88000,42
566,20180928,1209,87900,36
567,20180928,1210,88000,102
568,20180928,1211,87900,858
569,20180928,1212,87900,41
570,20180928,1213,87900,52
571,20180928,1214,87800,78
572,20180928,1215,87900,168
573,20180928,1216,87900,46
574,20180928,1217,87900,547
575,20180928,1218,87700,43
576,20180928,1219,87800,24
577,20180928,1220,87700,131
578,20180928,1221,87700,41
579,20180928,1222,87700,372
580,20180928,1223,87700,277
581,20180928,1224,87400,177
582,20180928,1225,87500,257
583,20180928,1226,87600,35
584,20180928,1227,87600,332
585,20180928,1228,87700,51
586,20180928,1229,87600,26
587,20180928,1230,87600,178
588,20180928,1231,87600,51
589,20180928,1232,87600,85
590,20180928,1233,87600,27
591,20180928,1234,87500,135
592,20180928,1235,87600,58
593,20180928,1236,87600,116
594,20180928,1237,87500,85
595,20180928,1238,87800,54
596,20180928,1239,87700,33
597,20180928,1240,87700,354
598,20180928,1241,87600,58
599,20180928,1242,87600,16
600,20180928,1243,87700,55
601,20180928,1244,87600,95
602,20180928,1245,87600,264
603,20180928,1246,87500,405
604,20180928,1247,87500,242
605,20180928,1248,87500,103
606,20180928,1249,87500,72
607,20180928,1250,87500,134
608,20180928,1251,87500,36
609,20180928,1252,87600,46
610,20180928,1253,87500,206
611,20180928,1254,87600,57
612,20180928,1255,87600,92
613,20180928,1256,87500,221
614,20180928,1257,87500,46
615,20180928,1258,87500,52
616,20180928,1259,87500,36
617,20180928,1300,87500,106
618,20180928,1301,87600,332
619,20180928,1302,87600,171
620,20180928,1303,87700,96
621,20180928,1304,87700,73
622,20180928,1305,87700,78
623,20180928,1306,87700,32
624,20180928,1307,87700,78
625,20180928,1308,87600,503
626,20180928,1309,87600,69
627,20180928,1310,87700,104
628,20180928,1311,87600,16
629,20180928,1312,87600,72
630,20180928,1313,87700,33
631,20180928,1314,87600,93
632,20180928,1315,87600,44
633,20180928,1316,87700,43
634,20180928,1317,87700,93
635,20180928,1318,87600,50
636,20180928,1319,87700,23
637,20180928,1320,87600,124
638,20180928,1321,87600,210
639,20180928,1322,87700,60
640,20180928,1323,87600,373
641,20180928,1324,87800,229
642,20180928,1325,87800,34
643,20180928,1326,87800,65
644,20180928,1327,87900,437
645,20180928,1328,87800,166
646,20180928,1329,87800,238
647,20180928,1330,87900,848
648,20180928,1331,87900,301
649,20180928,1332,87900,143
650,20180928,1333,88000,42
651,20180928,1334,87900,204
652,20180928,1335,87900,165
653,20180928,1336,88000,138
654,20180928,1337,88000,269
655,20180928,1338,87900,49
656,20180928,1339,88000,147
657,20180928,1340,87900,185
658,20180928,1341,88000,126
659,20180928,1342,87900,149
660,20180928,1343,88000,68
661,20180928,1344,87900,166
662,20180928,1345,87900,47
663,20180928,1346,87900,107
664,20180928,1347,87900,229
665,20180928,1348,88000,28
666,20180928,1349,87900,120
667,20180928,1350,88000,35
668,20180928,1351,88000,200
669,20180928,1352,88000,125
670,20180928,1353,88000,107
671,20180928,1354,87900,200
672,20180928,1355,87900,55
673,20180928,1356,87900,128
674,20180928,1357,88000,253
675,20180928,1358,88000,274
676,20180928,1359,87900,392
677,20180928,1400,88000,197
678,20180928,1401,87900,162
679,20180928,1402,88000,65
680,20180928,1403,87900,201
681,20180928,1404,87900,250
682,20180928,1405,87900,85
683,20180928,1406,87900,89
684,20180928,1407,87900,81
685,20180928,1408,87900,123
686,20180928,1409,87800,104
687,20180928,1410,87800,92
688,20180928,1411,87800,72
689,20180928,1412,87900,91
690,20180928,1413,88000,115
691,20180928,1414,87900,178
692,20180928,1415,87900,36
693,20180928,1416,88000,123
694,20180928,1417,88000,93
695,20180928,1418,87900,129
696,20180928,1419,88000,166
697,20180928,1420,88000,53
698,20180928,1421,87900,152
699,20180928,1422,88000,38
700,20180928,1423,87900,167
701,20180928,1424,87900,572
702,20180928,1425,87900,164
703,20180928,1426,87800,150
704,20180928,1427,87900,289
705,20180928,1428,87800,207
706,20180928,1429,87700,44
707,20180928,1430,87800,155
708,20180928,1431,87700,260
709,20180928,1432,87800,42
710,20180928,1433,87700,170
711,20180928,1434,87700,65
712,20180928,1435,87800,141
713,20180928,1436,87700,118
714,20180928,1437,87700,91
715,20180928,1438,87800,136
716,20180928,1439,87700,85
717,20180928,1440,87700,203
718,20180928,1441,87800,66
719,20180928,1442,87800,147
720,20180928,1443,87700,137
721,20180928,1444,87800,65
722,20180928,1445,87800,135
723,20180928,1446,87700,136
724,20180928,1447,87800,153
725,20180928,1448,87600,127
726,20180928,1449,87700,49
727,20180928,1450,87600,134
728,20180928,1451,87700,76
729,20180928,1452,87600,188
730,20180928,1453,87700,128
731,20180928,1454,87600,516
732,20180928,1455,87300,146
733,20180928,1456,87400,490
734,20180928,1457,87200,357
735,20180928,1458,87400,454
736,20180928,1459,87500,302
737,20180928,1500,87600,380
738,20180928,1501,87500,152
739,20180928,1502,87600,520
740,20180928,1503,87600,53
741,20180928,1504,87600,344
742,20180928,1505,87600,224
743,20180928,1506,87500,82
744,20180928,1507,87600,274
745,20180928,1508,87400,368
746,20180928,1509,87600,235
747,20180928,1510,87600,192
748,20180928,1511,87500,160
749,20180928,1512,87600,165
750,20180928,1513,87400,606
751,20180928,1514,87500,296
752,20180928,1515,87400,73
753,20180928,1516,87400,173
754,20180928,1517,87400,212
755,20180928,1518,87400,192
756,20180928,1519,87300,63
757,20180928,1520,87400,78
758,20180928,1530,87800,9737
0,20181001,901,87800,419
1,20181001,902,88200,188
2,20181001,903,87800,213
3,20181001,904,87300,165
4,20181001,905,87000,60
5,20181001,906,87100,83
6,20181001,907,87100,47
7,20181001,908,87100,520
8,20181001,909,86600,194
9,20181001,910,86300,992
10,20181001,911,86000,590
11,20181001,912,86000,406
12,20181001,913,85800,2434
13,20181001,914,85600,2479
14,20181001,915,84900,1786
15,20181001,916,84700,377
16,20181001,917,84300,756
17,20181001,918,84100,951
18,20181001,919,84700,1207
19,20181001,920,84800,71
20,20181001,921,84900,367
21,20181001,922,84800,2010
22,20181001,923,84300,1061
23,20181001,924,84100,463
24,20181001,925,84000,1060
25,20181001,926,83900,1411
26,20181001,927,83600,2023
27,20181001,928,83300,346
28,20181001,929,83300,1075
29,20181001,930,83400,444
30,20181001,931,83300,4717
31,20181001,932,83000,1846
32,20181001,933,83000,805
33,20181001,934,82900,580
34,20181001,935,82900,323
35,20181001,936,82900,1540
36,20181001,937,83000,914
37,20181001,938,83100,103
38,20181001,939,83100,790
39,20181001,940,83100,712
40,20181001,941,83100,317
41,20181001,942,83000,833
42,20181001,943,83100,139
43,20181001,944,83000,1286
44,20181001,945,82900,140
45,20181001,946,82900,225
46,20181001,947,83000,688
47,20181001,948,82900,276
48,20181001,949,82900,316
49,20181001,950,83000,182
50,20181001,951,82900,355
51,20181001,952,82900,1250
52,20181001,953,82800,2518
53,20181001,954,82600,4195
54,20181001,955,82300,700
55,20181001,956,82400,164
56,20181001,957,82400,261
57,20181001,958,82300,882
58,20181001,959,82200,449
59,20181001,1000,82200,437
60,20181001,1001,82200,113
61,20181001,1002,82200,617
62,20181001,1003,82200,2059
63,20181001,1004,82400,72
64,20181001,1005,82500,551
65,20181001,1006,82800,326
66,20181001,1007,83000,661
67,20181001,1008,83200,246
68,20181001,1009,83100,323
69,20181001,1010,82900,138
70,20181001,1011,82800,59
71,20181001,1012,82800,85
72,20181001,1013,82900,51
73,20181001,1014,82800,187
74,20181001,1015,82800,211
75,20181001,1016,82800,190
76,20181001,1017,82800,66
77,20181001,1018,82700,84
78,20181001,1019,82700,161
79,20181001,1020,82700,352
80,20181001,1021,82800,72
81,20181001,1022,82800,165
82,20181001,1023,82700,607
83,20181001,1024,82800,222
84,20181001,1025,82800,78
85,20181001,1026,82800,46
86,20181001,1027,82800,723
87,20181001,1028,82800,32
88,20181001,1029,82800,345
89,20181001,1030,82900,151
90,20181001,1031,82900,125
91,20181001,1032,82900,85
92,20181001,1033,82900,69
93,20181001,1034,82900,241
94,20181001,1035,82700,427
95,20181001,1036,82800,240
96,20181001,1037,82700,521
97,20181001,1038,82700,553
98,20181001,1039,82700,6
99,20181001,1040,82700,125
100,20181001,1041,82600,2079
101,20181001,1042,82400,218
102,20181001,1043,82400,485
103,20181001,1044,82600,142
104,20181001,1045,82500,252
105,20181001,1046,82500,36
106,20181001,1047,82500,332
107,20181001,1048,82500,571
108,20181001,1049,82400,388
109,20181001,1050,82500,360
110,20181001,1051,82300,811
111,20181001,1052,82500,301
112,20181001,1053,82500,328
113,20181001,1054,82500,80
114,20181001,1055,82500,1239
115,20181001,1056,82400,77
116,20181001,1057,82500,161
117,20181001,1058,82500,245
118,20181001,1059,82400,567
119,20181001,1100,82500,71
120,20181001,1101,82400,290
121,20181001,1102,82500,114
122,20181001,1103,82400,379
123,20181001,1104,82500,1550
124,20181001,1105,82500,809
125,20181001,1106,82700,262
126,20181001,1107,82600,274
127,20181001,1108,82700,154
128,20181001,1109,82700,285
129,20181001,1110,82700,487
130,20181001,1111,82800,115
131,20181001,1112,82800,402
132,20181001,1113,82700,484
133,20181001,1114,82700,68
134,20181001,1115,82700,104
135,20181001,1116,82600,284
136,20181001,1117,82600,809
137,20181001,1118,82700,120
138,20181001,1119,82700,80
139,20181001,1120,82700,243
140,20181001,1121,82700,268
141,20181001,1122,82700,36
142,20181001,1123,82600,69
143,20181001,1124,82700,557
144,20181001,1125,82600,412
145,20181001,1126,82600,200
146,20181001,1127,82600,113
147,20181001,1128,82500,278
148,20181001,1129,82500,146
149,20181001,1130,82500,112
150,20181001,1131,82600,296
151,20181001,1132,82500,226
152,20181001,1133,82500,170
153,20181001,1134,82500,25
154,20181001,1135,82600,161
155,20181001,1136,82500,35
156,20181001,1137,82600,96
157,20181001,1138,82500,155
158,20181001,1139,82500,449
159,20181001,1140,82500,31
160,20181001,1141,82400,69
161,20181001,1142,82500,234
162,20181001,1143,82500,65
163,20181001,1144,82400,136
164,20181001,1145,82500,101
165,20181001,1146,82400,338
166,20181001,1147,82500,187
167,20181001,1148,82400,284
168,20181001,1149,82400,290
169,20181001,1150,82500,508
170,20181001,1151,82300,117
171,20181001,1152,82300,82
172,20181001,1153,82300,990
173,20181001,1154,82500,103
174,20181001,1155,82400,39
175,20181001,1156,82300,1188
176,20181001,1157,82300,420
177,20181001,1158,82300,136
178,20181001,1159,82200,168
179,20181001,1200,82300,1857
180,20181001,1201,82200,203
181,20181001,1202,82200,103
182,20181001,1203,82200,114
183,20181001,1204,82300,61
184,20181001,1205,82300,111
185,20181001,1206,82300,124
186,20181001,1207,82300,302
187,20181001,1208,82200,44
188,20181001,1209,82300,37
189,20181001,1210,82200,104
190,20181001,1211,82300,57
191,20181001,1212,82200,285
192,20181001,1213,82300,121
193,20181001,1214,82200,345
194,20181001,1215,82200,313
195,20181001,1216,82100,133
196,20181001,1217,82200,45
197,20181001,1218,82200,306
198,20181001,1219,82200,208
199,20181001,1220,82300,74
200,20181001,1221,82300,388
201,20181001,1222,82300,90
202,20181001,1223,82200,64
203,20181001,1224,82200,71
204,20181001,1225,82300,113
205,20181001,1226,82200,57
206,20181001,1227,82300,323
207,20181001,1228,82300,115
208,20181001,1229,82300,141
209,20181001,1230,82300,81
210,20181001,1231,82200,244
211,20181001,1232,82200,343
212,20181001,1233,82100,60
213,20181001,1234,82200,157
214,20181001,1235,82200,46
215,20181001,1236,82200,273
216,20181001,1237,82200,161
217,20181001,1238,82300,202
218,20181001,1239,82300,231
219,20181001,1240,82200,494
220,20181001,1241,82100,209
221,20181001,1242,82100,226
222,20181001,1243,82200,271
223,20181001,1244,82200,93
224,20181001,1245,82300,95
225,20181001,1246,82400,69
226,20181001,1247,82200,587
227,20181001,1248,82200,145
228,20181001,1249,82100,283
229,20181001,1250,82200,42
230,20181001,1251,82100,911
231,20181001,1252,82100,58
232,20181001,1253,82100,409
233,20181001,1254,82200,119
234,20181001,1255,82200,68
235,20181001,1256,82200,141
236,20181001,1257,82200,229
237,20181001,1258,82200,235
238,20181001,1259,82100,158
239,20181001,1300,82100,96
240,20181001,1301,82100,513
241,20181001,1302,82000,226
242,20181001,1303,82100,127
243,20181001,1304,82100,334
244,20181001,1305,82100,164
245,20181001,1306,82100,574
246,20181001,1307,82100,61
247,20181001,1308,82100,249
248,20181001,1309,82100,66
249,20181001,1310,82100,75
250,20181001,1311,82100,128
251,20181001,1312,82000,284
252,20181001,1313,82000,238
253,20181001,1314,82100,291
254,20181001,1315,82100,3214
255,20181001,1316,81900,187
256,20181001,1317,81900,238
257,20181001,1318,81900,106
258,20181001,1319,81900,1002
259,20181001,1320,81700,359
260,20181001,1321,81800,203
261,20181001,1322,81700,532
262,20181001,1323,81700,169
263,20181001,1324,81800,563
264,20181001,1325,81900,157
265,20181001,1326,81900,379
266,20181001,1327,82000,32
267,20181001,1328,81900,142
268,20181001,1329,82000,76
269,20181001,1330,82000,91
270,20181001,1331,82000,857
271,20181001,1332,82200,87
272,20181001,1333,82200,18
273,20181001,1334,82100,108
274,20181001,1335,82200,92
275,20181001,1336,82200,247
276,20181001,1337,82100,50
277,20181001,1338,82100,67
278,20181001,1339,82100,190
279,20181001,1340,82100,80
280,20181001,1341,82100,165
281,20181001,1342,82200,1326
282,20181001,1343,82700,143
283,20181001,1344,82700,210
284,20181001,1345,82500,77
285,20181001,1346,82700,104
286,20181001,1347,82700,267
287,20181001,1348,82800,148
288,20181001,1349,82900,595
289,20181001,1350,82700,69
290,20181001,1351,82800,121
291,20181001,1352,82800,186
292,20181001,1353,82900,860
293,20181001,1354,82800,61
294,20181001,1355,82900,55
295,20181001,1356,82900,39
296,20181001,1357,82800,92
297,20181001,1358,82900,31
298,20181001,1359,82800,112
299,20181001,1400,82900,132
300,20181001,1401,82800,19
301,20181001,1402,82900,514
302,20181001,1403,82700,124
303,20181001,1404,82700,271
304,20181001,1405,82800,41
305,20181001,1406,82800,66
306,20181001,1407,82700,174
307,20181001,1408,82700,111
308,20181001,1409,82800,145
309,20181001,1410,82600,611
310,20181001,1411,82800,627
311,20181001,1412,82700,288
312,20181001,1413,82900,275
313,20181001,1414,82900,89
314,20181001,1415,83000,162
315,20181001,1416,83000,1051
316,20181001,1417,83000,716
317,20181001,1418,83200,59
318,20181001,1419,83200,220
319,20181001,1420,83300,609
320,20181001,1421,83300,60
321,20181001,1422,83300,101
322,20181001,1423,83300,186
323,20181001,1424,83200,291
324,20181001,1425,83300,47
325,20181001,1426,83200,62
326,20181001,1427,83200,101
327,20181001,1428,83100,306
328,20181001,1429,82900,49
329,20181001,1430,82900,224
330,20181001,1431,82800,305
331,20181001,1432,82800,126
332,20181001,1433,82700,72
333,20181001,1434,82700,185
334,20181001,1435,82800,76
335,20181001,1436,82800,30
336,20181001,1437,82900,36
337,20181001,1438,82900,126
338,20181001,1439,82900,104
339,20181001,1440,82800,657
340,20181001,1441,82900,45
341,20181001,1442,83000,112
342,20181001,1443,83000,117
343,20181001,1444,82900,158
344,20181001,1445,83000,147
345,20181001,1446,83000,576
346,20181001,1447,83000,126
347,20181001,1448,83200,64
348,20181001,1449,83200,269
349,20181001,1450,83200,65
350,20181001,1451,83200,230
351,20181001,1452,83000,85
352,20181001,1453,83100,15
353,20181001,1454,83000,228
354,20181001,1455,83000,776
355,20181001,1456,82700,134
356,20181001,1457,82700,150
357,20181001,1458,82900,86
358,20181001,1459,83000,184
359,20181001,1500,83000,76
360,20181001,1501,83000,318
361,20181001,1502,83000,590
362,20181001,1503,83000,95
363,20181001,1504,83100,106
364,20181001,1505,83000,547
365,20181001,1506,83000,156
366,20181001,1507,83000,146
367,20181001,1508,83000,23
368,20181001,1509,82900,185
369,20181001,1510,82900,196
370,20181001,1511,82800,59
371,20181001,1512,82900,1002
372,20181001,1513,82900,28
373,20181001,1514,82900,88
374,20181001,1515,82900,159
375,20181001,1516,83000,86
376,20181001,1517,83100,23
377,20181001,1518,82900,148
378,20181001,1519,83100,493
379,20181001,1520,83100,163
380,20181001,1530,83000,2722
381,20181002,901,83000,468
382,20181002,902,83000,399
383,20181002,903,83100,74
384,20181002,904,83100,172
385,20181002,905,83100,428
386,20181002,906,83000,866
387,20181002,907,82400,191
388,20181002,908,82800,302
389,20181002,909,82800,441
390,20181002,910,83000,53
391,20181002,911,83000,26
392,20181002,912,83100,381
393,20181002,913,83200,59
394,20181002,914,83100,19
395,20181002,915,83200,27
396,20181002,916,83200,20
397,20181002,917,83200,100
398,20181002,918,83200,72
399,20181002,919,83200,77
400,20181002,920,83100,115
401,20181002,921,83200,17
402,20181002,922,83200,79
403,20181002,923,83100,8
404,20181002,924,83200,8
405,20181002,925,83200,79
406,20181002,926,83200,5
407,20181002,927,83200,103
408,20181002,928,83100,613
409,20181002,929,83100,365
410,20181002,930,83000,199
411,20181002,931,83000,1602
412,20181002,932,82500,402
413,20181002,933,82500,1050
414,20181002,934,82400,48
415,20181002,935,82400,171
416,20181002,936,82400,38
417,20181002,937,82400,543
418,20181002,938,82200,474
419,20181002,939,82200,66
420,20181002,940,82100,429
421,20181002,941,82100,183
422,20181002,942,82100,14
423,20181002,943,82200,17
424,20181002,944,82100,373
425,20181002,945,82000,645
426,20181002,946,82100,293
427,20181002,947,82100,294
428,20181002,948,82100,2727
429,20181002,949,81800,1363
430,20181002,950,81500,2318
431,20181002,951,81300,1219
432,20181002,952,81200,1153
433,20181002,953,81200,1022
434,20181002,954,81300,138
435,20181002,955,81400,532
436,20181002,956,81400,251
437,20181002,957,81400,552
438,20181002,958,81400,302
439,20181002,959,81500,18
440,20181002,1000,81500,1
441,20181002,1001,81600,504
442,20181002,1002,81600,181
443,20181002,1003,81700,980
444,20181002,1004,81800,1831
445,20181002,1005,82000,139
446,20181002,1006,82000,53
447,20181002,1007,82000,249
448,20181002,1008,82000,733
449,20181002,1009,82100,130
450,20181002,1010,82100,35
451,20181002,1011,82100,61
452,20181002,1012,82100,12
453,20181002,1013,82100,17
454,20181002,1014,82100,14
455,20181002,1015,82100,445
456,20181002,1016,82100,136
457,20181002,1017,82000,549
458,20181002,1018,82000,101
459,20181002,1020,82000,109
460,20181002,1021,82000,18
461,20181002,1022,82000,59
462,20181002,1023,82000,1108
463,20181002,1024,81800,301
464,20181002,1025,81800,442
465,20181002,1027,81800,297
466,20181002,1028,81900,84
467,20181002,1029,81800,54
468,20181002,1030,81700,649
469,20181002,1031,81600,1023
470,20181002,1032,81300,524
471,20181002,1033,81300,269
472,20181002,1034,81300,131
473,20181002,1035,81200,98
474,20181002,1036,81200,458
475,20181002,1037,81100,67
476,20181002,1038,81200,1214
477,20181002,1039,81100,2285
478,20181002,1040,81500,266
479,20181002,1041,81700,359
480,20181002,1042,82000,1671
481,20181002,1043,82300,154
482,20181002,1044,82300,189
483,20181002,1045,82100,134
484,20181002,1046,82300,7
485,20181002,1047,82100,39
486,20181002,1048,82200,10
487,20181002,1049,82200,221
488,20181002,1050,82000,158
489,20181002,1051,82000,21
490,20181002,1052,82000,137
491,20181002,1053,82000,94
492,20181002,1054,82000,55
493,20181002,1055,82000,163
494,20181002,1056,82000,50
495,20181002,1057,82000,296
496,20181002,1058,82000,70
497,20181002,1059,82000,214
498,20181002,1100,81800,479
499,20181002,1101,81900,40
500,20181002,1102,81900,50
501,20181002,1103,81900,101
502,20181002,1104,81900,149
503,20181002,1105,81900,82
504,20181002,1106,81900,147
505,20181002,1107,81800,220
506,20181002,1108,81800,1
507,20181002,1109,81800,39
508,20181002,1110,81800,277
509,20181002,1111,81700,51
510,20181002,1112,81700,981
511,20181002,1113,82000,205
512,20181002,1115,81900,186
513,20181002,1117,82000,123
514,20181002,1118,82000,15
515,20181002,1119,82000,254
516,20181002,1121,81900,44
517,20181002,1123,81800,44
518,20181002,1124,81800,102
519,20181002,1125,81800,39
520,20181002,1126,81800,34
521,20181002,1127,81800,781
522,20181002,1128,81700,522
523,20181002,1129,81500,192
524,20181002,1130,81500,35
525,20181002,1131,81600,290
526,20181002,1132,81500,850
527,20181002,1133,81300,57
528,20181002,1134,81300,145
529,20181002,1135,81300,171
530,20181002,1136,81300,27
531,20181002,1137,81300,275
532,20181002,1138,81300,125
533,20181002,1139,81400,89
534,20181002,1140,81400,423
535,20181002,1141,81300,43
536,20181002,1142,81300,198
537,20181002,1143,81300,4067
538,20181002,1144,81100,69
539,20181002,1145,81100,38
540,20181002,1146,81100,212
541,20181002,1147,81200,65
542,20181002,1148,81200,57
543,20181002,1149,81200,82
544,20181002,1150,81100,42
545,20181002,1151,81100,81
546,20181002,1152,81100,42
547,20181002,1153,81100,132
548,20181002,1154,81200,1070
549,20181002,1155,81300,957
550,20181002,1156,81400,870
551,20181002,1157,81500,41
552,20181002,1158,81600,31
553,20181002,1159,81500,22
554,20181002,1200,81500,195
555,20181002,1201,81500,1
556,20181002,1203,81500,11
557,20181002,1204,81400,314
558,20181002,1207,81400,5
559,20181002,1208,81400,12
560,20181002,1209,81300,263
561,20181002,1210,81300,1856
562,20181002,1211,81000,1643
563,20181002,1212,81100,217
564,20181002,1213,81000,28
565,20181002,1214,81000,131
566,20181002,1215,81000,115
567,20181002,1216,80900,751
568,20181002,1217,81200,5
569,20181002,1218,81200,158
570,20181002,1220,81100,200
571,20181002,1221,81100,138
572,20181002,1222,81100,221
573,20181002,1223,81200,446
574,20181002,1224,81200,1366
575,20181002,1225,81000,4185
576,20181002,1226,81000,10
577,20181002,1227,81000,271
578,20181002,1228,81300,35
579,20181002,1230,81200,40
580,20181002,1231,81200,162
581,20181002,1232,81200,91
582,20181002,1233,81100,2
583,20181002,1234,81100,36
584,20181002,1235,81000,33
585,20181002,1236,81000,105
586,20181002,1237,81100,5
587,20181002,1238,81000,678
588,20181002,1239,80800,3303
589,20181002,1240,80800,276
590,20181002,1241,80700,1101
591,20181002,1242,80600,186
592,20181002,1243,80600,2730
593,20181002,1244,80500,115
594,20181002,1245,80600,51
595,20181002,1246,80700,95
596,20181002,1247,80600,124
597,20181002,1248,80600,46
598,20181002,1249,80700,5
599,20181002,1250,80700,708
600,20181002,1251,80500,772
601,20181002,1252,80700,522
602,20181002,1253,80800,1131
603,20181002,1254,81100,140
604,20181002,1255,81100,28
605,20181002,1256,80900,135
606,20181002,1257,81000,162
607,20181002,1258,81000,26
608,20181002,1259,80900,35
609,20181002,1300,80900,50
610,20181002,1301,80900,140
611,20181002,1302,80900,29
612,20181002,1303,80900,6
613,20181002,1305,80900,24
614,20181002,1306,81000,3
615,20181002,1307,80900,46
616,20181002,1308,81000,783
617,20181002,1309,81200,375
618,20181002,1310,81200,285
619,20181002,1311,81100,22
620,20181002,1312,81100,31
621,20181002,1313,81100,21
622,20181002,1314,81100,190
623,20181002,1315,81100,463
624,20181002,1316,80800,982
625,20181002,1317,80900,48
626,20181002,1318,81000,44
627,20181002,1319,81000,18
628,20181002,1320,81100,1
629,20181002,1321,81000,60
630,20181002,1322,81000,31
631,20181002,1323,81000,140
632,20181002,1324,81000,1
633,20181002,1325,81000,636
634,20181002,1326,81000,195
635,20181002,1327,80900,132
636,20181002,1328,80900,43
637,20181002,1329,80900,177
638,20181002,1330,80900,55
639,20181002,1331,80900,44
640,20181002,1332,80900,224
641,20181002,1333,80900,42
642,20181002,1334,80900,30
643,20181002,1335,80900,277
644,20181002,1336,80900,105
645,20181002,1337,80900,45
646,20181002,1338,80900,2898
647,20181002,1340,81300,66
648,20181002,1341,81400,419
649,20181002,1342,81400,50
650,20181002,1343,81400,11
651,20181002,1344,81400,38
652,20181002,1345,81400,1
653,20181002,1346,81400,93
654,20181002,1348,81400,989
655,20181002,1349,81300,25
656,20181002,1350,81200,87
657,20181002,1351,81200,66
658,20181002,1352,81200,41
659,20181002,1353,81200,130
660,20181002,1354,81200,76
661,20181002,1355,81200,10
662,20181002,1356,81100,523
663,20181002,1357,81000,1916
664,20181002,1358,81000,191
665,20181002,1359,81100,1
666,20181002,1400,81100,863
667,20181002,1401,81200,67
668,20181002,1402,81200,90
669,20181002,1403,81200,61
670,20181002,1404,81200,1784
671,20181002,1405,81000,319
672,20181002,1406,81100,72
673,20181002,1407,81100,1861
674,20181002,1408,81200,295
675,20181002,1409,81200,11
676,20181002,1410,81100,1
677,20181002,1411,81200,11
678,20181002,1412,81100,363
679,20181002,1413,81000,29
680,20181002,1414,81000,1362
681,20181002,1415,80800,51
682,20181002,1416,80800,21
683,20181002,1417,80800,570
684,20181002,1418,80800,6
685,20181002,1419,80800,351
686,20181002,1420,80800,13
687,20181002,1421,80800,8
688,20181002,1423,80700,4688
689,20181002,1424,80600,36
690,20181002,1425,80600,340
691,20181002,1426,80600,30
692,20181002,1427,80600,131
693,20181002,1428,80600,84
694,20181002,1429,80700,1199
695,20181002,1430,80900,530
696,20181002,1431,81200,180
697,20181002,1432,81300,1
698,20181002,1433,81300,212
699,20181002,1434,81200,64
700,20181002,1435,81200,231
701,20181002,1436,81200,53
702,20181002,1437,81200,94
703,20181002,1438,81300,39
704,20181002,1439,81300,59
705,20181002,1440,81200,110
706,20181002,1441,81200,160
707,20181002,1442,81300,32
708,20181002,1443,81300,171
709,20181002,1444,81300,185
710,20181002,1445,81300,55
711,20181002,1446,81300,470
712,20181002,1447,81200,216
713,20181002,1448,81200,50
714,20181002,1449,81200,388
715,20181002,1450,81200,174
716,20181002,1451,81200,400
717,20181002,1452,81200,826
718,20181002,1453,81100,149
719,20181002,1454,81200,412
720,20181002,1455,81100,115
721,20181002,1456,81100,168
722,20181002,1457,81200,685
723,20181002,1458,80900,51
724,20181002,1459,80900,222
725,20181002,1500,80800,163
726,20181002,1501,80700,13
727,20181002,1502,80800,115
728,20181002,1503,80800,386
729,20181002,1504,80900,17
730,20181002,1505,80800,68
731,20181002,1506,80900,60
732,20181002,1507,80800,355
733,20181002,1508,80800,554
734,20181002,1509,80900,604
735,20181002,1510,80800,1711
736,20181002,1511,81000,548
737,20181002,1512,81000,160
738,20181002,1513,81000,180
739,20181002,1514,80900,50
740,20181002,1515,80900,72
741,20181002,1516,81000,177
742,20181002,1517,80900,111
743,20181002,1518,80900,3326
744,20181002,1519,80800,34
745,20181002,1520,80900,154
746,20181002,1530,80900,2016
0,20181004,901,81100,1179
1,20181004,902,80200,593
2,20181004,903,80400,107
3,20181004,904,81100,30
4,20181004,905,81200,9
5,20181004,906,81100,602
6,20181004,907,80600,73
7,20181004,908,80600,121
8,20181004,909,80900,11
9,20181004,910,80900,523
10,20181004,911,81100,552
11,20181004,912,81300,466
12,20181004,913,81400,155
13,20181004,914,81500,1726
14,20181004,915,81800,56
15,20181004,916,81800,43
16,20181004,917,81800,46
17,20181004,918,81800,340
18,20181004,919,81700,62
19,20181004,920,81600,102
20,20181004,921,81600,150
21,20181004,922,81600,106
22,20181004,923,81500,219
23,20181004,924,81500,131
24,20181004,925,81400,54
25,20181004,926,81400,7
26,20181004,927,81400,527
27,20181004,928,81200,120
28,20181004,929,81100,10
29,20181004,930,81100,127
30,20181004,931,81100,473
31,20181004,932,81000,31
32,20181004,933,81000,90
33,20181004,934,81000,54
34,20181004,935,81100,274
35,20181004,936,81100,61
36,20181004,937,81100,213
37,20181004,938,81300,171
38,20181004,939,81200,138
39,20181004,940,81100,230
40,20181004,941,81000,441
41,20181004,942,80900,531
42,20181004,943,80800,57
43,20181004,944,80900,407
44,20181004,945,81000,53
45,20181004,946,81100,86
46,20181004,947,81000,40
47,20181004,948,81100,81
48,20181004,949,81100,50
49,20181004,950,81100,26
50,20181004,952,81000,169
51,20181004,953,81200,1
52,20181004,954,81200,158
53,20181004,956,81100,17
54,20181004,957,81100,60
55,20181004,958,81100,31
56,20181004,959,81100,77
57,20181004,1000,81100,23
58,20181004,1001,81200,174
59,20181004,1002,81000,346
60,20181004,1003,80700,622
61,20181004,1004,80500,451
62,20181004,1005,80200,392
63,20181004,1006,80500,145
64,20181004,1007,80400,390
65,20181004,1008,80300,182
66,20181004,1009,80500,804
67,20181004,1010,80700,31
68,20181004,1011,80700,128
69,20181004,1012,80600,16
70,20181004,1013,80600,20
71,20181004,1014,80600,66
72,20181004,1015,80600,611
73,20181004,1016,80500,3
74,20181004,1017,80600,532
75,20181004,1018,80700,1368
76,20181004,1019,81100,5
77,20181004,1020,81100,4
78,20181004,1021,81000,33
79,20181004,1022,81000,102
80,20181004,1023,81100,61
81,20181004,1025,81000,22
82,20181004,1026,81100,569
83,20181004,1027,81200,274
84,20181004,1028,81300,20
85,20181004,1029,81200,249
86,20181004,1030,81300,64
87,20181004,1031,81400,23
88,20181004,1032,81400,1
89,20181004,1033,81400,73
90,20181004,1034,81300,10
91,20181004,1035,81300,41
92,20181004,1036,81300,207
93,20181004,1037,81300,18
94,20181004,1038,81300,95
95,20181004,1039,81300,32
96,20181004,1040,81300,145
97,20181004,1041,81300,84
98,20181004,1042,81300,13
99,20181004,1043,81200,10
100,20181004,1044,81200,26
101,20181004,1045,81300,24
102,20181004,1046,81300,19
103,20181004,1047,81200,10
104,20181004,1048,81300,159
105,20181004,1049,81200,25
106,20181004,1050,81200,32
107,20181004,1051,81300,61
108,20181004,1052,81200,9
109,20181004,1053,81300,420
110,20181004,1054,81200,33
111,20181004,1055,81200,15
112,20181004,1056,81100,18
113,20181004,1057,81200,7
114,20181004,1058,81200,6
115,20181004,1059,81200,36
116,20181004,1100,81100,18
117,20181004,1101,81200,116
118,20181004,1102,81200,143
119,20181004,1103,81200,8
120,20181004,1104,81200,170
121,20181004,1105,81100,34
122,20181004,1106,81200,117
123,20181004,1107,81100,49
124,20181004,1108,81200,26
125,20181004,1109,81200,17
126,20181004,1110,81200,65
127,20181004,1111,81200,386
128,20181004,1112,81200,87
129,20181004,1113,81300,10
130,20181004,1114,81300,5
131,20181004,1115,81300,27
132,20181004,1116,81300,882
133,20181004,1117,80700,393
134,20181004,1119,81000,7
135,20181004,1120,81000,262
136,20181004,1121,81100,17
137,20181004,1122,81000,131
138,20181004,1123,81100,15
139,20181004,1124,81100,26
140,20181004,1125,81100,291
141,20181004,1126,81200,258
142,20181004,1127,81200,201
143,20181004,1128,81300,849
144,20181004,1129,81500,1881
145,20181004,1130,81800,321
146,20181004,1131,81800,71
147,20181004,1132,81900,16
148,20181004,1133,81900,1
149,20181004,1134,81900,582
150,20181004,1135,81700,109
151,20181004,1136,81800,1
152,20181004,1137,81800,16
153,20181004,1138,81800,13
154,20181004,1139,81800,40
155,20181004,1140,81800,59
156,20181004,1141,81800,17
157,20181004,1142,81800,3
158,20181004,1143,81800,34
159,20181004,1144,81700,144
160,20181004,1145,81700,28
161,20181004,1146,81800,19
162,20181004,1147,81800,11
163,20181004,1148,81800,20
164,20181004,1149,81800,6
165,20181004,1150,81700,43
166,20181004,1151,81800,38
167,20181004,1152,81700,44
168,20181004,1153,81800,1
169,20181004,1154,81700,40
170,20181004,1155,81800,67
171,20181004,1156,81800,723
172,20181004,1157,81900,108
173,20181004,1158,81900,819
174,20181004,1159,82000,112
175,20181004,1200,82000,254
176,20181004,1201,82000,205
177,20181004,1202,82100,13
178,20181004,1203,82100,26
179,20181004,1204,82100,295
180,20181004,1205,81900,24
181,20181004,1206,81800,16
182,20181004,1207,81900,10
183,20181004,1208,81900,78
184,20181004,1209,82000,36
185,20181004,1210,81900,19
186,20181004,1211,81900,45
187,20181004,1212,81900,4
188,20181004,1213,82000,11
189,20181004,1215,81900,160
190,20181004,1216,81800,51
191,20181004,1217,81800,16
192,20181004,1218,81800,55
193,20181004,1219,81900,1
194,20181004,1220,81800,151
195,20181004,1221,81800,19
196,20181004,1222,81800,16
197,20181004,1223,81800,10
198,20181004,1224,81800,199
199,20181004,1225,81700,1
200,20181004,1226,81700,1
201,20181004,1227,81800,12
202,20181004,1229,81700,428
203,20181004,1230,81800,2
204,20181004,1232,81700,155
205,20181004,1233,81600,286
206,20181004,1234,81400,26
207,20181004,1235,81500,166
208,20181004,1236,81500,883
209,20181004,1237,81600,4
210,20181004,1238,81600,16
211,20181004,1239,81600,9
212,20181004,1240,81500,205
213,20181004,1241,81600,4
214,20181004,1242,81600,43
215,20181004,1243,81600,329
216,20181004,1244,81500,195
217,20181004,1246,81600,11
218,20181004,1247,81500,506
219,20181004,1248,81600,1
220,20181004,1249,81600,13
221,20181004,1250,81500,5
222,20181004,1251,81600,9
223,20181004,1252,81600,2
224,20181004,1254,81500,523
225,20181004,1255,81600,2
226,20181004,1256,81600,510
227,20181004,1257,81500,431
228,20181004,1258,81600,1
229,20181004,1259,81600,1
230,20181004,1300,81600,12
231,20181004,1301,81600,2
232,20181004,1302,81500,10
233,20181004,1303,81500,22
234,20181004,1304,81500,3
235,20181004,1305,81600,1
236,20181004,1306,81500,97
237,20181004,1307,81600,8
238,20181004,1308,81600,663
239,20181004,1309,81500,28
240,20181004,1310,81500,41
241,20181004,1311,81500,5
242,20181004,1312,81500,4
243,20181004,1313,81400,559
244,20181004,1315,81400,49
245,20181004,1316,81400,293
246,20181004,1317,81400,534
247,20181004,1318,81300,179
248,20181004,1319,81300,58
249,20181004,1320,81300,1
250,20181004,1321,81200,269
251,20181004,1322,81200,548
252,20181004,1323,81000,4
253,20181004,1324,81000,115
254,20181004,1325,81000,2
255,20181004,1327,80900,73
256,20181004,1328,80900,78
257,20181004,1329,81000,38
258,20181004,1330,81000,1552
259,20181004,1331,81400,185
260,20181004,1332,81400,28
261,20181004,1333,81400,2
262,20181004,1334,81300,405
263,20181004,1336,81300,92
264,20181004,1337,81400,1
265,20181004,1338,81400,4
266,20181004,1339,81400,99
267,20181004,1340,81400,114
268,20181004,1341,81500,431
269,20181004,1342,81500,233
270,20181004,1343,81500,15
271,20181004,1344,81600,1
272,20181004,1345,81600,6
273,20181004,1346,81600,1
274,20181004,1347,81600,30
275,20181004,1348,81600,47
276,20181004,1349,81600,4
277,20181004,1351,81600,9
278,20181004,1352,81600,550
279,20181004,1353,81200,53
280,20181004,1354,81200,100
281,20181004,1355,81300,134
282,20181004,1356,81400,112
283,20181004,1357,81300,1
284,20181004,1358,81400,277
285,20181004,1359,81400,3
286,20181004,1400,81400,3
287,20181004,1401,81400,105
288,20181004,1402,81400,76
289,20181004,1403,81400,3
290,20181004,1404,81400,206
291,20181004,1405,81400,2
292,20181004,1406,81400,1360
293,20181004,1407,81600,259
294,20181004,1408,81700,85
295,20181004,1409,81600,72
296,20181004,1410,81500,121
297,20181004,1411,81300,47
298,20181004,1412,81400,90
299,20181004,1413,81500,32
300,20181004,1414,81500,105
301,20181004,1415,81600,59
302,20181004,1416,81700,182
303,20181004,1417,81600,3
304,20181004,1418,81500,610
305,20181004,1419,81600,35
306,20181004,1420,81500,5
307,20181004,1421,81500,311
308,20181004,1423,81600,40
309,20181004,1424,81600,1
310,20181004,1425,81600,1
311,20181004,1426,81600,1
312,20181004,1427,81600,8
313,20181004,1428,81500,307
314,20181004,1429,81500,3
315,20181004,1430,81500,2
316,20181004,1431,81500,3
317,20181004,1432,81500,3
318,20181004,1433,81500,2
319,20181004,1434,81500,459
320,20181004,1435,81400,123
321,20181004,1436,81400,102
322,20181004,1437,81500,54
323,20181004,1438,81500,54
324,20181004,1439,81500,981
325,20181004,1440,81600,12
326,20181004,1441,81600,292
327,20181004,1442,81600,313
328,20181004,1443,81800,404
329,20181004,1444,81600,48
330,20181004,1445,81500,210
331,20181004,1446,81500,2
332,20181004,1447,81500,75
333,20181004,1448,81400,9
334,20181004,1449,81400,276
335,20181004,1450,81400,7
336,20181004,1451,81500,15
337,20181004,1452,81400,1
338,20181004,1453,81400,11
339,20181004,1454,81400,196
340,20181004,1455,81300,321
341,20181004,1456,81200,6
342,20181004,1457,81200,277
343,20181004,1458,81300,6
344,20181004,1459,81300,4
345,20181004,1500,81300,462
346,20181004,1501,81400,93
347,20181004,1502,81400,4
348,20181004,1503,81400,1
349,20181004,1504,81400,122
350,20181004,1505,81300,147
351,20181004,1506,81300,204
352,20181004,1507,81400,744
353,20181004,1508,81300,8
354,20181004,1509,81100,220
355,20181004,1510,81200,28
356,20181004,1511,81200,205
357,20181004,1512,81200,618
358,20181004,1513,81200,26
359,20181004,1514,81100,1612
360,20181004,1515,81200,671
361,20181004,1516,81000,43
362,20181004,1517,81100,146
363,20181004,1518,81100,114
364,20181004,1519,81100,61
365,20181004,1520,81000,142
366,20181004,1530,80900,6102
367,20181005,901,80900,314
368,20181005,902,80700,54
369,20181005,903,80800,295
370,20181005,904,80900,102
371,20181005,905,80900,14
372,20181005,906,80900,342
373,20181005,907,80400,157
374,20181005,908,80300,122
375,20181005,909,80400,19
376,20181005,910,80400,736
377,20181005,911,80400,1
378,20181005,912,80300,130
379,20181005,913,80100,81
380,20181005,914,80100,310
381,20181005,915,80100,393
382,20181005,916,80100,257
383,20181005,917,80400,759
384,20181005,918,80400,48
385,20181005,919,80500,145
386,20181005,920,80600,34
387,20181005,921,80400,36
388,20181005,922,80500,46
389,20181005,923,80400,10
390,20181005,924,80400,36
391,20181005,925,80300,48
392,20181005,926,80500,306
393,20181005,927,80500,93
394,20181005,928,80500,310
395,20181005,929,80600,119
396,20181005,930,80700,649
397,20181005,931,80600,232
398,20181005,932,80800,340
399,20181005,933,80800,216
400,20181005,934,80700,22
401,20181005,935,80800,12
402,20181005,936,80900,6
403,20181005,937,80900,182
404,20181005,938,81000,274
405,20181005,939,81100,27
406,20181005,940,81100,109
407,20181005,941,81000,496
408,20181005,942,80800,83
409,20181005,943,80900,94
410,20181005,944,80600,367
411,20181005,945,80600,43
412,20181005,946,80700,23
413,20181005,947,80600,15
414,20181005,948,80700,29
415,20181005,949,80700,12
416,20181005,950,80600,240
417,20181005,951,80600,645
418,20181005,952,80500,34
419,20181005,953,80600,3
420,20181005,954,80600,21
421,20181005,955,80600,117
422,20181005,956,80500,80
423,20181005,957,80600,41
424,20181005,958,80600,120
425,20181005,959,80600,5
426,20181005,1000,80600,10
427,20181005,1001,80500,5
428,20181005,1002,80500,58
429,20181005,1003,80500,213
430,20181005,1004,80600,103
431,20181005,1005,80600,757
432,20181005,1006,80800,14
433,20181005,1007,80800,11
434,20181005,1009,80800,18
435,20181005,1010,80800,14
436,20181005,1011,80700,595
437,20181005,1012,80600,273
438,20181005,1013,80800,14
439,20181005,1014,80800,2
440,20181005,1015,80800,12
441,20181005,1016,80800,63
442,20181005,1017,80800,16
443,20181005,1018,80700,26
444,20181005,1019,80800,111
445,20181005,1020,80800,96
446,20181005,1021,80800,26
447,20181005,1022,80800,218
448,20181005,1023,80700,675
449,20181005,1024,80400,1060
450,20181005,1025,80000,1523
451,20181005,1026,79800,610
452,20181005,1027,79600,108
453,20181005,1028,79600,99
454,20181005,1029,79600,27
455,20181005,1030,79500,195
456,20181005,1031,79600,746
457,20181005,1032,79400,84
458,20181005,1033,79400,576
459,20181005,1034,79800,269
460,20181005,1035,79900,683
461,20181005,1036,80400,130
462,20181005,1037,80400,190
463,20181005,1038,80100,202
464,20181005,1039,80100,105
465,20181005,1040,80100,51
466,20181005,1041,80200,120
467,20181005,1042,80200,219
468,20181005,1043,80100,31
469,20181005,1044,80000,318
470,20181005,1046,79900,15
471,20181005,1047,80000,12
472,20181005,1048,79900,190
473,20181005,1049,79900,198
474,20181005,1050,79800,209
475,20181005,1051,79800,179
476,20181005,1052,79700,15
477,20181005,1053,79600,233
478,20181005,1054,79700,532
479,20181005,1055,79600,12
480,20181005,1056,79500,355
481,20181005,1057,79400,35
482,20181005,1058,79500,56
483,20181005,1059,79300,215
484,20181005,1100,79400,45
485,20181005,1101,79400,46
486,20181005,1102,79400,94
487,20181005,1103,79300,396
488,20181005,1104,79200,38
489,20181005,1105,79300,47
490,20181005,1106,79300,234
491,20181005,1107,79400,241
492,20181005,1108,79400,153
493,20181005,1109,79400,122
494,20181005,1110,79400,15
495,20181005,1111,79400,231
496,20181005,1112,79300,66
497,20181005,1113,79200,18
498,20181005,1114,79300,16
499,20181005,1115,79300,261
500,20181005,1116,79100,2061
501,20181005,1117,79200,38
502,20181005,1118,79100,81
503,20181005,1119,79300,43
504,20181005,1120,79300,193
505,20181005,1121,79400,1827
506,20181005,1122,79100,1162
507,20181005,1123,79800,230
508,20181005,1124,80000,298
509,20181005,1125,79900,57
510,20181005,1126,79800,158
511,20181005,1127,79500,205
512,20181005,1128,79300,151
513,20181005,1129,79300,435
514,20181005,1130,79200,68
515,20181005,1131,79300,91
516,20181005,1132,79600,42
517,20181005,1133,79600,55
518,20181005,1134,79400,51
519,20181005,1135,79400,101
520,20181005,1136,79300,4
521,20181005,1137,79200,32
522,20181005,1138,79200,210
523,20181005,1139,79300,17
524,20181005,1140,79200,335
525,20181005,1141,79700,208
526,20181005,1142,79800,47
527,20181005,1143,79800,129
528,20181005,1144,79700,104
529,20181005,1145,79700,57
530,20181005,1146,79700,43
531,20181005,1147,79700,218
532,20181005,1148,79900,286
533,20181005,1149,80200,4
534,20181005,1150,80000,115
535,20181005,1151,80100,20
536,20181005,1152,80100,116
537,20181005,1153,79800,126
538,20181005,1154,80000,128
539,20181005,1155,79800,313
540,20181005,1156,79900,15
541,20181005,1157,79900,41
542,20181005,1158,79900,54
543,20181005,1159,79700,16
544,20181005,1200,79700,44
545,20181005,1201,79700,138
546,20181005,1202,79700,103
547,20181005,1203,79500,11
548,20181005,1204,79600,4
549,20181005,1205,79600,46
550,20181005,1206,79500,12
551,20181005,1207,79600,254
552,20181005,1208,80000,55
553,20181005,1209,80000,310
554,20181005,1210,80000,86
555,20181005,1211,80100,266
556,20181005,1212,80000,214
557,20181005,1213,80000,78
558,20181005,1214,80100,57
559,20181005,1215,80100,32
560,20181005,1216,80100,134
561,20181005,1217,80000,59
562,20181005,1218,80000,9
563,20181005,1219,80000,18
564,20181005,1220,80100,39
565,20181005,1221,80000,17
566,20181005,1222,80000,100
567,20181005,1223,79900,94
568,20181005,1224,80000,106
569,20181005,1225,80000,21
570,20181005,1226,80000,24
571,20181005,1227,79900,120
572,20181005,1228,80000,57
573,20181005,1229,80000,15
574,20181005,1230,80000,19
575,20181005,1231,79900,112
576,20181005,1232,79800,16
577,20181005,1233,79800,17
578,20181005,1234,79800,66
579,20181005,1235,79900,48
580,20181005,1236,79800,17
581,20181005,1237,79900,76
582,20181005,1238,79900,75
583,20181005,1239,79900,71
584,20181005,1240,80000,66
585,20181005,1241,80100,87
586,20181005,1242,80000,133
587,20181005,1243,80100,5
588,20181005,1244,80100,16
589,20181005,1245,80100,138
590,20181005,1246,80100,59
591,20181005,1247,80100,174
592,20181005,1248,80100,9
593,20181005,1249,80100,70
594,20181005,1250,80100,63
595,20181005,1251,80100,12
596,20181005,1252,80200,18
597,20181005,1253,80200,13
598,20181005,1254,80200,207
599,20181005,1255,80100,57
600,20181005,1256,80100,70
601,20181005,1257,80100,44
602,20181005,1258,80100,57
603,20181005,1259,80200,9
604,20181005,1300,80100,77
605,20181005,1301,80100,534
606,20181005,1302,80200,2236
607,20181005,1303,80500,276
608,20181005,1304,80700,168
609,20181005,1305,80800,230
610,20181005,1306,80700,248
611,20181005,1307,80600,19
612,20181005,1308,80600,70
613,20181005,1309,80500,60
614,20181005,1310,80600,4
615,20181005,1311,80500,74
616,20181005,1312,80600,49
617,20181005,1313,80600,75
618,20181005,1314,80600,229
619,20181005,1315,80700,514
620,20181005,1316,80700,25
621,20181005,1317,80700,1291
622,20181005,1318,80800,110
623,20181005,1319,80800,20
624,20181005,1320,80800,39
625,20181005,1321,80800,79
626,20181005,1322,80800,58
627,20181005,1323,80800,16
628,20181005,1324,80800,44
629,20181005,1325,80800,14
630,20181005,1326,80800,25
631,20181005,1327,80700,33
632,20181005,1328,80800,18
633,20181005,1329,80700,858
634,20181005,1330,80500,23
635,20181005,1331,80500,49
636,20181005,1332,80500,98
637,20181005,1333,80400,122
638,20181005,1334,80600,67
639,20181005,1335,80700,316
640,20181005,1336,80700,107
641,20181005,1337,80700,127
642,20181005,1338,80600,89
643,20181005,1339,80600,223
644,20181005,1340,80800,17
645,20181005,1341,80800,98
646,20181005,1342,80700,115
647,20181005,1343,80800,59
648,20181005,1344,80700,18
649,20181005,1345,80700,54
650,20181005,1346,80700,43
651,20181005,1347,80800,13
652,20181005,1348,80800,31
653,20181005,1350,80800,151
654,20181005,1351,80800,15
655,20181005,1352,80800,12
656,20181005,1353,80700,628
657,20181005,1354,80500,81
658,20181005,1355,80400,177
659,20181005,1356,80500,41
660,20181005,1357,80600,41
661,20181005,1358,80700,311
662,20181005,1359,80600,30
663,20181005,1400,80600,5
664,20181005,1401,80700,82
665,20181005,1402,80600,31
666,20181005,1403,80600,25
667,20181005,1404,80600,24
668,20181005,1405,80600,368
669,20181005,1406,80300,543
670,20181005,1407,80300,72
671,20181005,1408,80400,822
672,20181005,1409,80100,1237
673,20181005,1410,80000,23
674,20181005,1411,80100,70
675,20181005,1412,80200,139
676,20181005,1413,80000,49
677,20181005,1414,80000,14
678,20181005,1415,80000,206
679,20181005,1416,80000,927
680,20181005,1417,79700,750
681,20181005,1418,79800,406
682,20181005,1419,79800,416
683,20181005,1420,79900,39
684,20181005,1421,79900,106
685,20181005,1422,79900,242
686,20181005,1423,79900,73
687,20181005,1424,80000,82
688,20181005,1425,79900,34
689,20181005,1426,80000,104
690,20181005,1427,80000,747
691,20181005,1428,79700,75
692,20181005,1429,79900,17
693,20181005,1430,79800,143
694,20181005,1431,79800,109
695,20181005,1432,79700,466
696,20181005,1433,79700,356
697,20181005,1434,79600,20
698,20181005,1435,79600,383
699,20181005,1436,79700,497
700,20181005,1437,79700,43
701,20181005,1438,79800,229
702,20181005,1439,79700,240
703,20181005,1440,79600,101
704,20181005,1441,79800,53
705,20181005,1442,79900,276
706,20181005,1443,80100,118
707,20181005,1444,80000,30
708,20181005,1445,80000,361
709,20181005,1446,79900,620
710,20181005,1447,80100,20
711,20181005,1448,80100,90
712,20181005,1449,80100,330
713,20181005,1450,80100,147
714,20181005,1451,80300,87
715,20181005,1452,80300,507
716,20181005,1453,79900,106
717,20181005,1454,79800,45
718,20181005,1455,79800,4
719,20181005,1456,79800,127
720,20181005,1457,79800,177
721,20181005,1458,79900,61
722,20181005,1459,79800,183
723,20181005,1500,79800,236
724,20181005,1501,79700,44
725,20181005,1502,79800,51
726,20181005,1503,79900,1
727,20181005,1504,79900,69
728,20181005,1505,79900,29
729,20181005,1506,79900,67
730,20181005,1507,79900,27
731,20181005,1508,79800,364
732,20181005,1509,79900,169
733,20181005,1510,79800,115
734,20181005,1511,79900,56
735,20181005,1512,79900,692
736,20181005,1513,80100,93
737,20181005,1514,80000,111
738,20181005,1515,80100,83
739,20181005,1516,80100,86
740,20181005,1517,80100,1176
741,20181005,1518,80100,155
742,20181005,1519,80100,581
743,20181005,1520,80200,209
744,20181005,1530,80100,1856
0,20181008,901,79200,701
1,20181008,902,79300,721
2,20181008,903,79300,17
3,20181008,904,79300,547
4,20181008,905,79500,182
5,20181008,906,79300,2
6,20181008,907,79200,257
7,20181008,908,79100,66
8,20181008,909,79000,117
9,20181008,910,79000,319
10,20181008,911,79800,515
11,20181008,912,80300,54
12,20181008,913,80400,26
13,20181008,914,80500,59
14,20181008,915,80400,5
15,20181008,916,80200,107
16,20181008,917,79700,22
17,20181008,918,80100,54
18,20181008,919,79800,66
19,20181008,921,79900,146
20,20181008,922,79900,8
21,20181008,924,79800,81
22,20181008,925,79900,5
23,20181008,927,80000,313
24,20181008,928,80300,5
25,20181008,929,80500,7
26,20181008,931,80500,5
27,20181008,932,80500,8
28,20181008,934,80500,101
29,20181008,935,80600,2
30,20181008,936,80500,292
31,20181008,937,80500,99
32,20181008,938,80600,18
33,20181008,939,80600,86
34,20181008,940,80600,46
35,20181008,941,80700,591
36,20181008,942,81200,85
37,20181008,943,81300,284
38,20181008,944,81400,108
39,20181008,945,81300,121
40,20181008,946,81300,32
41,20181008,947,81400,43
42,20181008,948,81300,9
43,20181008,949,81400,145
44,20181008,950,81500,92
45,20181008,951,81500,480
46,20181008,952,81600,122
47,20181008,953,81600,116
48,20181008,954,81600,122
49,20181008,955,81500,735
50,20181008,956,81400,1922
51,20181008,957,81100,36
52,20181008,958,81100,210
53,20181008,959,81100,16
54,20181008,1001,81100,184
55,20181008,1002,80900,53
56,20181008,1003,80900,42
57,20181008,1004,80900,130
58,20181008,1005,80900,51
59,20181008,1006,81000,6
60,20181008,1007,81100,334
61,20181008,1008,81200,379
62,20181008,1010,81400,494
63,20181008,1011,81500,85
64,20181008,1012,81500,10
65,20181008,1013,81500,80
66,20181008,1014,81500,1
67,20181008,1016,81600,125
68,20181008,1018,81600,72
69,20181008,1019,81500,429
70,20181008,1020,81300,138
71,20181008,1021,81400,53
72,20181008,1022,81500,320
73,20181008,1023,81500,380
74,20181008,1024,81700,160
75,20181008,1025,81700,26
76,20181008,1026,81700,18
77,20181008,1027,81700,6
78,20181008,1028,81600,30
79,20181008,1029,81600,17
80,20181008,1030,81600,331
81,20181008,1031,81500,215
82,20181008,1032,81600,35
83,20181008,1034,81600,205
84,20181008,1035,81600,191
85,20181008,1036,81300,152
86,20181008,1037,81200,117
87,20181008,1038,81200,111
88,20181008,1039,81500,1
89,20181008,1043,81500,43
90,20181008,1044,81400,413
91,20181008,1045,81300,24
92,20181008,1046,81300,50
93,20181008,1047,81300,147
94,20181008,1048,81300,3
95,20181008,1049,81300,12
96,20181008,1050,81400,115
97,20181008,1051,81400,2544
98,20181008,1052,81400,23
99,20181008,1053,81300,216
100,20181008,1054,80900,115
101,20181008,1055,81000,2
102,20181008,1056,80900,22
103,20181008,1057,80900,99
104,20181008,1058,81000,2
105,20181008,1059,81000,102
106,20181008,1100,80900,105
107,20181008,1101,80700,123
108,20181008,1102,80700,30
109,20181008,1103,80700,27
110,20181008,1104,80800,49
111,20181008,1106,80800,43
112,20181008,1107,80700,115
113,20181008,1109,80700,35
114,20181008,1110,80800,65
115,20181008,1111,80800,1
116,20181008,1114,80700,660
117,20181008,1116,80700,5
118,20181008,1117,80700,138
119,20181008,1119,80600,89
120,20181008,1120,80600,209
121,20181008,1121,80500,34
122,20181008,1123,80500,217
123,20181008,1124,80900,11
124,20181008,1126,80900,55
125,20181008,1127,80800,346
126,20181008,1128,80700,44
127,20181008,1129,80700,12
128,20181008,1133,80700,179
129,20181008,1136,80600,5
130,20181008,1137,80600,481
131,20181008,1138,80300,51
132,20181008,1140,80200,180
133,20181008,1142,80200,2
134,20181008,1143,80300,209
135,20181008,1144,80200,5
136,20181008,1145,80200,143
137,20181008,1146,80200,5
138,20181008,1147,80100,17
139,20181008,1150,80100,183
140,20181008,1153,80100,119
141,20181008,1154,80100,21
142,20181008,1155,80200,490
143,20181008,1157,80400,252
144,20181008,1158,80300,109
145,20181008,1159,80300,33
146,20181008,1201,80300,57
147,20181008,1202,80300,58
148,20181008,1204,80300,6
149,20181008,1207,80200,574
150,20181008,1208,80100,51
151,20181008,1209,80100,1
152,20181008,1210,80100,1031
153,20181008,1211,80100,101
154,20181008,1212,80000,20
155,20181008,1213,80000,243
156,20181008,1216,80100,380
157,20181008,1217,80100,8
158,20181008,1218,80100,12
159,20181008,1219,80100,75
160,20181008,1220,80100,73
161,20181008,1221,80000,24
162,20181008,1222,80100,33
163,20181008,1223,80200,2
164,20181008,1225,80100,102
165,20181008,1226,80100,38
166,20181008,1228,80100,11
167,20181008,1229,80000,2
168,20181008,1233,80100,244
169,20181008,1235,80100,303
170,20181008,1237,80300,64
171,20181008,1238,80200,61
172,20181008,1241,80200,1
173,20181008,1242,80200,1
174,20181008,1243,80200,99
175,20181008,1245,80200,302
176,20181008,1246,80100,114
177,20181008,1247,80000,10
178,20181008,1248,80100,6
179,20181008,1249,80000,375
180,20181008,1250,80100,2
181,20181008,1251,80000,5
182,20181008,1252,80000,87
183,20181008,1253,80000,20
184,20181008,1255,80000,21
185,20181008,1256,80000,195
186,20181008,1257,79900,338
187,20181008,1258,79800,52
188,20181008,1259,79700,24
189,20181008,1300,79700,315
190,20181008,1301,79900,39
191,20181008,1302,79900,7
192,20181008,1303,79900,164
193,20181008,1304,80000,57
194,20181008,1305,80000,17
195,20181008,1306,80000,24
196,20181008,1307,80000,1
197,20181008,1310,80000,5
198,20181008,1313,80000,1
199,20181008,1314,80000,16
200,20181008,1315,79900,76
201,20181008,1316,79900,30
202,20181008,1317,79900,5
203,20181008,1319,79900,194
204,20181008,1320,80000,2
205,20181008,1321,80000,36
206,20181008,1322,79900,165
207,20181008,1324,79900,70
208,20181008,1325,79900,295
209,20181008,1326,79900,73
210,20181008,1327,79800,469
211,20181008,1328,79800,259
212,20181008,1329,79800,82
213,20181008,1330,79800,14
214,20181008,1331,79900,37
215,20181008,1332,79800,29
216,20181008,1334,79900,26
217,20181008,1335,79800,446
218,20181008,1336,79900,12
219,20181008,1339,79900,20
220,20181008,1340,80000,4
221,20181008,1341,80000,65
222,20181008,1342,80000,233
223,20181008,1343,80000,108
224,20181008,1344,80000,3
225,20181008,1345,80000,178
226,20181008,1346,80000,3
227,20181008,1347,80000,3
228,20181008,1348,79800,192
229,20181008,1349,79800,86
230,20181008,1350,79900,10
231,20181008,1351,79900,9
232,20181008,1352,79700,183
233,20181008,1354,79900,9
234,20181008,1355,79900,25
235,20181008,1356,79900,14
236,20181008,1357,79900,37
237,20181008,1358,79900,22
238,20181008,1359,79900,129
239,20181008,1401,79900,1
240,20181008,1402,79900,20
241,20181008,1403,79900,1
242,20181008,1405,79900,87
243,20181008,1406,79900,101
244,20181008,1407,79900,10
245,20181008,1408,79900,69
246,20181008,1409,79900,11
247,20181008,1410,79900,14
248,20181008,1411,79900,606
249,20181008,1412,80300,465
250,20181008,1414,80100,2
251,20181008,1415,80200,2
252,20181008,1416,80100,18
253,20181008,1417,80200,11
254,20181008,1418,80100,120
255,20181008,1419,80100,131
256,20181008,1420,80200,2
257,20181008,1421,80200,5
258,20181008,1422,80100,4
259,20181008,1423,80200,77
260,20181008,1424,80200,5
261,20181008,1425,80200,175
262,20181008,1426,80200,14
263,20181008,1427,80200,27
264,20181008,1428,80200,187
265,20181008,1429,80100,13
266,20181008,1430,80100,124
267,20181008,1431,80100,155
268,20181008,1432,80000,16
269,20181008,1433,80000,16
270,20181008,1434,80000,213
271,20181008,1435,80000,9
272,20181008,1436,80000,16
273,20181008,1437,80000,136
274,20181008,1438,80100,31
275,20181008,1439,80100,74
276,20181008,1440,80100,28
277,20181008,1441,80100,28
278,20181008,1442,80100,280
279,20181008,1443,80200,120
280,20181008,1444,80400,114
281,20181008,1445,80300,15
282,20181008,1446,80300,154
283,20181008,1447,80200,95
284,20181008,1448,80200,61
285,20181008,1449,80100,177
286,20181008,1450,80200,75
287,20181008,1451,80200,55
288,20181008,1452,80200,45
289,20181008,1453,80200,110
290,20181008,1454,80200,190
291,20181008,1455,80100,21
292,20181008,1456,80100,19
293,20181008,1457,80100,112
294,20181008,1458,80100,141
295,20181008,1459,80100,33
296,20181008,1500,80000,77
297,20181008,1501,80000,146
298,20181008,1502,80000,69
299,20181008,1503,80000,208
300,20181008,1504,80000,197
301,20181008,1505,79900,390
302,20181008,1506,79800,129
303,20181008,1507,79800,37
304,20181008,1508,79800,334
305,20181008,1509,79800,48
306,20181008,1510,79800,68
307,20181008,1511,79800,324
308,20181008,1512,79700,124
309,20181008,1513,79700,227
310,20181008,1514,79600,111
311,20181008,1515,79500,572
312,20181008,1516,79600,173
313,20181008,1517,79600,144
314,20181008,1518,79700,136
315,20181008,1519,79700,38
316,20181008,1520,79700,1301
317,20181008,1530,79500,2048
0,20181010,901,78500,2209
1,20181010,902,79400,95
2,20181010,903,79800,675
3,20181010,904,80100,119
4,20181010,905,80200,140
5,20181010,906,80400,129
6,20181010,907,80600,70
7,20181010,908,80500,262
8,20181010,909,80300,252
9,20181010,910,80400,153
10,20181010,911,80300,143
11,20181010,912,80400,205
12,20181010,913,80300,363
13,20181010,914,80200,343
14,20181010,915,80100,297
15,20181010,916,80000,45
16,20181010,917,80000,3497
17,20181010,918,81000,389
18,20181010,919,80900,658
19,20181010,920,80700,1144
20,20181010,921,81100,1425
21,20181010,922,81600,1408
22,20181010,923,81200,10
23,20181010,924,81200,466
24,20181010,925,81100,126
25,20181010,926,81100,1049
26,20181010,927,81700,2247
27,20181010,928,81400,1777
28,20181010,929,81900,882
29,20181010,930,81200,1732
30,20181010,931,81200,1631
31,20181010,932,81500,1209
32,20181010,933,81500,1454
33,20181010,934,81500,3702
34,20181010,935,82500,1489
35,20181010,936,82400,1250
36,20181010,937,82500,483
37,20181010,938,82200,270
38,20181010,939,82000,559
39,20181010,940,81900,240
40,20181010,941,81700,129
41,20181010,942,81700,204
42,20181010,943,81600,255
43,20181010,944,81400,299
44,20181010,945,81500,42
45,20181010,946,81800,56
46,20181010,947,81800,117
47,20181010,948,81700,101
48,20181010,949,81700,77
49,20181010,950,81600,37
50,20181010,951,81600,104
51,20181010,952,81500,397
52,20181010,953,81400,111
53,20181010,954,81300,250
54,20181010,955,81600,580
55,20181010,956,81700,37
56,20181010,958,81700,256
57,20181010,959,81900,256
58,20181010,1000,82300,216
59,20181010,1001,82200,542
60,20181010,1002,81700,108
61,20181010,1003,81700,67
62,20181010,1004,81700,317
63,20181010,1005,81500,29
64,20181010,1006,81500,334
65,20181010,1007,81600,6
66,20181010,1008,81600,316
67,20181010,1009,81900,140
68,20181010,1010,81900,651
69,20181010,1011,81300,534
70,20181010,1012,81000,160
71,20181010,1013,81000,200
72,20181010,1015,81000,358
73,20181010,1016,81000,217
74,20181010,1017,81000,157
75,20181010,1018,80900,8
76,20181010,1019,81000,26
77,20181010,1020,81000,31
78,20181010,1021,81100,4
79,20181010,1022,81100,132
80,20181010,1023,81100,417
81,20181010,1024,81200,39
82,20181010,1025,81200,231
83,20181010,1026,81300,117
84,20181010,1027,81300,414
85,20181010,1028,81300,284
86,20181010,1029,81200,10
87,20181010,1030,81300,8
88,20181010,1031,81300,295
89,20181010,1032,81300,44
90,20181010,1033,81400,258
91,20181010,1034,81500,339
92,20181010,1035,81500,479
93,20181010,1036,81400,10
94,20181010,1037,81400,297
95,20181010,1038,81300,70
96,20181010,1039,81300,13
97,20181010,1040,81200,1305
98,20181010,1041,81000,18
99,20181010,1043,81000,72
100,20181010,1044,81000,170
101,20181010,1045,81000,118
102,20181010,1046,81200,319
103,20181010,1047,81300,126
104,20181010,1049,81300,15
105,20181010,1050,81300,32
106,20181010,1051,81300,34
107,20181010,1052,81300,29
108,20181010,1053,81300,38
109,20181010,1054,81300,24
110,20181010,1055,81300,36
111,20181010,1056,81300,27
112,20181010,1057,81300,1862
113,20181010,1058,80900,161
114,20181010,1059,80700,81
115,20181010,1100,80800,1002
116,20181010,1101,80900,142
117,20181010,1103,81000,104
118,20181010,1104,80900,41
119,20181010,1105,80900,169
120,20181010,1106,80900,80
121,20181010,1107,80900,259
122,20181010,1108,80800,1160
123,20181010,1109,80700,216
124,20181010,1110,80500,222
125,20181010,1111,80400,2
126,20181010,1112,80500,98
127,20181010,1113,80600,104
128,20181010,1114,80600,27
129,20181010,1115,80500,128
130,20181010,1116,80700,130
131,20181010,1117,80800,44
132,20181010,1118,80800,293
133,20181010,1119,80900,19
134,20181010,1120,80900,29
135,20181010,1121,80900,196
136,20181010,1122,80900,7
137,20181010,1123,80900,1
138,20181010,1124,80900,62
139,20181010,1125,80800,284
140,20181010,1126,80800,39
141,20181010,1127,80700,171
142,20181010,1128,80700,56
143,20181010,1129,80700,72
144,20181010,1130,80700,10
145,20181010,1131,80800,22
146,20181010,1132,80700,3
147,20181010,1133,80800,34
148,20181010,1134,80700,2
149,20181010,1135,80700,63
150,20181010,1136,80700,31
151,20181010,1137,80700,4
152,20181010,1138,80800,28
153,20181010,1139,80800,18
154,20181010,1140,80700,189
155,20181010,1141,80700,79
156,20181010,1142,80700,1
157,20181010,1143,80800,16
158,20181010,1144,80800,27
159,20181010,1145,80800,119
160,20181010,1146,80700,568
161,20181010,1147,80700,54
162,20181010,1149,80700,81
163,20181010,1150,80700,25
164,20181010,1151,80600,81
165,20181010,1152,80700,19
166,20181010,1153,80700,466
167,20181010,1154,80800,18
168,20181010,1155,80800,11
169,20181010,1156,80900,212
170,20181010,1157,80700,50
171,20181010,1159,80700,944
172,20181010,1200,80600,1
173,20181010,1201,80500,133
174,20181010,1204,80600,132
175,20181010,1205,80600,402
176,20181010,1206,80800,49
177,20181010,1209,80700,143
178,20181010,1210,80800,1
179,20181010,1213,80700,277
180,20181010,1214,80700,31
181,20181010,1217,80700,30
182,20181010,1218,80700,78
183,20181010,1221,80800,321
184,20181010,1222,80800,221
185,20181010,1223,80800,204
186,20181010,1224,80800,258
187,20181010,1225,80800,7
188,20181010,1226,80800,41
189,20181010,1227,80700,98
190,20181010,1228,80600,263
191,20181010,1230,80600,23
192,20181010,1231,80600,402
193,20181010,1232,80600,14
194,20181010,1233,80500,47
195,20181010,1235,80400,381
196,20181010,1236,80300,556
197,20181010,1237,80300,814
198,20181010,1238,80300,337
199,20181010,1241,80300,94
200,20181010,1242,80300,7
201,20181010,1243,80300,51
202,20181010,1244,80300,99
203,20181010,1245,80300,112
204,20181010,1246,80500,24
205,20181010,1247,80400,20
206,20181010,1248,80500,36
207,20181010,1250,80500,1
208,20181010,1252,80500,6
209,20181010,1253,80400,290
210,20181010,1254,80500,1
211,20181010,1255,80600,180
212,20181010,1256,80700,26
213,20181010,1259,80600,2
214,20181010,1301,80600,2
215,20181010,1304,80600,702
216,20181010,1306,80600,44
217,20181010,1307,80700,15
218,20181010,1308,80600,137
219,20181010,1310,80500,1
220,20181010,1311,80600,119
221,20181010,1313,80600,20
222,20181010,1316,80600,230
223,20181010,1318,80600,7
224,20181010,1319,80600,288
225,20181010,1321,80600,1
226,20181010,1322,80600,100
227,20181010,1323,80600,250
228,20181010,1324,80700,2
229,20181010,1327,80600,688
230,20181010,1328,80500,105
231,20181010,1329,80600,726
232,20181010,1331,80500,11
233,20181010,1332,80500,12
234,20181010,1333,80500,6
235,20181010,1334,80500,72
236,20181010,1335,80500,7
237,20181010,1336,80500,66
238,20181010,1337,80500,58
239,20181010,1338,80400,12
240,20181010,1339,80500,28
241,20181010,1340,80400,795
242,20181010,1341,80300,40
243,20181010,1342,80200,884
244,20181010,1343,80100,184
245,20181010,1344,79900,207
246,20181010,1346,79900,26
247,20181010,1347,79800,283
248,20181010,1348,79800,18
249,20181010,1349,79700,2563
250,20181010,1350,79100,504
251,20181010,1351,79300,226
252,20181010,1352,79400,21
253,20181010,1353,79400,204
254,20181010,1354,79400,86
255,20181010,1356,79500,1
256,20181010,1357,79500,216
257,20181010,1358,79600,18
258,20181010,1359,79600,257
259,20181010,1400,79800,5
260,20181010,1401,79700,46
261,20181010,1402,79600,1
262,20181010,1403,79700,20
263,20181010,1404,79600,317
264,20181010,1405,79600,311
265,20181010,1406,79500,266
266,20181010,1407,79500,190
267,20181010,1408,79500,8
268,20181010,1409,79500,56
269,20181010,1410,79500,59
270,20181010,1411,79500,243
271,20181010,1412,79500,392
272,20181010,1413,79500,346
273,20181010,1414,79500,34
274,20181010,1415,79500,5
275,20181010,1416,79400,145
276,20181010,1417,79500,584
277,20181010,1418,79400,127
278,20181010,1419,79500,126
279,20181010,1420,79500,123
280,20181010,1421,79500,944
281,20181010,1422,79900,178
282,20181010,1423,79900,336
283,20181010,1424,79800,216
284,20181010,1425,79600,624
285,20181010,1426,79500,111
286,20181010,1427,79600,189
287,20181010,1428,79600,57
288,20181010,1429,79500,110
289,20181010,1430,79500,474
290,20181010,1431,79500,110
291,20181010,1432,79600,111
292,20181010,1433,79500,346
293,20181010,1434,79400,28
294,20181010,1435,79500,259
295,20181010,1436,79400,129
296,20181010,1437,79400,260
297,20181010,1438,79400,229
298,20181010,1439,79300,587
299,20181010,1440,79200,502
300,20181010,1441,79200,313
301,20181010,1442,79200,254
302,20181010,1443,79300,236
303,20181010,1444,79100,230
304,20181010,1445,79200,199
305,20181010,1446,79200,121
306,20181010,1447,79300,487
307,20181010,1448,79400,135
308,20181010,1449,79400,135
309,20181010,1450,79400,164
310,20181010,1451,79500,113
311,20181010,1452,79400,726
312,20181010,1453,79400,1017
313,20181010,1454,79100,954
314,20181010,1455,79000,190
315,20181010,1456,79000,598
316,20181010,1457,78900,163
317,20181010,1458,79000,136
318,20181010,1459,78900,133
319,20181010,1500,79000,157
320,20181010,1501,79000,475
321,20181010,1502,79100,1776
322,20181010,1503,78700,268
323,20181010,1504,78800,30
324,20181010,1505,78900,224
325,20181010,1506,78900,865
326,20181010,1507,78800,344
327,20181010,1508,78700,445
328,20181010,1509,78800,166
329,20181010,1510,78700,648
330,20181010,1511,78800,481
331,20181010,1512,78800,686
332,20181010,1513,78800,993
333,20181010,1514,79000,173
334,20181010,1515,79100,298
335,20181010,1516,79000,199
336,20181010,1517,79000,448
337,20181010,1518,79100,1674
338,20181010,1519,78800,133
339,20181010,1520,79000,471
340,20181010,1530,79100,3335
341,20181011,901,77700,1287
342,20181011,902,77800,859
343,20181011,903,77600,334
344,20181011,904,77800,3030
345,20181011,905,78000,1578
346,20181011,906,79000,614
347,20181011,907,78400,430
348,20181011,908,77800,867
349,20181011,909,78000,2183
350,20181011,910,78300,341
351,20181011,911,78300,3
352,20181011,912,78300,151
353,20181011,913,78200,491
354,20181011,914,78100,183
355,20181011,915,77900,360
356,20181011,916,77700,330
357,20181011,917,77600,1788
358,20181011,918,77300,203
359,20181011,919,77100,359
360,20181011,920,77300,82
361,20181011,921,77400,53
362,20181011,922,77400,165
363,20181011,923,77400,436
364,20181011,924,77400,1914
365,20181011,925,77000,100
366,20181011,926,77100,148
367,20181011,927,77000,232
368,20181011,928,77400,38
369,20181011,929,77500,16
370,20181011,930,77500,226
371,20181011,931,77700,2
372,20181011,932,77600,26
373,20181011,933,77600,428
374,20181011,934,77800,26
375,20181011,935,77900,108
376,20181011,936,77900,34
377,20181011,937,77700,11
378,20181011,938,77800,113
379,20181011,939,77900,2
380,20181011,940,77900,162
381,20181011,941,77700,1
382,20181011,942,77700,10
383,20181011,943,77800,35
384,20181011,944,77800,57
385,20181011,945,77900,249
386,20181011,946,78000,141
387,20181011,947,78000,258
388,20181011,948,78000,157
389,20181011,949,77900,63
390,20181011,950,77800,32
391,20181011,951,77900,14
392,20181011,952,77900,146
393,20181011,953,77900,157
394,20181011,954,77900,41
395,20181011,955,77900,1
396,20181011,956,77900,9
397,20181011,957,77800,5
398,20181011,958,77800,417
399,20181011,959,77400,49
400,20181011,1000,77500,15
401,20181011,1001,77500,114
402,20181011,1002,77500,70
403,20181011,1003,77500,146
404,20181011,1004,77600,5
405,20181011,1005,77500,25
406,20181011,1006,77600,10
407,20181011,1007,77600,77
408,20181011,1008,77500,144
409,20181011,1009,77600,8
410,20181011,1010,77500,130
411,20181011,1011,77500,506
412,20181011,1012,77500,42
413,20181011,1013,77500,130
414,20181011,1014,77500,389
415,20181011,1015,77500,19
416,20181011,1016,77600,5
417,20181011,1017,77600,93
418,20181011,1018,77500,340
419,20181011,1019,77600,27
420,20181011,1020,77800,26
421,20181011,1021,77800,81
422,20181011,1022,77700,68
423,20181011,1023,77600,2
424,20181011,1024,77600,22
425,20181011,1025,77600,171
426,20181011,1026,77600,6
427,20181011,1027,77600,19
428,20181011,1028,77500,261
429,20181011,1029,77500,169
430,20181011,1030,77400,553
431,20181011,1031,77300,403
432,20181011,1032,77200,32
433,20181011,1033,77300,399
434,20181011,1034,77600,1
435,20181011,1035,77500,149
436,20181011,1036,77600,6
437,20181011,1037,77500,38
438,20181011,1038,77500,10
439,20181011,1039,77500,181
440,20181011,1040,77400,2
441,20181011,1041,77400,59
442,20181011,1042,77300,3
443,20181011,1043,77300,905
444,20181011,1044,77400,700
445,20181011,1045,77600,241
446,20181011,1046,77700,2
447,20181011,1047,77700,1
448,20181011,1048,77700,111
449,20181011,1050,77600,40
450,20181011,1051,77700,63
451,20181011,1052,77700,248
452,20181011,1053,77600,457
453,20181011,1054,77600,101
454,20181011,1055,77600,150
455,20181011,1056,77600,6
456,20181011,1057,77600,125
457,20181011,1058,77500,22
458,20181011,1059,77600,21
459,20181011,1100,77600,170
460,20181011,1101,77600,110
461,20181011,1102,77800,19
462,20181011,1103,77800,10
463,20181011,1104,77800,4
464,20181011,1105,77800,367
465,20181011,1106,77700,52
466,20181011,1107,77600,2
467,20181011,1108,77600,15
468,20181011,1109,77700,11
469,20181011,1110,77700,93
470,20181011,1111,77800,404
471,20181011,1112,77900,497
472,20181011,1113,78000,8
473,20181011,1114,77900,2
474,20181011,1115,77900,4
475,20181011,1116,78000,48
476,20181011,1117,77900,61
477,20181011,1118,78000,139
478,20181011,1119,77900,26
479,20181011,1120,78000,12
480,20181011,1121,77900,23
481,20181011,1122,77900,12
482,20181011,1123,78000,47
483,20181011,1124,78000,240
484,20181011,1125,78100,3
485,20181011,1127,78100,14
486,20181011,1128,78100,1
487,20181011,1129,78100,6
488,20181011,1130,78000,20
489,20181011,1131,78100,21
490,20181011,1132,78100,1139
491,20181011,1133,77900,30
492,20181011,1134,77900,203
493,20181011,1135,77800,239
494,20181011,1136,77700,3
495,20181011,1137,77700,98
496,20181011,1139,77800,15
497,20181011,1140,77800,8
498,20181011,1142,77700,7
499,20181011,1143,77700,103
500,20181011,1144,77800,13
501,20181011,1145,77700,261
502,20181011,1146,77700,21
503,20181011,1147,77600,211
504,20181011,1149,77600,71
505,20181011,1150,77500,320
506,20181011,1151,77500,10
507,20181011,1152,77500,25
508,20181011,1153,77500,16
509,20181011,1154,77500,130
510,20181011,1155,77500,41
511,20181011,1156,77400,2
512,20181011,1157,77400,203
513,20181011,1158,77400,19
514,20181011,1159,77400,114
515,20181011,1200,77400,39
516,20181011,1201,77400,132
517,20181011,1202,77400,274
518,20181011,1203,77300,90
519,20181011,1205,77400,117
520,20181011,1206,77300,114
521,20181011,1207,77300,31
522,20181011,1208,77200,281
523,20181011,1209,77200,2013
524,20181011,1210,77000,1479
525,20181011,1211,77000,20
526,20181011,1212,77100,79
527,20181011,1213,77100,238
528,20181011,1214,77000,132
529,20181011,1215,77100,48
530,20181011,1216,77000,32
531,20181011,1217,77000,204
532,20181011,1218,77000,262
533,20181011,1219,76900,755
534,20181011,1220,76800,123
535,20181011,1221,76800,67
536,20181011,1222,76900,363
537,20181011,1223,77000,1
538,20181011,1224,76900,9
539,20181011,1225,76900,197
540,20181011,1226,76900,308
541,20181011,1227,76900,1
542,20181011,1228,76800,166
543,20181011,1229,76800,9
544,20181011,1230,76800,75
545,20181011,1231,76900,244
546,20181011,1232,76700,540
547,20181011,1233,76700,18
548,20181011,1234,76700,28
549,20181011,1235,76700,47
550,20181011,1236,76700,14
551,20181011,1237,76700,198
552,20181011,1238,76600,239
553,20181011,1240,76800,108
554,20181011,1242,76800,175
555,20181011,1243,76900,20
556,20181011,1244,76800,45
557,20181011,1245,76900,1
558,20181011,1246,76800,190
559,20181011,1247,76800,19
560,20181011,1248,76800,6
561,20181011,1250,76900,9
562,20181011,1251,76900,6
563,20181011,1252,76900,41
564,20181011,1253,76900,10
565,20181011,1254,76900,13
566,20181011,1255,76800,50
567,20181011,1256,76800,15
568,20181011,1257,76900,403
569,20181011,1258,76900,814
570,20181011,1259,76900,10
571,20181011,1300,76900,6
572,20181011,1301,77000,20
573,20181011,1303,77000,836
574,20181011,1304,76900,186
575,20181011,1305,77000,4
576,20181011,1306,77000,20
577,20181011,1307,76900,232
578,20181011,1308,76900,478
579,20181011,1309,76700,1
580,20181011,1310,76800,1
581,20181011,1311,76800,17
582,20181011,1312,76700,10
583,20181011,1313,76700,2
584,20181011,1314,76800,6
585,20181011,1315,76800,11
586,20181011,1318,76800,16
587,20181011,1319,76700,6
588,20181011,1320,76800,41
589,20181011,1321,76700,2
590,20181011,1322,76800,1635
591,20181011,1323,76500,605
592,20181011,1324,76400,80
593,20181011,1325,76400,182
594,20181011,1326,76300,243
595,20181011,1327,76300,977
596,20181011,1328,76200,102
597,20181011,1329,76200,15
598,20181011,1330,76100,65
599,20181011,1331,76100,13
600,20181011,1332,76100,1512
601,20181011,1333,76100,1896
602,20181011,1334,76400,35
603,20181011,1335,76400,157
604,20181011,1336,76400,73
605,20181011,1337,76300,386
606,20181011,1338,76400,577
607,20181011,1339,76600,213
608,20181011,1340,76700,37
609,20181011,1341,76700,194
610,20181011,1342,76700,1
611,20181011,1343,76800,28
612,20181011,1344,76800,115
613,20181011,1345,76800,4
614,20181011,1346,76800,412
615,20181011,1347,76800,327
616,20181011,1348,77000,335
617,20181011,1349,77000,117
618,20181011,1350,77000,106
619,20181011,1351,77000,1
620,20181011,1353,77100,110
621,20181011,1354,77100,10
622,20181011,1355,77100,41
623,20181011,1356,77100,14
624,20181011,1357,77100,88
625,20181011,1358,77100,45
626,20181011,1359,77100,8
627,20181011,1400,77100,258
628,20181011,1401,77100,312
629,20181011,1402,77200,177
630,20181011,1403,77200,5
631,20181011,1404,77200,45
632,20181011,1405,77200,25
633,20181011,1406,77200,18
634,20181011,1407,77200,19
635,20181011,1408,77200,1150
636,20181011,1409,76800,177
637,20181011,1410,76800,28
638,20181011,1411,76800,11
639,20181011,1412,76800,3
640,20181011,1413,76700,18
641,20181011,1414,76700,10
642,20181011,1415,76700,444
643,20181011,1416,76700,52
644,20181011,1417,76700,7
645,20181011,1418,76700,78
646,20181011,1419,76600,22
647,20181011,1420,76700,5
648,20181011,1421,76600,20
649,20181011,1422,76600,1115
650,20181011,1423,76600,31
651,20181011,1424,76600,695
652,20181011,1425,76700,256
653,20181011,1426,77000,2
654,20181011,1427,77000,12
655,20181011,1428,77000,454
656,20181011,1429,76700,3
657,20181011,1430,76600,123
658,20181011,1431,76600,196
659,20181011,1432,76600,198
660,20181011,1433,76600,608
661,20181011,1434,76400,942
662,20181011,1435,76200,480
663,20181011,1436,76200,63
664,20181011,1437,76100,114
665,20181011,1438,76200,23
666,20181011,1439,76200,421
667,20181011,1440,76400,237
668,20181011,1441,76300,95
669,20181011,1442,76700,56
670,20181011,1443,76700,13
671,20181011,1444,76800,110
672,20181011,1445,76700,9
673,20181011,1446,76700,15
674,20181011,1447,76600,355
675,20181011,1448,76500,27
676,20181011,1449,76600,66
677,20181011,1450,76500,90
678,20181011,1451,76600,55
679,20181011,1452,76600,32
680,20181011,1453,76500,217
681,20181011,1454,76500,108
682,20181011,1455,76500,20
683,20181011,1456,76500,121
684,20181011,1457,76500,86
685,20181011,1458,76400,173
686,20181011,1459,76400,688
687,20181011,1500,76200,212
688,20181011,1501,76100,657
689,20181011,1502,76200,118
690,20181011,1503,76200,297
691,20181011,1504,76400,15
692,20181011,1505,76400,280
693,20181011,1506,76400,122
694,20181011,1507,76400,149
695,20181011,1508,76300,771
696,20181011,1509,76100,117
697,20181011,1510,76200,101
698,20181011,1511,76200,86
699,20181011,1512,76100,650
700,20181011,1513,76100,1223
701,20181011,1514,76100,275
702,20181011,1515,76100,225
703,20181011,1516,76100,704
704,20181011,1517,76100,2821
705,20181011,1518,75900,37
706,20181011,1519,75800,2150
707,20181011,1520,75900,486
708,20181011,1530,75800,16691
709,20181012,901,74300,4988
710,20181012,902,75200,458
711,20181012,903,75600,1004
712,20181012,904,76200,361
713,20181012,905,76500,378
714,20181012,906,76600,250
715,20181012,907,76400,101
716,20181012,908,76400,406
717,20181012,909,75900,328
718,20181012,910,76100,712
719,20181012,911,76300,284
720,20181012,912,76500,173
721,20181012,913,76500,51
722,20181012,914,76400,63
723,20181012,915,76300,45
724,20181012,916,76300,139
725,20181012,917,76400,767
726,20181012,918,76300,1266
727,20181012,919,75500,2072
728,20181012,920,75600,281
729,20181012,921,75900,585
730,20181012,922,76200,851
731,20181012,923,76300,578
732,20181012,924,76400,339
733,20181012,925,76100,34
734,20181012,926,76200,292
735,20181012,927,76100,4
736,20181012,928,76100,602
737,20181012,929,76300,201
738,20181012,930,76400,883
739,20181012,931,76500,229
740,20181012,932,76500,233
741,20181012,933,76600,43
742,20181012,934,76500,137
743,20181012,935,76500,140
744,20181012,936,76500,588
745,20181012,937,76600,94
746,20181012,938,76700,15
747,20181012,939,76600,274
748,20181012,940,76700,227
749,20181012,941,76700,1296
750,20181012,942,76900,99
751,20181012,943,77000,46
752,20181012,944,76900,324
753,20181012,945,76900,153
754,20181012,946,76800,123
755,20181012,947,76800,31
756,20181012,948,76700,722
757,20181012,949,76500,203
758,20181012,950,76600,8
759,20181012,951,76600,220
760,20181012,952,76700,1035
761,20181012,953,76900,193
762,20181012,954,76700,11
763,20181012,955,76900,2
764,20181012,957,76900,118
765,20181012,958,76900,9
766,20181012,959,76900,215
767,20181012,1000,77000,122
768,20181012,1001,77100,156
769,20181012,1002,77100,15
770,20181012,1003,77100,240
771,20181012,1004,77100,209
772,20181012,1005,76900,611
773,20181012,1006,76900,17
774,20181012,1007,76800,1219
775,20181012,1008,76500,674
776,20181012,1009,76600,11
777,20181012,1010,76600,337
778,20181012,1011,76700,147
779,20181012,1012,76700,1
780,20181012,1013,76700,280
781,20181012,1014,76900,438
782,20181012,1016,76600,429
783,20181012,1017,76500,2
784,20181012,1018,76500,31
785,20181012,1019,76500,253
786,20181012,1020,76600,60
787,20181012,1021,76700,20
788,20181012,1022,76700,16
789,20181012,1023,76700,51
790,20181012,1024,76700,9
791,20181012,1025,76700,8
792,20181012,1027,76700,2
793,20181012,1028,76700,2
794,20181012,1029,76700,485
795,20181012,1030,76900,89
796,20181012,1031,77000,273
797,20181012,1032,76900,52
798,20181012,1033,76900,1
799,20181012,1034,76900,245
800,20181012,1035,76700,12
801,20181012,1036,76800,5
802,20181012,1037,76800,14
803,20181012,1038,76800,432
804,20181012,1040,76900,131
805,20181012,1041,76900,48
806,20181012,1042,77000,8
807,20181012,1043,77000,597
808,20181012,1044,77000,12
809,20181012,1045,77000,127
810,20181012,1046,77000,1336
811,20181012,1047,77300,36
812,20181012,1048,77300,361
813,20181012,1049,77100,12
814,20181012,1050,77200,19
815,20181012,1051,77200,16
816,20181012,1052,77200,14
817,20181012,1053,77200,125
818,20181012,1054,77200,60
819,20181012,1055,77200,7
820,20181012,1056,77200,1
821,20181012,1057,77200,18
822,20181012,1058,77200,20
823,20181012,1059,77200,1
824,20181012,1100,77200,593
825,20181012,1101,76900,114
826,20181012,1102,77000,301
827,20181012,1103,77000,3
828,20181012,1104,77000,6
829,20181012,1105,77000,383
830,20181012,1106,77000,104
831,20181012,1107,77000,51
832,20181012,1108,77000,26
833,20181012,1109,77000,76
834,20181012,1110,77100,81
835,20181012,1111,77000,22
836,20181012,1112,77000,166
837,20181012,1113,77000,3
838,20181012,1114,77000,83
839,20181012,1115,77000,185
840,20181012,1116,77100,5
841,20181012,1117,77000,46
842,20181012,1118,77100,97
843,20181012,1119,77100,7
844,20181012,1120,77000,10
845,20181012,1121,77100,8
846,20181012,1122,77100,6
847,20181012,1123,77100,33
848,20181012,1124,77100,5
849,20181012,1125,77100,30
850,20181012,1126,77100,108
851,20181012,1127,77100,27
852,20181012,1128,77100,24
853,20181012,1129,77000,94
854,20181012,1130,77000,37
855,20181012,1131,77100,156
856,20181012,1132,77000,630
857,20181012,1133,77100,581
858,20181012,1134,77000,232
859,20181012,1135,77000,13
860,20181012,1136,77000,63
861,20181012,1137,77000,11
862,20181012,1139,77000,10
863,20181012,1140,77000,3
864,20181012,1141,77000,195
865,20181012,1142,77000,180
866,20181012,1143,77000,29
867,20181012,1145,77000,99
868,20181012,1146,77000,12
869,20181012,1147,77000,147
870,20181012,1148,77000,8
871,20181012,1149,77000,93
872,20181012,1150,76900,1175
873,20181012,1151,76700,1
874,20181012,1152,76700,16
875,20181012,1153,76700,8
876,20181012,1155,76700,310
877,20181012,1156,76500,69
878,20181012,1157,76500,6
879,20181012,1159,76400,12
880,20181012,1200,76500,6
881,20181012,1201,76500,38
882,20181012,1202,76400,10
883,20181012,1203,76400,213
884,20181012,1204,76400,615
885,20181012,1205,76500,105
886,20181012,1206,76500,135
887,20181012,1208,76600,5
888,20181012,1209,76600,23
889,20181012,1210,76600,192
890,20181012,1211,76500,349
891,20181012,1212,76300,113
892,20181012,1214,76300,6
893,20181012,1215,76300,12
894,20181012,1216,76300,14
895,20181012,1217,76300,896
896,20181012,1218,76500,209
897,20181012,1219,76800,206
898,20181012,1220,76600,16
899,20181012,1221,76600,4
900,20181012,1223,76600,6
901,20181012,1225,76600,6
902,20181012,1226,76500,1
903,20181012,1227,76600,14
904,20181012,1230,76600,10
905,20181012,1231,76600,93
906,20181012,1232,76600,4
907,20181012,1233,76500,6
908,20181012,1234,76600,15
909,20181012,1235,76600,57
910,20181012,1236,76600,97
911,20181012,1237,76600,7
912,20181012,1238,76600,23
913,20181012,1239,76600,4
914,20181012,1240,76600,18
915,20181012,1241,76600,24
916,20181012,1242,76600,11
917,20181012,1243,76600,120
918,20181012,1244,76600,872
919,20181012,1245,77000,14
920,20181012,1246,77000,8
921,20181012,1247,77000,299
922,20181012,1249,77100,13
923,20181012,1250,77100,27
924,20181012,1251,77100,3
925,20181012,1252,77100,785
926,20181012,1253,76700,20
927,20181012,1254,76900,42
928,20181012,1255,76900,1
929,20181012,1256,76900,5
930,20181012,1257,76900,20
931,20181012,1258,76900,124
932,20181012,1259,77000,3
933,20181012,1301,77000,15
934,20181012,1302,77000,65
935,20181012,1303,77000,17
936,20181012,1304,77000,12
937,20181012,1305,77000,11
938,20181012,1306,77000,6
939,20181012,1307,77000,80
940,20181012,1308,77000,263
941,20181012,1309,77000,39
942,20181012,1310,77100,6
943,20181012,1311,77000,1
944,20181012,1312,77100,27
945,20181012,1313,77100,93
946,20181012,1314,77100,22
947,20181012,1315,77100,13
948,20181012,1316,77100,29
949,20181012,1317,77100,6
950,20181012,1318,77100,9
951,20181012,1319,77100,5
952,20181012,1320,77100,6
953,20181012,1321,77100,233
954,20181012,1322,77000,1207
955,20181012,1323,77000,1191
956,20181012,1324,77200,82
957,20181012,1325,77200,23
958,20181012,1326,77100,163
959,20181012,1327,77200,9
960,20181012,1328,77200,3
961,20181012,1329,77200,63
962,20181012,1330,77200,16
963,20181012,1331,77200,8
964,20181012,1333,77200,6
965,20181012,1334,77200,475
966,20181012,1335,77000,1205
967,20181012,1336,77100,2
968,20181012,1337,77100,36
969,20181012,1338,77200,128
970,20181012,1339,77100,35
971,20181012,1340,77100,32
972,20181012,1341,77000,348
973,20181012,1343,77000,5
974,20181012,1344,77000,13
975,20181012,1345,77000,98
976,20181012,1346,77100,110
977,20181012,1347,77200,6
978,20181012,1348,77200,1
979,20181012,1349,77200,46
980,20181012,1350,77200,4
981,20181012,1351,77200,238
982,20181012,1352,77300,20
983,20181012,1353,77300,22
984,20181012,1354,77300,31
985,20181012,1355,77300,65
986,20181012,1356,77300,24
987,20181012,1357,77300,28
988,20181012,1358,77300,83
989,20181012,1359,77300,119
990,20181012,1400,77300,1
991,20181012,1401,77300,4
992,20181012,1402,77300,259
993,20181012,1403,77300,281
994,20181012,1404,77400,66
995,20181012,1405,77300,25
996,20181012,1406,77400,27
997,20181012,1407,77400,29
998,20181012,1408,77300,778
999,20181012,1409,77300,9
1000,20181012,1411,77200,48
1001,20181012,1412,77300,1
1002,20181012,1413,77200,457
1003,20181012,1414,77000,37
1004,20181012,1415,77000,65
1005,20181012,1416,77100,86
1006,20181012,1417,77100,127
1007,20181012,1418,77100,22
1008,20181012,1419,77000,166
1009,20181012,1420,77100,17
1010,20181012,1421,77100,298
1011,20181012,1422,77100,63
1012,20181012,1423,77000,20
1013,20181012,1424,77000,125
1014,20181012,1425,77000,1147
1015,20181012,1426,77400,42
1016,20181012,1427,77400,188
1017,20181012,1428,77400,84
1018,20181012,1430,77300,803
1019,20181012,1431,77400,495
1020,20181012,1432,77400,118
1021,20181012,1433,77600,183
1022,20181012,1434,77700,71
1023,20181012,1435,77600,6
1024,20181012,1436,77600,71
1025,20181012,1437,77600,2
1026,20181012,1438,77700,12
1027,20181012,1439,77600,135
1028,20181012,1440,77700,26
1029,20181012,1441,77600,183
1030,20181012,1442,77700,155
1031,20181012,1443,77700,12
1032,20181012,1444,77600,32
1033,20181012,1445,77700,64
1034,20181012,1446,77700,1
1035,20181012,1447,77700,6
1036,20181012,1448,77600,14
1037,20181012,1449,77600,910
1038,20181012,1450,77500,2343
1039,20181012,1451,77000,1770
1040,20181012,1452,77100,7
1041,20181012,1453,77000,198
1042,20181012,1454,77000,62
1043,20181012,1455,77100,45
1044,20181012,1456,77100,86
1045,20181012,1457,77000,39
1046,20181012,1458,77000,298
1047,20181012,1459,77200,20
1048,20181012,1500,77200,16
1049,20181012,1501,77200,32
1050,20181012,1502,77200,464
1051,20181012,1503,77100,450
1052,20181012,1504,77200,419
1053,20181012,1505,77100,51
1054,20181012,1506,77100,474
1055,20181012,1507,77100,40
1056,20181012,1508,77100,25
1057,20181012,1509,77100,48
1058,20181012,1510,77100,26
1059,20181012,1511,77000,410
1060,20181012,1512,77100,38
1061,20181012,1513,77100,206
1062,20181012,1514,77000,333
1063,20181012,1515,77200,22
1064,20181012,1516,77100,37
1065,20181012,1517,77100,75
1066,20181012,1518,77200,141
1067,20181012,1519,77200,31
1068,20181012,1520,77200,354
1069,20181012,1530,77300,6255
0,20181015,901,77700,2289
1,20181015,902,76200,245
2,20181015,903,76500,144
3,20181015,904,76600,177
4,20181015,905,76600,37
5,20181015,906,76600,478
6,20181015,907,76500,131
7,20181015,908,76700,254
8,20181015,909,76800,299
9,20181015,910,76600,466
10,20181015,911,76800,290
11,20181015,912,76800,549
12,20181015,913,76600,341
13,20181015,914,76500,303
14,20181015,915,76600,50
15,20181015,916,76500,121
16,20181015,917,76600,92
17,20181015,918,76500,84
18,20181015,919,76400,175
19,20181015,920,76300,481
20,20181015,921,76200,4411
21,20181015,922,75800,435
22,20181015,923,75700,201
23,20181015,924,75800,321
24,20181015,925,76100,7
25,20181015,926,76000,44
26,20181015,927,76100,103
27,20181015,928,76400,272
28,20181015,929,76200,257
29,20181015,930,76000,165
30,20181015,931,75900,381
31,20181015,932,75800,833
32,20181015,933,75500,347
33,20181015,934,75300,68
34,20181015,935,75500,59
35,20181015,936,75600,69
36,20181015,937,75600,164
37,20181015,938,75700,423
38,20181015,939,75600,102
39,20181015,940,75600,263
40,20181015,941,75500,94
41,20181015,942,75600,330
42,20181015,943,75700,18
43,20181015,944,75700,43
44,20181015,945,75700,40
45,20181015,946,75600,20
46,20181015,947,75600,245
47,20181015,948,75700,1
48,20181015,949,75700,104
49,20181015,950,75800,17
50,20181015,951,75700,41
51,20181015,952,75700,31
52,20181015,953,75800,547
53,20181015,954,76000,8
54,20181015,955,75900,263
55,20181015,956,76100,113
56,20181015,957,76100,82
57,20181015,958,76000,82
58,20181015,959,76100,10
59,20181015,1000,76100,93
60,20181015,1001,76200,411
61,20181015,1002,75800,99
62,20181015,1003,75800,136
63,20181015,1004,75800,176
64,20181015,1005,75900,88
65,20181015,1007,75900,70
66,20181015,1008,75900,6
67,20181015,1009,75800,66
68,20181015,1010,75800,354
69,20181015,1011,75800,162
70,20181015,1012,76000,39
71,20181015,1013,75800,68
72,20181015,1014,75800,2
73,20181015,1015,75900,66
74,20181015,1016,75800,93
75,20181015,1017,76000,401
76,20181015,1018,76200,83
77,20181015,1019,76300,123
78,20181015,1020,76100,406
79,20181015,1021,76000,57
80,20181015,1022,76100,611
81,20181015,1024,76300,33
82,20181015,1025,76300,52
83,20181015,1026,76400,365
84,20181015,1027,76600,34
85,20181015,1028,76600,360
86,20181015,1029,76200,98
87,20181015,1030,76100,144
88,20181015,1031,76000,251
89,20181015,1032,76100,12
90,20181015,1033,76200,34
91,20181015,1034,76300,35
92,20181015,1035,76200,34
93,20181015,1036,76200,205
94,20181015,1037,76200,14
95,20181015,1038,76100,67
96,20181015,1039,76200,5
97,20181015,1040,76100,171
98,20181015,1041,76100,16
99,20181015,1042,76200,274
100,20181015,1043,76100,287
101,20181015,1044,76100,80
102,20181015,1046,76100,47
103,20181015,1047,76000,35
104,20181015,1049,76000,402
105,20181015,1050,76000,8
106,20181015,1051,75900,484
107,20181015,1052,76100,21
108,20181015,1053,76100,94
109,20181015,1054,76000,26
110,20181015,1055,76100,34
111,20181015,1056,76100,261
112,20181015,1057,76300,24
113,20181015,1058,76300,52
114,20181015,1059,76300,213
115,20181015,1100,76400,45
116,20181015,1101,76300,93
117,20181015,1102,76300,116
118,20181015,1103,76200,39
119,20181015,1104,76200,39
120,20181015,1105,76100,60
121,20181015,1106,76100,116
122,20181015,1107,76000,131
123,20181015,1109,76100,36
124,20181015,1110,76100,47
125,20181015,1111,76100,179
126,20181015,1112,76000,11
127,20181015,1113,76000,112
128,20181015,1114,76000,25
129,20181015,1115,76000,11
130,20181015,1116,76000,34
131,20181015,1117,76000,106
132,20181015,1118,76100,39
133,20181015,1120,76000,361
134,20181015,1121,75900,185
135,20181015,1122,76000,48
136,20181015,1123,76000,233
137,20181015,1124,76000,42
138,20181015,1125,76000,1
139,20181015,1126,76000,42
140,20181015,1127,75900,121
141,20181015,1128,76000,39
142,20181015,1129,75900,116
143,20181015,1130,75900,7
144,20181015,1131,75900,155
145,20181015,1132,76000,31
146,20181015,1133,75900,33
147,20181015,1134,75900,2868
148,20181015,1135,75800,428
149,20181015,1137,75700,242
150,20181015,1138,75700,52
151,20181015,1139,75700,34
152,20181015,1140,75700,68
153,20181015,1141,75700,8
154,20181015,1142,75700,100
155,20181015,1143,75800,66
156,20181015,1144,75700,144
157,20181015,1145,75800,41
158,20181015,1146,75700,47
159,20181015,1147,75700,226
160,20181015,1148,75800,34
161,20181015,1149,75800,175
162,20181015,1150,75800,1
163,20181015,1151,75800,98
164,20181015,1152,75800,357
165,20181015,1153,75800,36
166,20181015,1155,75800,71
167,20181015,1156,75800,17
168,20181015,1157,75700,70
169,20181015,1158,75700,58
170,20181015,1159,75800,11
171,20181015,1200,75700,35
172,20181015,1201,75700,592
173,20181015,1202,75600,264
174,20181015,1203,75700,89
175,20181015,1204,75700,36
176,20181015,1206,75600,51
177,20181015,1207,75600,36
178,20181015,1208,75700,84
179,20181015,1209,75600,124
180,20181015,1210,75700,280
181,20181015,1211,75600,36
182,20181015,1212,75700,5
183,20181015,1213,75600,74
184,20181015,1214,75600,10
185,20181015,1215,75600,102
186,20181015,1216,75700,5
187,20181015,1217,75700,51
188,20181015,1218,75700,63
189,20181015,1219,75600,34
190,20181015,1220,75600,42
191,20181015,1221,75700,9
192,20181015,1222,75600,34
193,20181015,1223,75700,6
194,20181015,1224,75600,100
195,20181015,1226,75600,210
196,20181015,1227,75700,18
197,20181015,1228,75600,87
198,20181015,1229,75600,70
199,20181015,1230,75600,15
200,20181015,1231,75600,35
201,20181015,1233,75600,109
202,20181015,1234,75600,42
203,20181015,1235,75600,48
204,20181015,1237,75600,79
205,20181015,1238,75600,95
206,20181015,1239,75600,170
207,20181015,1240,75600,89
208,20181015,1241,75600,42
209,20181015,1242,75500,487
210,20181015,1243,75500,135
211,20181015,1244,75500,133
212,20181015,1246,75500,149
213,20181015,1248,75600,8
214,20181015,1249,75500,44
215,20181015,1250,75600,67
216,20181015,1251,75500,146
217,20181015,1252,75500,383
218,20181015,1253,75500,163
219,20181015,1254,75600,310
220,20181015,1255,75600,45
221,20181015,1257,75500,68
222,20181015,1258,75500,83
223,20181015,1259,75500,218
224,20181015,1300,75500,87
225,20181015,1301,75500,172
226,20181015,1302,75500,19
227,20181015,1303,75400,40
228,20181015,1304,75400,86
229,20181015,1305,75500,10
230,20181015,1306,75500,35
231,20181015,1307,75400,10
232,20181015,1308,75400,80
233,20181015,1309,75400,93
234,20181015,1310,75400,135
235,20181015,1311,75400,60
236,20181015,1312,75500,25
237,20181015,1313,75500,123
238,20181015,1314,75500,23
239,20181015,1315,75500,756
240,20181015,1317,75400,63
241,20181015,1318,75400,5
242,20181015,1319,75500,77
243,20181015,1320,75400,34
244,20181015,1321,75400,35
245,20181015,1322,75400,47
246,20181015,1324,75400,34
247,20181015,1325,75500,43
248,20181015,1326,75400,74
249,20181015,1327,75500,2
250,20181015,1328,75500,107
251,20181015,1329,75400,151
252,20181015,1331,75500,34
253,20181015,1332,75500,74
254,20181015,1333,75600,39
255,20181015,1334,75500,34
256,20181015,1335,75500,45
257,20181015,1336,75500,205
258,20181015,1337,75500,89
259,20181015,1338,75400,4
260,20181015,1339,75400,68
261,20181015,1340,75500,340
262,20181015,1342,75300,37
263,20181015,1343,75400,51
264,20181015,1344,75300,59
265,20181015,1345,75300,2
266,20181015,1346,75300,160
267,20181015,1348,75400,100
268,20181015,1349,75300,33
269,20181015,1350,75400,729
270,20181015,1351,75200,37
271,20181015,1352,75200,34
272,20181015,1353,75200,46
273,20181015,1354,75200,34
274,20181015,1355,75200,34
275,20181015,1356,75200,27
276,20181015,1357,75300,82
277,20181015,1358,75200,171
278,20181015,1359,75300,1054
279,20181015,1400,75300,44
280,20181015,1401,75300,616
281,20181015,1402,75100,34
282,20181015,1403,75100,68
283,20181015,1404,75200,42
284,20181015,1405,75100,22
285,20181015,1406,75200,40
286,20181015,1407,75200,217
287,20181015,1408,75100,408
288,20181015,1409,75000,46
289,20181015,1410,75100,12
290,20181015,1411,75000,55
291,20181015,1412,75000,98
292,20181015,1413,75000,49
293,20181015,1414,75000,77
294,20181015,1415,75100,235
295,20181015,1416,75000,34
296,20181015,1417,75000,277
297,20181015,1418,75100,109
298,20181015,1419,75000,70
299,20181015,1420,75000,39
300,20181015,1421,75100,11
301,20181015,1422,75000,693
302,20181015,1423,75000,58
303,20181015,1424,75000,91
304,20181015,1425,75100,220
305,20181015,1426,75100,39
306,20181015,1427,75200,4
307,20181015,1428,75200,41
308,20181015,1429,75200,4
309,20181015,1430,75200,142
310,20181015,1431,75200,41
311,20181015,1432,75200,38
312,20181015,1433,75100,48
313,20181015,1434,75100,35
314,20181015,1435,75200,55
315,20181015,1436,75200,112
316,20181015,1437,75200,61
317,20181015,1438,75200,12
318,20181015,1439,75200,12
319,20181015,1440,75100,1474
320,20181015,1441,74900,1015
321,20181015,1442,74600,202
322,20181015,1443,75000,185
323,20181015,1444,75000,113
324,20181015,1445,74900,46
325,20181015,1446,74900,63
326,20181015,1447,74800,311
327,20181015,1448,74800,300
328,20181015,1449,74700,30
329,20181015,1450,74900,18
330,20181015,1451,74900,145
331,20181015,1452,74700,415
332,20181015,1453,74600,819
333,20181015,1454,74300,378
334,20181015,1455,74200,84
335,20181015,1456,74200,43
336,20181015,1457,74300,492
337,20181015,1458,74100,7
338,20181015,1459,74300,668
339,20181015,1500,74400,295
340,20181015,1501,74300,299
341,20181015,1502,74200,20
342,20181015,1503,74400,4490
343,20181015,1504,74300,321
344,20181015,1505,74300,13
345,20181015,1506,74400,10
346,20181015,1507,74400,27
347,20181015,1508,74500,241
348,20181015,1509,74500,119
349,20181015,1510,74500,37
350,20181015,1511,74500,13
351,20181015,1512,74400,45
352,20181015,1513,74400,15
353,20181015,1514,74400,863
354,20181015,1515,74500,128
355,20181015,1516,74400,39
356,20181015,1517,74500,170
357,20181015,1518,74600,150
358,20181015,1519,74600,124
359,20181015,1520,74600,187
360,20181015,1530,74500,2103
0,20181016,901,75000,239
1,20181016,903,75200,85
2,20181016,904,75600,154
3,20181016,905,75300,214
4,20181016,906,75200,19
5,20181016,907,75100,115
6,20181016,908,75000,55
7,20181016,909,75000,345
8,20181016,910,75100,321
9,20181016,911,75000,313
10,20181016,912,74900,1
11,20181016,913,74900,89
12,20181016,914,74900,134
13,20181016,915,74700,19
14,20181016,916,74800,15
15,20181016,917,74700,336
16,20181016,918,74700,39
17,20181016,919,74700,26
18,20181016,920,74800,93
19,20181016,921,74800,21
20,20181016,922,74700,87
21,20181016,924,74800,1
22,20181016,925,74900,1511
23,20181016,926,75200,226
24,20181016,927,75300,337
25,20181016,928,75400,7
26,20181016,929,75400,249
27,20181016,930,75200,19
28,20181016,931,75100,120
29,20181016,932,75100,56
30,20181016,933,75000,1
31,20181016,934,75100,4
32,20181016,935,75000,51
33,20181016,937,75100,230
34,20181016,938,75000,172
35,20181016,939,75400,7
36,20181016,940,75400,180
37,20181016,941,75400,60
38,20181016,942,75500,345
39,20181016,943,75500,166
40,20181016,944,75600,81
41,20181016,945,75500,9
42,20181016,946,75500,330
43,20181016,947,75300,135
44,20181016,949,75300,136
45,20181016,950,75300,2
46,20181016,951,75300,1
47,20181016,952,75300,1
48,20181016,953,75300,314
49,20181016,955,75100,1
50,20181016,956,75100,51
51,20181016,957,75100,11
52,20181016,958,75100,1
53,20181016,959,75200,101
54,20181016,1000,75200,45
55,20181016,1001,75100,1
56,20181016,1002,75200,61
57,20181016,1004,75100,62
58,20181016,1005,75200,2
59,20181016,1006,75200,4
60,20181016,1007,75200,2
61,20181016,1008,75200,63
62,20181016,1009,75200,8
63,20181016,1010,75200,9
64,20181016,1011,75200,20
65,20181016,1012,75200,35
66,20181016,1013,75200,5
67,20181016,1014,75200,5
68,20181016,1015,75100,878
69,20181016,1016,75000,435
70,20181016,1017,75100,253
71,20181016,1018,75200,34
72,20181016,1020,75200,4
73,20181016,1021,75100,44
74,20181016,1022,75100,3
75,20181016,1023,75000,144
76,20181016,1024,75100,4
77,20181016,1026,75100,52
78,20181016,1028,75100,35
79,20181016,1029,75100,247
80,20181016,1030,75100,14
81,20181016,1032,75100,128
82,20181016,1034,75100,17
83,20181016,1035,75100,53
84,20181016,1036,75100,15
85,20181016,1037,75000,13
86,20181016,1038,75100,80
87,20181016,1039,75000,352
88,20181016,1040,75000,3
89,20181016,1041,74900,73
90,20181016,1042,75000,34
91,20181016,1043,75000,1
92,20181016,1044,75000,5
93,20181016,1045,75000,112
94,20181016,1046,75000,35
95,20181016,1047,74900,34
96,20181016,1048,75000,7
97,20181016,1049,75000,96
98,20181016,1050,75000,9
99,20181016,1051,75000,56
100,20181016,1052,75000,752
101,20181016,1053,75200,441
102,20181016,1054,75200,33
103,20181016,1055,75300,1
104,20181016,1056,75300,3
105,20181016,1057,75300,651
106,20181016,1058,75400,421
107,20181016,1059,75300,86
108,20181016,1100,75400,4
109,20181016,1101,75400,248
110,20181016,1102,75500,25
111,20181016,1103,75400,1
112,20181016,1104,75500,152
113,20181016,1105,75400,134
114,20181016,1106,75500,3
115,20181016,1107,75500,333
116,20181016,1108,75400,508
117,20181016,1109,75200,183
118,20181016,1110,75200,3
119,20181016,1111,75200,80
120,20181016,1112,75200,4
121,20181016,1113,75200,133
122,20181016,1114,75200,3
123,20181016,1115,75100,107
124,20181016,1116,75100,6
125,20181016,1117,75100,41
126,20181016,1118,75100,4
127,20181016,1119,75000,250
128,20181016,1120,75000,13
129,20181016,1121,75000,69
130,20181016,1122,75000,467
131,20181016,1123,74900,1159
132,20181016,1124,74800,3
133,20181016,1125,74700,102
134,20181016,1126,74800,45
135,20181016,1127,74800,290
136,20181016,1128,74800,238
137,20181016,1129,74800,41
138,20181016,1130,74900,4
139,20181016,1131,74800,325
140,20181016,1132,74700,248
141,20181016,1133,74800,671
142,20181016,1134,74600,171
143,20181016,1135,74600,181
144,20181016,1136,74500,194
145,20181016,1137,74400,421
146,20181016,1138,74400,90
147,20181016,1139,74400,192
148,20181016,1140,74400,155
149,20181016,1141,74400,163
150,20181016,1142,74400,38
151,20181016,1143,74300,90
152,20181016,1144,74300,158
153,20181016,1145,74300,72
154,20181016,1146,74300,55
155,20181016,1147,74300,106
156,20181016,1148,74400,158
157,20181016,1149,74300,5
158,20181016,1150,74300,144
159,20181016,1151,74200,67
160,20181016,1152,74300,210
161,20181016,1153,74200,114
162,20181016,1154,74300,342
163,20181016,1155,74300,60
164,20181016,1156,74400,189
165,20181016,1157,74400,12
166,20181016,1158,74400,172
167,20181016,1159,74300,1
168,20181016,1200,74300,90
169,20181016,1201,74300,247
170,20181016,1202,74200,22
171,20181016,1203,74100,160
172,20181016,1204,74100,98
173,20181016,1205,74100,109
174,20181016,1206,74100,72
175,20181016,1207,74100,116
176,20181016,1208,73900,332
177,20181016,1209,73900,296
178,20181016,1210,74000,134
179,20181016,1211,74000,111
180,20181016,1212,74000,16
181,20181016,1213,73900,351
182,20181016,1214,73800,167
183,20181016,1215,74000,52
184,20181016,1216,74000,179
185,20181016,1217,74000,108
186,20181016,1218,73900,112
187,20181016,1219,73900,231
188,20181016,1220,73900,10
189,20181016,1221,73900,50
190,20181016,1222,73900,192
191,20181016,1223,73800,71
192,20181016,1224,73900,183
193,20181016,1225,73700,440
194,20181016,1226,73600,1141
195,20181016,1227,73700,207
196,20181016,1228,73600,68
197,20181016,1229,73700,230
198,20181016,1230,73600,334
199,20181016,1231,73600,750
200,20181016,1232,73500,128
201,20181016,1233,73500,406
202,20181016,1234,73600,146
203,20181016,1235,73400,646
204,20181016,1236,73600,52
205,20181016,1238,73500,284
206,20181016,1239,73500,172
207,20181016,1240,73500,808
208,20181016,1241,73400,1
209,20181016,1242,73400,4
210,20181016,1243,73300,437
211,20181016,1244,73200,1032
212,20181016,1245,73100,310
213,20181016,1246,73000,69
214,20181016,1247,73000,581
215,20181016,1248,73000,219
216,20181016,1249,73100,307
217,20181016,1250,73200,4
218,20181016,1251,73200,879
219,20181016,1252,73400,155
220,20181016,1253,73500,79
221,20181016,1254,73400,98
222,20181016,1255,73200,50
223,20181016,1256,73200,160
224,20181016,1257,73200,92
225,20181016,1258,73200,11
226,20181016,1259,73200,333
227,20181016,1300,73200,147
228,20181016,1301,73100,140
229,20181016,1302,73300,18
230,20181016,1304,73200,117
231,20181016,1305,73100,198
232,20181016,1306,73200,80
233,20181016,1307,73200,61
234,20181016,1308,73200,39
235,20181016,1309,73100,158
236,20181016,1310,73000,86
237,20181016,1311,73100,50
238,20181016,1312,73100,925
239,20181016,1313,73100,260
240,20181016,1314,72900,105
241,20181016,1315,72900,121
242,20181016,1316,72900,327
243,20181016,1317,72900,670
244,20181016,1318,72900,167
245,20181016,1319,72900,355
246,20181016,1320,73000,117
247,20181016,1321,73100,57
248,20181016,1322,73000,124
249,20181016,1323,72900,427
250,20181016,1324,72800,629
251,20181016,1325,72500,620
252,20181016,1326,72500,626
253,20181016,1327,72500,442
254,20181016,1328,72400,376
255,20181016,1329,72500,181
256,20181016,1330,72500,176
257,20181016,1331,72300,114
258,20181016,1332,72400,113
259,20181016,1333,72500,1093
260,20181016,1334,72900,189
261,20181016,1335,72800,215
262,20181016,1336,72800,377
263,20181016,1337,72800,53
264,20181016,1338,72900,116
265,20181016,1339,72800,974
266,20181016,1340,73100,100
267,20181016,1341,73200,650
268,20181016,1342,73500,18
269,20181016,1343,73500,107
270,20181016,1344,73400,218
271,20181016,1345,73200,55
272,20181016,1346,73200,200
273,20181016,1347,73200,371
274,20181016,1348,73200,140
275,20181016,1349,73400,65
276,20181016,1350,73300,70
277,20181016,1351,73400,36
278,20181016,1352,73400,247
279,20181016,1353,73400,189
280,20181016,1354,73400,219
281,20181016,1355,73400,851
282,20181016,1356,73900,507
283,20181016,1357,73600,130
284,20181016,1358,73400,86
285,20181016,1359,73500,238
286,20181016,1400,73600,433
287,20181016,1401,73700,126
288,20181016,1402,73700,75
289,20181016,1403,73700,296
290,20181016,1404,73700,181
291,20181016,1405,73600,172
292,20181016,1406,73600,66
293,20181016,1407,73600,61
294,20181016,1408,73500,66
295,20181016,1409,73500,149
296,20181016,1410,73600,294
297,20181016,1411,73700,325
298,20181016,1412,73800,220
299,20181016,1413,73600,289
300,20181016,1414,73700,14
301,20181016,1415,73600,137
302,20181016,1416,73600,74
303,20181016,1417,73700,435
304,20181016,1418,73700,147
305,20181016,1419,73700,55
306,20181016,1420,73700,13
307,20181016,1421,73700,385
308,20181016,1422,73500,60
309,20181016,1423,73600,71
310,20181016,1424,73600,62
311,20181016,1425,73500,58
312,20181016,1426,73600,324
313,20181016,1427,73500,855
314,20181016,1428,73900,658
315,20181016,1429,74000,86
316,20181016,1430,74000,456
317,20181016,1431,73800,76
318,20181016,1432,73700,375
319,20181016,1433,73500,198
320,20181016,1434,73600,319
321,20181016,1435,73600,65
322,20181016,1436,73700,57
323,20181016,1437,73700,71
324,20181016,1438,73700,62
325,20181016,1439,73600,249
326,20181016,1440,73600,11
327,20181016,1441,73500,59
328,20181016,1442,73600,76
329,20181016,1443,73500,1016
330,20181016,1444,73500,31
331,20181016,1445,73500,120
332,20181016,1446,73600,28
333,20181016,1447,73500,329
334,20181016,1448,73400,43
335,20181016,1449,73400,645
336,20181016,1450,73300,112
337,20181016,1451,73300,328
338,20181016,1452,73200,545
339,20181016,1453,73300,572
340,20181016,1454,73600,128
341,20181016,1455,73400,155
342,20181016,1456,73300,230
343,20181016,1457,73300,680
344,20181016,1458,73400,344
345,20181016,1459,73400,341
346,20181016,1500,73500,240
347,20181016,1501,73400,428
348,20181016,1502,73400,92
349,20181016,1503,73400,14
350,20181016,1504,73400,30
351,20181016,1505,73400,11
352,20181016,1506,73400,23
353,20181016,1507,73300,1333
354,20181016,1508,73300,351
355,20181016,1509,73300,157
356,20181016,1510,73300,31
357,20181016,1511,73300,3
358,20181016,1512,73300,922
359,20181016,1513,73300,474
360,20181016,1514,73300,136
361,20181016,1515,73300,213
362,20181016,1516,73200,37
363,20181016,1517,73300,211
364,20181016,1518,73200,95
365,20181016,1519,73200,226
366,20181016,1520,73200,46
367,20181016,1530,73300,5332
368,20181017,901,74100,2547
369,20181017,902,74100,317
370,20181017,903,74600,1373
371,20181017,904,75000,558
372,20181017,905,75700,2071
373,20181017,906,75700,1009
374,20181017,907,75000,281
375,20181017,908,75000,684
376,20181017,909,75400,716
377,20181017,910,75700,751
378,20181017,911,75500,1285
379,20181017,912,75700,281
380,20181017,913,75800,106
381,20181017,914,75600,78
382,20181017,915,75500,144
383,20181017,916,75600,547
384,20181017,917,75500,306
385,20181017,918,75600,112
386,20181017,919,75600,95
387,20181017,920,75600,194
388,20181017,921,75600,1899
389,20181017,922,76000,2125
390,20181017,923,75800,451
391,20181017,924,75700,15
392,20181017,925,75900,271
393,20181017,926,76000,205
394,20181017,927,75700,2424
395,20181017,928,76000,52
396,20181017,929,76000,327
397,20181017,930,76000,118
398,20181017,931,76100,140
399,20181017,932,76000,328
400,20181017,933,75800,159
401,20181017,934,75900,73
402,20181017,935,75800,208
403,20181017,936,75800,148
404,20181017,937,75600,332
405,20181017,938,75200,56
406,20181017,939,75200,144
407,20181017,940,75400,439
408,20181017,941,75400,48
409,20181017,942,75300,203
410,20181017,943,75300,7
411,20181017,944,75200,9
412,20181017,945,75200,350
413,20181017,946,75200,790
414,20181017,947,74900,294
415,20181017,948,74800,161
416,20181017,949,74900,30
417,20181017,950,75000,102
418,20181017,951,75100,10
419,20181017,952,75100,121
420,20181017,953,75100,326
421,20181017,954,75500,131
422,20181017,955,75200,15
423,20181017,956,75200,250
424,20181017,957,75200,320
425,20181017,958,75200,357
426,20181017,959,74900,240
427,20181017,1000,74800,125
428,20181017,1001,74900,4
429,20181017,1002,75000,297
430,20181017,1003,75100,16
431,20181017,1004,75100,4
432,20181017,1005,75000,150
433,20181017,1006,75000,646
434,20181017,1007,75300,450
435,20181017,1008,75400,20
436,20181017,1010,75400,80
437,20181017,1011,75400,303
438,20181017,1012,75600,70
439,20181017,1013,75500,416
440,20181017,1014,75500,39
441,20181017,1015,75500,5
442,20181017,1016,75500,2
443,20181017,1018,75400,21
444,20181017,1019,75500,23
445,20181017,1020,75500,23
446,20181017,1021,75500,1
447,20181017,1022,75500,119
448,20181017,1023,75500,1
449,20181017,1024,75500,59
450,20181017,1025,75500,352
451,20181017,1026,75500,42
452,20181017,1027,75500,11
453,20181017,1028,75600,12
454,20181017,1029,75500,1
455,20181017,1030,75600,7
456,20181017,1031,75500,709
457,20181017,1032,75300,278
458,20181017,1033,75300,61
459,20181017,1034,75200,82
460,20181017,1035,75100,34
461,20181017,1036,75100,43
462,20181017,1037,75100,60
463,20181017,1038,75100,117
464,20181017,1039,75200,30
465,20181017,1040,75100,248
466,20181017,1042,75100,34
467,20181017,1043,75100,55
468,20181017,1044,75200,280
469,20181017,1045,75100,324
470,20181017,1047,75100,16
471,20181017,1048,75100,243
472,20181017,1049,75300,189
473,20181017,1052,75200,135
474,20181017,1053,75400,35
475,20181017,1054,75400,51
476,20181017,1055,75300,41
477,20181017,1056,75300,3
478,20181017,1058,75300,16
479,20181017,1100,75300,336
480,20181017,1103,75300,22
481,20181017,1104,75300,5
482,20181017,1105,75300,5
483,20181017,1106,75400,158
484,20181017,1108,75300,23
485,20181017,1109,75300,4
486,20181017,1111,75300,1
487,20181017,1112,75300,135
488,20181017,1113,75400,1
489,20181017,1114,75400,38
490,20181017,1115,75300,60
491,20181017,1116,75400,13
492,20181017,1117,75400,4
493,20181017,1119,75400,17
494,20181017,1120,75400,3
495,20181017,1121,75400,15
496,20181017,1123,75400,4
497,20181017,1124,75400,94
498,20181017,1125,75300,130
499,20181017,1127,75400,2
500,20181017,1128,75400,34
501,20181017,1129,75400,36
502,20181017,1130,75400,28
503,20181017,1131,75400,13
504,20181017,1132,75400,1
505,20181017,1133,75400,8
506,20181017,1134,75400,23
507,20181017,1135,75400,25
508,20181017,1136,75400,2
509,20181017,1137,75400,550
510,20181017,1138,75300,15
511,20181017,1139,75300,178
512,20181017,1140,75400,364
513,20181017,1141,75400,89
514,20181017,1142,75400,161
515,20181017,1145,75200,14
516,20181017,1147,75200,239
517,20181017,1150,75100,5
518,20181017,1152,75200,2
519,20181017,1154,75100,1
520,20181017,1156,75200,270
521,20181017,1158,75300,7
522,20181017,1159,75300,10
523,20181017,1200,75300,14
524,20181017,1203,75300,13
525,20181017,1204,75300,33
526,20181017,1205,75300,1
527,20181017,1206,75300,4
528,20181017,1208,75300,21
529,20181017,1209,75300,30
530,20181017,1210,75300,20
531,20181017,1212,75300,3
532,20181017,1213,75300,18
533,20181017,1214,75300,22
534,20181017,1215,75300,5
535,20181017,1216,75300,2
536,20181017,1217,75300,2
537,20181017,1218,75300,17
538,20181017,1219,75300,30
539,20181017,1221,75300,13
540,20181017,1222,75300,5
541,20181017,1223,75300,1
542,20181017,1224,75300,16
543,20181017,1225,75300,21
544,20181017,1226,75300,2
545,20181017,1227,75300,3
546,20181017,1228,75300,50
547,20181017,1229,75200,64
548,20181017,1230,75300,1
549,20181017,1231,75300,5
550,20181017,1232,75300,47
551,20181017,1233,75300,4
552,20181017,1234,75300,2
553,20181017,1235,75300,115
554,20181017,1236,75300,28
555,20181017,1237,75300,28
556,20181017,1238,75300,30
557,20181017,1239,75300,13
558,20181017,1240,75300,3
559,20181017,1241,75300,14
560,20181017,1242,75200,64
561,20181017,1243,75300,4
562,20181017,1244,75300,40
563,20181017,1245,75200,649
564,20181017,1246,75300,7
565,20181017,1247,75400,2
566,20181017,1248,75400,146
567,20181017,1249,75400,323
568,20181017,1252,75200,10
569,20181017,1254,75200,463
570,20181017,1255,75200,177
571,20181017,1256,75200,34
572,20181017,1257,75200,4
573,20181017,1259,75200,118
574,20181017,1300,75200,7
575,20181017,1302,75200,3
576,20181017,1303,75200,2
577,20181017,1305,75200,10
578,20181017,1308,75100,230
579,20181017,1310,75100,10
580,20181017,1311,75100,200
581,20181017,1312,75200,6
582,20181017,1315,75200,110
583,20181017,1317,75200,10
584,20181017,1319,75200,4
585,20181017,1320,75200,17
586,20181017,1321,75200,10
587,20181017,1322,75200,15
588,20181017,1323,75200,1
589,20181017,1324,75200,12
590,20181017,1325,75100,1
591,20181017,1326,75200,13
592,20181017,1327,75200,35
593,20181017,1328,75100,1
594,20181017,1329,75100,417
595,20181017,1330,75000,1
596,20181017,1331,75100,14
597,20181017,1332,75000,1
598,20181017,1333,75000,883
599,20181017,1334,75000,5
600,20181017,1335,74900,1
601,20181017,1336,74900,19
602,20181017,1338,74900,466
603,20181017,1339,74900,14
604,20181017,1340,74800,2
605,20181017,1341,74800,27
606,20181017,1342,74800,1
607,20181017,1343,74800,976
608,20181017,1344,74700,110
609,20181017,1345,74500,53
610,20181017,1346,74600,41
611,20181017,1347,74500,137
612,20181017,1348,74500,34
613,20181017,1349,74600,20
614,20181017,1350,74500,1828
615,20181017,1351,74100,898
616,20181017,1352,74200,7
617,20181017,1353,74300,57
618,20181017,1354,74200,110
619,20181017,1355,74300,107
620,20181017,1356,74300,1
621,20181017,1357,74300,5
622,20181017,1358,74300,59
623,20181017,1400,74300,19
624,20181017,1401,74300,1
625,20181017,1402,74300,17
626,20181017,1403,74300,653
627,20181017,1404,74100,6
628,20181017,1405,74200,6
629,20181017,1406,74100,10
630,20181017,1407,74200,11
631,20181017,1408,74200,9
632,20181017,1409,74200,222
633,20181017,1410,74100,111
634,20181017,1411,74200,8
635,20181017,1412,74300,329
636,20181017,1413,74300,26
637,20181017,1414,74400,123
638,20181017,1415,74400,37
639,20181017,1416,74300,17
640,20181017,1417,74300,55
641,20181017,1418,74400,12
642,20181017,1419,74400,47
643,20181017,1420,74400,6
644,20181017,1421,74400,13
645,20181017,1422,74400,32
646,20181017,1423,74300,60
647,20181017,1424,74300,10
648,20181017,1425,74300,22
649,20181017,1426,74400,24
650,20181017,1427,74400,253
651,20181017,1428,74400,533
652,20181017,1429,74600,18
653,20181017,1430,74500,14
654,20181017,1431,74500,13
655,20181017,1432,74600,7
656,20181017,1433,74500,21
657,20181017,1434,74600,18
658,20181017,1435,74500,114
659,20181017,1436,74500,285
660,20181017,1437,74500,295
661,20181017,1438,74500,20
662,20181017,1439,74500,333
663,20181017,1440,74500,106
664,20181017,1441,74600,17
665,20181017,1442,74600,7
666,20181017,1443,74600,10
667,20181017,1444,74600,528
668,20181017,1445,74800,69
669,20181017,1446,74900,14
670,20181017,1447,74900,9
671,20181017,1448,74900,15
672,20181017,1449,74900,49
673,20181017,1450,74900,16
674,20181017,1451,74900,11
675,20181017,1452,74900,29
676,20181017,1453,74900,17
677,20181017,1454,74900,5
678,20181017,1455,74900,1047
679,20181017,1456,74500,67
680,20181017,1457,74600,41
681,20181017,1458,74600,4
682,20181017,1459,74600,394
683,20181017,1500,74800,22
684,20181017,1501,74800,19
685,20181017,1502,74800,89
686,20181017,1503,74700,16
687,20181017,1504,74800,4
688,20181017,1505,74800,36
689,20181017,1506,74800,35
690,20181017,1507,74800,71
691,20181017,1508,74800,48
692,20181017,1509,74900,29
693,20181017,1510,74900,5433
694,20181017,1511,75000,74
695,20181017,1512,75100,6
696,20181017,1513,75100,35
697,20181017,1514,75000,18
698,20181017,1515,75100,5294
699,20181017,1516,75300,73
700,20181017,1517,75300,76
701,20181017,1518,75300,159
702,20181017,1519,75300,16
703,20181017,1520,75400,422
704,20181017,1530,74900,4510
705,20181018,901,75000,515
706,20181018,902,74800,89
707,20181018,903,74900,63
708,20181018,904,74900,108
709,20181018,905,75000,49
710,20181018,906,75500,66
711,20181018,907,75500,171
712,20181018,908,75500,25
713,20181018,909,75500,4
714,20181018,910,75600,559
715,20181018,911,75200,43
716,20181018,912,75200,11
717,20181018,913,75200,3
718,20181018,914,75100,11
719,20181018,915,75200,243
720,20181018,916,75400,15
721,20181018,917,75300,42
722,20181018,918,75300,26
723,20181018,919,75300,384
724,20181018,920,75200,69
725,20181018,921,75200,5
726,20181018,922,75200,48
727,20181018,923,75100,97
728,20181018,924,75100,1110
729,20181018,925,75100,653
730,20181018,926,75000,12
731,20181018,927,75000,237
732,20181018,929,75000,366
733,20181018,930,75100,211
734,20181018,931,75200,325
735,20181018,932,75500,360
736,20181018,933,75400,222
737,20181018,934,75300,1116
738,20181018,935,75000,251
739,20181018,936,75200,3
740,20181018,937,75200,374
741,20181018,938,75600,241
742,20181018,939,75500,316
743,20181018,940,75400,38
744,20181018,941,75400,76
745,20181018,942,75400,4
746,20181018,943,75400,4
747,20181018,944,75400,64
748,20181018,945,75400,313
749,20181018,946,75500,26
750,20181018,947,75500,5
751,20181018,948,75500,531
752,20181018,949,75700,245
753,20181018,950,75700,21
754,20181018,951,75800,18
755,20181018,952,75800,16
756,20181018,953,75800,11
757,20181018,954,75700,645
758,20181018,955,75600,3
759,20181018,957,75500,45
760,20181018,958,75600,10
761,20181018,959,75600,3
762,20181018,1000,75600,699
763,20181018,1001,75700,600
764,20181018,1002,75700,383
765,20181018,1003,75800,182
766,20181018,1004,75800,147
767,20181018,1005,75700,33
768,20181018,1006,75800,4
769,20181018,1007,75800,4
770,20181018,1008,75800,4
771,20181018,1009,75700,123
772,20181018,1010,75700,87
773,20181018,1012,75800,4
774,20181018,1013,75700,501
775,20181018,1014,75600,24
776,20181018,1015,75700,1054
777,20181018,1016,75900,207
778,20181018,1018,75800,10
779,20181018,1019,75800,3
780,20181018,1020,75800,4
781,20181018,1021,75800,4
782,20181018,1022,75800,1
783,20181018,1023,75700,8
784,20181018,1025,75700,15
785,20181018,1026,75800,1
786,20181018,1027,75800,18
787,20181018,1029,75800,15
788,20181018,1030,75800,1
789,20181018,1031,75800,5
790,20181018,1032,75700,111
791,20181018,1033,75700,368
792,20181018,1035,75800,1289
793,20181018,1036,75500,449
794,20181018,1037,75600,42
795,20181018,1038,75500,35
796,20181018,1040,75500,124
797,20181018,1041,75600,14
798,20181018,1042,75700,4
799,20181018,1043,75600,81
800,20181018,1044,75600,173
801,20181018,1046,75700,94
802,20181018,1047,75600,5
803,20181018,1048,75600,3
804,20181018,1050,75600,4
805,20181018,1052,75500,36
806,20181018,1053,75600,3
807,20181018,1054,75600,422
808,20181018,1055,75700,243
809,20181018,1056,75800,195
810,20181018,1057,75800,338
811,20181018,1059,75700,5
812,20181018,1100,75600,1
813,20181018,1101,75700,19
814,20181018,1102,75600,51
815,20181018,1103,75600,446
816,20181018,1104,75500,80
817,20181018,1105,75500,249
818,20181018,1106,75500,1103
819,20181018,1107,75400,18
820,20181018,1108,75400,109
821,20181018,1109,75400,13
822,20181018,1110,75500,84
823,20181018,1111,75400,31
824,20181018,1112,75400,108
825,20181018,1113,75400,32
826,20181018,1114,75500,4
827,20181018,1116,75400,705
828,20181018,1117,75400,37
829,20181018,1118,75500,3
830,20181018,1120,75500,4
831,20181018,1121,75500,5
832,20181018,1122,75400,13
833,20181018,1123,75500,12
834,20181018,1124,75500,313
835,20181018,1126,75500,8
836,20181018,1127,75600,16
837,20181018,1129,75600,13
838,20181018,1130,75500,15
839,20181018,1131,75500,55
840,20181018,1133,75500,14
841,20181018,1135,75600,246
842,20181018,1136,75700,1
843,20181018,1137,75700,3
844,20181018,1139,75600,7
845,20181018,1140,75700,32
846,20181018,1141,75600,1
847,20181018,1142,75700,3
848,20181018,1143,75700,1
849,20181018,1144,75700,439
850,20181018,1145,75600,5
851,20181018,1146,75700,3
852,20181018,1148,75700,4
853,20181018,1149,75700,34
854,20181018,1150,75700,4
855,20181018,1151,75700,7
856,20181018,1152,75700,3
857,20181018,1154,75700,4
858,20181018,1156,75700,3
859,20181018,1159,75700,4
860,20181018,1200,75700,1
861,20181018,1201,75700,3
862,20181018,1202,75700,17
863,20181018,1203,75700,3
864,20181018,1204,75700,62
865,20181018,1205,75700,5
866,20181018,1207,75700,3
867,20181018,1208,75700,3
868,20181018,1209,75700,19
869,20181018,1210,75700,365
870,20181018,1211,75700,561
871,20181018,1213,75800,5
872,20181018,1216,75800,3
873,20181018,1217,75800,26
874,20181018,1218,75800,12
875,20181018,1220,75800,3
876,20181018,1222,75800,61
877,20181018,1223,75800,131
878,20181018,1224,75800,728
879,20181018,1226,75700,3
880,20181018,1228,75600,155
881,20181018,1230,75700,3
882,20181018,1233,75700,5
883,20181018,1234,75700,10
884,20181018,1235,75700,3
885,20181018,1236,75600,80
886,20181018,1237,75700,4
887,20181018,1238,75700,143
888,20181018,1239,75700,73
889,20181018,1241,75600,933
890,20181018,1242,75500,113
891,20181018,1243,75500,4
892,20181018,1245,75500,3
893,20181018,1247,75500,20
894,20181018,1248,75500,5
895,20181018,1250,75500,3
896,20181018,1252,75500,968
897,20181018,1253,75700,1
898,20181018,1254,75700,4
899,20181018,1256,75700,4
900,20181018,1257,75700,1
901,20181018,1258,75700,5
902,20181018,1300,75700,3
903,20181018,1302,75700,4
904,20181018,1304,75700,3
905,20181018,1305,75700,39
906,20181018,1306,75700,2
907,20181018,1307,75700,4
908,20181018,1309,75700,3
909,20181018,1310,75700,6
910,20181018,1311,75700,3
911,20181018,1313,75700,5
912,20181018,1314,75700,30
913,20181018,1315,75700,23
914,20181018,1316,75700,1
915,20181018,1317,75700,66
916,20181018,1318,75700,683
917,20181018,1319,75800,3
918,20181018,1320,75800,40
919,20181018,1321,75700,27
920,20181018,1323,75800,7
921,20181018,1324,75800,4
922,20181018,1325,75800,31
923,20181018,1326,75700,123
924,20181018,1327,75700,1
925,20181018,1328,75800,40
926,20181018,1329,75800,1
927,20181018,1330,75800,23
928,20181018,1331,75800,17
929,20181018,1332,75800,74
930,20181018,1333,75800,20
931,20181018,1334,75800,16
932,20181018,1335,75800,10
933,20181018,1336,75700,14
934,20181018,1337,75800,27
935,20181018,1338,75800,53
936,20181018,1339,75800,3
937,20181018,1340,75700,200
938,20181018,1341,75800,31
939,20181018,1342,75700,301
940,20181018,1343,75800,4
941,20181018,1344,75800,939
942,20181018,1345,75700,5
943,20181018,1347,75700,4
944,20181018,1348,75700,7
945,20181018,1349,75700,15
946,20181018,1350,75600,90
947,20181018,1351,75700,15
948,20181018,1353,75700,3
949,20181018,1356,75700,4
950,20181018,1358,75700,217
951,20181018,1400,75700,34
952,20181018,1401,75700,291
953,20181018,1402,75700,137
954,20181018,1404,75800,3
955,20181018,1406,75800,46
956,20181018,1408,75800,53
957,20181018,1409,75800,50
958,20181018,1410,75800,44
959,20181018,1411,75800,1051
960,20181018,1412,75900,22
961,20181018,1413,75900,3
962,20181018,1414,75900,5
963,20181018,1415,75900,40
964,20181018,1416,75900,26
965,20181018,1417,75900,37
966,20181018,1418,75900,3
967,20181018,1419,75900,46
968,20181018,1421,75900,6
969,20181018,1422,75900,33
970,20181018,1423,75800,103
971,20181018,1424,75800,81
972,20181018,1425,75800,1284
973,20181018,1427,75600,3
974,20181018,1428,75600,10
975,20181018,1429,75500,10
976,20181018,1430,75600,73
977,20181018,1431,75600,3
978,20181018,1432,75600,4
979,20181018,1434,75500,4
980,20181018,1436,75600,4
981,20181018,1437,75500,1551
982,20181018,1438,75400,1453
983,20181018,1439,75200,450
984,20181018,1440,75100,35
985,20181018,1441,75100,21
986,20181018,1442,75100,8
987,20181018,1444,75200,7
988,20181018,1445,75200,5
989,20181018,1446,75200,1
990,20181018,1447,75200,534
991,20181018,1448,75100,1156
992,20181018,1449,75300,900
993,20181018,1450,75600,1141
994,20181018,1451,75500,206
995,20181018,1453,75500,4
996,20181018,1454,75500,1
997,20181018,1455,75500,10
998,20181018,1456,75500,2
999,20181018,1457,75500,103
1000,20181018,1458,75500,20
1001,20181018,1459,75600,4
1002,20181018,1500,75600,3
1003,20181018,1501,75600,3
1004,20181018,1502,75600,109
1005,20181018,1503,75600,1
1006,20181018,1504,75600,3
1007,20181018,1505,75600,209
1008,20181018,1506,75600,7
1009,20181018,1507,75500,4
1010,20181018,1508,75600,10
1011,20181018,1509,75600,35
1012,20181018,1510,75500,67
1013,20181018,1511,75600,125
1014,20181018,1512,75600,106
1015,20181018,1513,75600,48
1016,20181018,1514,75600,723
1017,20181018,1515,75600,12
1018,20181018,1516,75500,68
1019,20181018,1517,75500,58
1020,20181018,1518,75600,171
1021,20181018,1519,75400,878
1022,20181018,1520,75400,358
1023,20181018,1530,75400,2287
0,20181019,901,74400,314
1,20181019,902,74900,1168
2,20181019,903,75100,24
3,20181019,904,75100,750
4,20181019,905,74900,6
5,20181019,906,74900,604
6,20181019,907,76100,79
7,20181019,908,75500,1
8,20181019,909,75500,10
9,20181019,910,75500,20
10,20181019,911,75900,129
11,20181019,912,75500,634
12,20181019,913,75300,15
13,20181019,914,75400,2
14,20181019,916,75400,149
15,20181019,917,75500,462
16,20181019,918,75700,29
17,20181019,919,75700,168
18,20181019,920,75700,83
19,20181019,921,75600,1
20,20181019,922,75600,66
21,20181019,923,75600,490
22,20181019,924,75500,116
23,20181019,925,75600,705
24,20181019,926,75200,194
25,20181019,927,75000,128
26,20181019,928,75000,18
27,20181019,929,74900,154
28,20181019,931,74900,2
29,20181019,932,74900,48
30,20181019,933,74900,41
31,20181019,934,74900,35
32,20181019,937,74900,10
33,20181019,939,74900,323
34,20181019,940,74700,36
35,20181019,941,74700,53
36,20181019,942,74800,105
37,20181019,943,74800,24
38,20181019,944,74700,10
39,20181019,945,74700,73
40,20181019,946,74700,153
41,20181019,947,74800,1
42,20181019,948,74700,242
43,20181019,949,74700,27
44,20181019,950,74700,379
45,20181019,951,74700,273
46,20181019,952,74800,1
47,20181019,954,74800,879
48,20181019,956,75200,12
49,20181019,957,75100,28
50,20181019,959,75200,88
51,20181019,1001,75400,226
52,20181019,1002,75400,44
53,20181019,1003,75500,246
54,20181019,1006,75600,115
55,20181019,1007,75600,333
56,20181019,1008,75700,10
57,20181019,1009,75700,47
58,20181019,1010,75700,2
59,20181019,1011,75700,525
60,20181019,1012,75300,72
61,20181019,1013,75400,171
62,20181019,1018,75600,127
63,20181019,1019,75600,1
64,20181019,1021,75600,244
65,20181019,1023,75500,70
66,20181019,1024,75500,228
67,20181019,1025,75400,20
68,20181019,1026,75400,267
69,20181019,1027,75400,5
70,20181019,1029,75300,34
71,20181019,1031,75300,10
72,20181019,1033,75300,10
73,20181019,1034,75300,12
74,20181019,1036,75300,334
75,20181019,1037,75500,507
76,20181019,1038,75600,41
77,20181019,1041,75600,433
78,20181019,1042,75800,98
79,20181019,1043,75800,1
80,20181019,1044,75800,7
81,20181019,1046,75700,10
82,20181019,1047,75800,1
83,20181019,1048,75800,1
84,20181019,1051,75700,1225
85,20181019,1052,75700,66
86,20181019,1053,75700,11
87,20181019,1054,75700,5
88,20181019,1055,75700,5
89,20181019,1056,75700,11
90,20181019,1058,75700,56
91,20181019,1059,75800,106
92,20181019,1100,75700,86
93,20181019,1101,75800,225
94,20181019,1105,75700,51
95,20181019,1106,75600,30
96,20181019,1107,75700,10
97,20181019,1108,75600,188
98,20181019,1109,75600,96
99,20181019,1110,75500,107
100,20181019,1111,75500,25
101,20181019,1112,75400,127
102,20181019,1113,75400,2
103,20181019,1115,75400,50
104,20181019,1116,75400,2
105,20181019,1117,75400,10
106,20181019,1119,75400,361
107,20181019,1120,75400,35
108,20181019,1121,75400,5
109,20181019,1122,75400,1
110,20181019,1123,75400,1
111,20181019,1124,75400,1
112,20181019,1126,75400,462
113,20181019,1127,75700,43
114,20181019,1128,75800,200
115,20181019,1129,75800,450
116,20181019,1131,76000,149
117,20181019,1132,75900,175
118,20181019,1136,75900,1
119,20181019,1137,75900,1
120,20181019,1138,75900,103
121,20181019,1139,75900,258
122,20181019,1140,76000,4
123,20181019,1141,75900,6
124,20181019,1142,75900,10
125,20181019,1144,75900,101
126,20181019,1145,75900,1
127,20181019,1146,75900,105
128,20181019,1147,75900,1
129,20181019,1148,75900,57
130,20181019,1149,75900,1
131,20181019,1152,75900,100
132,20181019,1153,75900,59
133,20181019,1154,75900,4
134,20181019,1155,75800,1
135,20181019,1157,75800,1
136,20181019,1159,75800,22
137,20181019,1200,75800,1
138,20181019,1201,75900,1
139,20181019,1202,75900,2
140,20181019,1203,75800,1
141,20181019,1205,75800,1
142,20181019,1206,75900,72
143,20181019,1208,75800,36
144,20181019,1209,75800,281
145,20181019,1210,75700,1
146,20181019,1211,75700,3
147,20181019,1212,75700,168
148,20181019,1213,75700,4
149,20181019,1214,75700,2
150,20181019,1215,75600,647
151,20181019,1216,75400,1
152,20181019,1218,75400,2
153,20181019,1220,75400,4
154,20181019,1222,75500,5
155,20181019,1223,75500,14
156,20181019,1224,75400,5
157,20181019,1225,75400,183
158,20181019,1226,75600,3
159,20181019,1229,75500,1
160,20181019,1230,75500,100
161,20181019,1231,75500,1
162,20181019,1232,75500,1
163,20181019,1234,75500,1
164,20181019,1235,75500,4
165,20181019,1236,75500,1230
166,20181019,1237,75500,105
167,20181019,1239,75500,21
168,20181019,1242,75500,2
169,20181019,1243,75600,35
170,20181019,1244,75600,173
171,20181019,1245,75600,442
172,20181019,1246,75800,105
173,20181019,1247,75700,1
174,20181019,1248,75800,10
175,20181019,1249,75800,12
176,20181019,1250,75800,747
177,20181019,1251,75700,191
178,20181019,1252,75700,12
179,20181019,1253,75600,90
180,20181019,1256,75700,1
181,20181019,1258,75600,1
182,20181019,1259,75600,34
183,20181019,1300,75600,2
184,20181019,1302,75600,4
185,20181019,1303,75700,1
186,20181019,1305,75700,24
187,20181019,1306,75700,127
188,20181019,1307,75600,47
189,20181019,1308,75700,8
190,20181019,1310,75700,21
191,20181019,1311,75700,640
192,20181019,1312,75800,16
193,20181019,1313,75800,8
194,20181019,1314,75800,44
195,20181019,1315,75800,426
196,20181019,1316,75800,14
197,20181019,1317,75900,231
198,20181019,1318,76000,26
199,20181019,1319,76000,53
200,20181019,1320,76000,14
201,20181019,1321,75900,3
202,20181019,1322,76000,23
203,20181019,1323,76000,461
204,20181019,1324,75900,36
205,20181019,1325,76000,20
206,20181019,1326,76000,7
207,20181019,1327,76000,26
208,20181019,1328,76000,12
209,20181019,1329,75900,20
210,20181019,1331,76000,14
211,20181019,1332,75900,1740
212,20181019,1333,76200,70
213,20181019,1334,76300,57
214,20181019,1335,76300,3
215,20181019,1336,76300,36
216,20181019,1337,76200,1
217,20181019,1338,76300,23
218,20181019,1339,76200,1
219,20181019,1340,76300,158
220,20181019,1341,76400,2
221,20181019,1342,76400,106
222,20181019,1343,76400,139
223,20181019,1344,76400,180
224,20181019,1345,76300,275
225,20181019,1346,76400,38
226,20181019,1347,76400,356
227,20181019,1348,76500,151
228,20181019,1349,76500,333
229,20181019,1350,76600,83
230,20181019,1351,76600,84
231,20181019,1352,76600,515
232,20181019,1353,76400,48
233,20181019,1354,76400,77
234,20181019,1355,76400,46
235,20181019,1356,76400,55
236,20181019,1357,76400,101
237,20181019,1358,76400,85
238,20181019,1359,76300,271
239,20181019,1400,76400,145
240,20181019,1401,76400,203
241,20181019,1402,76500,68
242,20181019,1403,76500,90
243,20181019,1404,76500,42
244,20181019,1405,76500,388
245,20181019,1406,76200,71
246,20181019,1407,76300,76
247,20181019,1408,76300,46
248,20181019,1409,76200,106
249,20181019,1410,76200,78
250,20181019,1411,76300,466
251,20181019,1412,76600,64
252,20181019,1413,76600,313
253,20181019,1414,76800,226
254,20181019,1415,76700,45
255,20181019,1416,76700,61
256,20181019,1417,76700,276
257,20181019,1418,76800,76
258,20181019,1419,76700,78
259,20181019,1420,76800,199
260,20181019,1421,76900,73
261,20181019,1422,76900,78
262,20181019,1423,77000,160
263,20181019,1424,77000,365
264,20181019,1425,77100,156
265,20181019,1426,77200,468
266,20181019,1427,77500,273
267,20181019,1428,77400,123
268,20181019,1429,77400,283
269,20181019,1430,77100,169
270,20181019,1431,77100,56
271,20181019,1432,77100,260
272,20181019,1433,77200,39
273,20181019,1434,77200,437
274,20181019,1435,77300,949
275,20181019,1436,77500,555
276,20181019,1437,77400,85
277,20181019,1438,77500,240
278,20181019,1439,77500,133
279,20181019,1440,77500,86
280,20181019,1441,77500,196
281,20181019,1442,77600,141
282,20181019,1443,77600,213
283,20181019,1444,77600,480
284,20181019,1445,77800,213
285,20181019,1446,77800,52
286,20181019,1447,77800,247
287,20181019,1448,77800,642
288,20181019,1449,77600,58
289,20181019,1450,77600,229
290,20181019,1451,77600,40
291,20181019,1452,77600,166
292,20181019,1453,77600,57
293,20181019,1454,77600,63
294,20181019,1455,77600,233
295,20181019,1456,77600,271
296,20181019,1457,77700,317
297,20181019,1458,77700,493
298,20181019,1459,77800,286
299,20181019,1500,78000,306
300,20181019,1501,78000,1027
301,20181019,1502,78200,360
302,20181019,1503,78100,330
303,20181019,1504,77900,82
304,20181019,1505,77800,478
305,20181019,1506,77800,72
306,20181019,1507,77900,115
307,20181019,1508,77800,143
308,20181019,1509,77700,92
309,20181019,1510,77800,351
310,20181019,1511,77800,190
311,20181019,1512,77700,462
312,20181019,1513,77700,384
313,20181019,1514,77700,44
314,20181019,1515,77600,2158
315,20181019,1516,77600,161
316,20181019,1517,77500,50
317,20181019,1518,77500,34
318,20181019,1519,77500,47
319,20181019,1520,77600,63
320,20181019,1530,77300,8980
0,20181022,901,77000,1200
1,20181022,902,75900,668
2,20181022,903,75600,666
3,20181022,904,75400,173
4,20181022,905,75500,113
5,20181022,906,75800,44
6,20181022,907,75800,32
7,20181022,908,76000,132
8,20181022,909,75900,1038
9,20181022,910,75400,47
10,20181022,911,75500,13
11,20181022,912,75500,294
12,20181022,913,75600,179
13,20181022,914,75500,36
14,20181022,915,75500,200
15,20181022,916,75600,60
16,20181022,917,75500,2
17,20181022,918,75600,36
18,20181022,919,75600,12
19,20181022,920,75600,48
20,20181022,921,75600,104
21,20181022,922,75500,422
22,20181022,923,75500,66
23,20181022,924,75500,93
24,20181022,925,75500,2000
25,20181022,926,75000,1183
26,20181022,927,74800,554
27,20181022,928,75000,221
28,20181022,929,74900,75
29,20181022,930,75000,65
30,20181022,931,75000,215
31,20181022,932,75000,576
32,20181022,933,74800,198
33,20181022,934,74900,208
34,20181022,935,74800,234
35,20181022,936,74800,165
36,20181022,937,74900,44
37,20181022,938,74800,219
38,20181022,939,74800,329
39,20181022,940,75000,18
40,20181022,941,75300,31
41,20181022,942,75000,90
42,20181022,943,75000,84
43,20181022,944,75000,111
44,20181022,945,75000,244
45,20181022,946,75000,722
46,20181022,947,74800,27
47,20181022,948,74700,94
48,20181022,949,74700,82
49,20181022,950,74800,345
50,20181022,951,74800,256
51,20181022,952,74700,96
52,20181022,953,74800,84
53,20181022,954,74800,110
54,20181022,955,74800,63
55,20181022,956,74700,73
56,20181022,957,74700,36
57,20181022,958,74700,144
58,20181022,959,74800,112
59,20181022,1000,74800,35
60,20181022,1001,74700,1156
61,20181022,1002,74600,390
62,20181022,1003,74500,59
63,20181022,1004,74500,111
64,20181022,1005,74600,520
65,20181022,1006,74600,103
66,20181022,1007,74600,135
67,20181022,1008,74700,121
68,20181022,1009,74700,115
69,20181022,1010,74600,89
70,20181022,1011,74700,59
71,20181022,1012,74700,77
72,20181022,1013,74700,167
73,20181022,1014,74600,27
74,20181022,1015,74500,258
75,20181022,1016,74500,58
76,20181022,1017,74500,193
77,20181022,1018,74500,227
78,20181022,1019,74500,96
79,20181022,1020,74500,26
80,20181022,1021,74500,89
81,20181022,1022,74500,19
82,20181022,1023,74400,535
83,20181022,1024,74600,139
84,20181022,1025,74600,29
85,20181022,1026,74600,276
86,20181022,1027,74500,47
87,20181022,1028,74500,178
88,20181022,1029,74700,181
89,20181022,1030,74600,32
90,20181022,1031,74900,79
91,20181022,1032,74800,24
92,20181022,1033,74700,89
93,20181022,1034,74800,36
94,20181022,1035,74800,80
95,20181022,1036,74700,74
96,20181022,1037,74700,169
97,20181022,1038,74800,342
98,20181022,1039,74800,116
99,20181022,1040,74600,43
100,20181022,1041,74600,1731
101,20181022,1042,74500,405
102,20181022,1043,74500,312
103,20181022,1044,74600,72
104,20181022,1045,74600,50
105,20181022,1046,74600,578
106,20181022,1047,74500,61
107,20181022,1048,74500,661
108,20181022,1049,74500,158
109,20181022,1050,74600,76
110,20181022,1051,74700,313
111,20181022,1052,74700,31
112,20181022,1053,74700,160
113,20181022,1054,74700,251
114,20181022,1055,74800,241
115,20181022,1056,74800,219
116,20181022,1057,74800,37
117,20181022,1058,74900,83
118,20181022,1059,74900,43
119,20181022,1100,74900,157
120,20181022,1101,74800,41
121,20181022,1102,74700,89
122,20181022,1103,74800,90
123,20181022,1104,74700,53
124,20181022,1105,74700,94
125,20181022,1106,74600,22
126,20181022,1107,74600,80
127,20181022,1108,74600,92
128,20181022,1109,74600,32
129,20181022,1110,74700,124
130,20181022,1111,74500,19
131,20181022,1112,74500,299
132,20181022,1113,74600,132
133,20181022,1114,74600,161
134,20181022,1115,74700,55
135,20181022,1116,74600,20
136,20181022,1117,74600,624
137,20181022,1118,74900,102
138,20181022,1119,74900,27
139,20181022,1120,74800,899
140,20181022,1121,74600,57
141,20181022,1122,74600,86
142,20181022,1123,74500,116
143,20181022,1124,74500,19
144,20181022,1125,74600,59
145,20181022,1126,74500,286
146,20181022,1127,74700,76
147,20181022,1128,74800,39
148,20181022,1129,74700,76
149,20181022,1130,74700,75
150,20181022,1131,74700,60
151,20181022,1132,74800,60
152,20181022,1133,74700,21
153,20181022,1134,74600,91
154,20181022,1135,74600,127
155,20181022,1136,74700,141
156,20181022,1137,74700,113
157,20181022,1138,74700,18
158,20181022,1139,74700,153
159,20181022,1140,74900,93
160,20181022,1141,74900,24
161,20181022,1142,74900,85
162,20181022,1143,74900,43
163,20181022,1144,74900,78
164,20181022,1145,74800,77
165,20181022,1146,74800,9
166,20181022,1147,74700,87
167,20181022,1148,74800,163
168,20181022,1149,74800,146
169,20181022,1150,74900,69
170,20181022,1151,74800,100
171,20181022,1152,74900,202
172,20181022,1153,75100,80
173,20181022,1154,74900,56
174,20181022,1155,74900,19
175,20181022,1156,74900,20
176,20181022,1157,74900,88
177,20181022,1158,74900,40
178,20181022,1159,75000,107
179,20181022,1200,75000,115
180,20181022,1201,75000,101
181,20181022,1202,75000,188
182,20181022,1203,75100,19
183,20181022,1204,75100,57
184,20181022,1205,75000,231
185,20181022,1206,74900,377
186,20181022,1207,74800,77
187,20181022,1208,74800,20
188,20181022,1209,74800,177
189,20181022,1210,74800,30
190,20181022,1211,74800,132
191,20181022,1212,74800,107
192,20181022,1213,74800,37
193,20181022,1214,74800,57
194,20181022,1215,74700,19
195,20181022,1216,74700,19
196,20181022,1217,74700,86
197,20181022,1218,74700,131
198,20181022,1219,74800,86
199,20181022,1220,74700,19
200,20181022,1221,74800,77
201,20181022,1222,74700,75
202,20181022,1223,74800,36
203,20181022,1224,74700,186
204,20181022,1225,74700,19
205,20181022,1226,74700,87
206,20181022,1227,74700,20
207,20181022,1228,74800,86
208,20181022,1229,74800,94
209,20181022,1230,74700,19
210,20181022,1231,74800,120
211,20181022,1232,74800,88
212,20181022,1233,74700,56
213,20181022,1234,74700,20
214,20181022,1235,74700,75
215,20181022,1236,74800,269
216,20181022,1237,74800,294
217,20181022,1238,75000,99
218,20181022,1239,74900,75
219,20181022,1240,74900,125
220,20181022,1241,75000,107
221,20181022,1242,75000,94
222,20181022,1243,75200,148
223,20181022,1244,75100,36
224,20181022,1245,75200,122
225,20181022,1246,75200,184
226,20181022,1247,75200,20
227,20181022,1248,75200,91
228,20181022,1249,75200,77
229,20181022,1250,75200,23
230,20181022,1251,75200,640
231,20181022,1252,75400,527
232,20181022,1253,75500,210
233,20181022,1254,75800,48
234,20181022,1255,75700,86
235,20181022,1256,75600,874
236,20181022,1257,75400,83
237,20181022,1258,75400,107
238,20181022,1259,75500,196
239,20181022,1300,75400,37
240,20181022,1301,75400,20
241,20181022,1302,75400,111
242,20181022,1303,75300,95
243,20181022,1304,75200,19
244,20181022,1305,75200,76
245,20181022,1306,75200,181
246,20181022,1307,75100,38
247,20181022,1308,75200,86
248,20181022,1309,75200,37
249,20181022,1310,75100,121
250,20181022,1311,75100,22
251,20181022,1312,75100,80
252,20181022,1313,75100,48
253,20181022,1314,75000,19
254,20181022,1315,75000,134
255,20181022,1316,75000,91
256,20181022,1317,75000,61
257,20181022,1318,75000,40
258,20181022,1319,74900,74
259,20181022,1320,74900,196
260,20181022,1321,74900,69
261,20181022,1322,74900,57
262,20181022,1323,74900,95
263,20181022,1324,74900,19
264,20181022,1325,74900,75
265,20181022,1326,74900,113
266,20181022,1327,74900,172
267,20181022,1328,75000,18
268,20181022,1329,75000,77
269,20181022,1330,75000,83
270,20181022,1331,75100,31
271,20181022,1332,75000,136
272,20181022,1333,75300,52
273,20181022,1334,75100,19
274,20181022,1335,75200,78
275,20181022,1336,75200,299
276,20181022,1337,75100,34
277,20181022,1338,75000,59
278,20181022,1339,74900,76
279,20181022,1340,75000,98
280,20181022,1341,74900,51
281,20181022,1342,75000,79
282,20181022,1343,74900,77
283,20181022,1344,74900,19
284,20181022,1345,74900,19
285,20181022,1346,74900,76
286,20181022,1347,74900,347
287,20181022,1348,75200,23
288,20181022,1349,75200,77
289,20181022,1350,75100,113
290,20181022,1351,75000,19
291,20181022,1352,75100,57
292,20181022,1353,75000,76
293,20181022,1354,75000,545
294,20181022,1355,74900,20
295,20181022,1356,74900,226
296,20181022,1357,74900,276
297,20181022,1358,75000,54
298,20181022,1359,74900,79
299,20181022,1400,74900,192
300,20181022,1401,75000,18
301,20181022,1402,75100,59
302,20181022,1403,75000,125
303,20181022,1404,75000,26
304,20181022,1405,75000,20
305,20181022,1406,75000,275
306,20181022,1407,75000,310
307,20181022,1408,74900,20
308,20181022,1409,74800,620
309,20181022,1410,74900,67
310,20181022,1411,74800,29
311,20181022,1412,74800,28
312,20181022,1413,74900,93
313,20181022,1414,74900,118
314,20181022,1415,74900,207
315,20181022,1416,74800,20
316,20181022,1417,74900,104
317,20181022,1418,74800,40
318,20181022,1419,74900,223
319,20181022,1420,74800,139
320,20181022,1421,74800,73
321,20181022,1422,74800,78
322,20181022,1423,74800,27
323,20181022,1424,74800,95
324,20181022,1425,74900,132
325,20181022,1426,74900,29
326,20181022,1427,74800,208
327,20181022,1428,74800,57
328,20181022,1429,74800,46
329,20181022,1430,74800,96
330,20181022,1431,74900,28
331,20181022,1432,74900,24
332,20181022,1433,74800,388
333,20181022,1434,75000,94
334,20181022,1435,75100,23
335,20181022,1436,75000,229
336,20181022,1437,75000,75
337,20181022,1438,74900,19
338,20181022,1439,75000,82
339,20181022,1440,74900,75
340,20181022,1441,74900,517
341,20181022,1442,74900,27
342,20181022,1443,74900,284
343,20181022,1444,74800,227
344,20181022,1445,74800,40
345,20181022,1446,74800,47
346,20181022,1447,74800,110
347,20181022,1448,74800,29
348,20181022,1449,74700,42
349,20181022,1450,74700,117
350,20181022,1451,74700,31
351,20181022,1452,74700,44
352,20181022,1453,74700,40
353,20181022,1454,74700,112
354,20181022,1455,74800,249
355,20181022,1456,74700,140
356,20181022,1457,74800,466
357,20181022,1458,74700,63
358,20181022,1459,74700,84
359,20181022,1500,74800,34
360,20181022,1501,74700,75
361,20181022,1502,74800,189
362,20181022,1503,74800,454
363,20181022,1504,74900,92
364,20181022,1505,74700,2
365,20181022,1507,74900,337
366,20181022,1508,74800,72
367,20181022,1509,74900,16
368,20181022,1510,75000,28
369,20181022,1511,74900,63
370,20181022,1512,75000,81
371,20181022,1513,75100,26
372,20181022,1514,75100,233
373,20181022,1515,75200,286
374,20181022,1516,75300,165
375,20181022,1517,75300,203
376,20181022,1518,75300,269
377,20181022,1519,75300,204
378,20181022,1520,75300,397
379,20181022,1530,75400,4093
380,20181023,901,74000,1888
381,20181023,902,74200,151
382,20181023,903,74400,107
383,20181023,904,74400,107
384,20181023,905,74400,801
385,20181023,906,74200,38
386,20181023,907,74400,183
387,20181023,908,74400,52
388,20181023,909,74400,303
389,20181023,910,74200,588
390,20181023,911,74100,64
391,20181023,912,74300,85
392,20181023,914,74300,170
393,20181023,915,74400,232
394,20181023,916,74500,432
395,20181023,917,74300,1274
396,20181023,918,74000,1283
397,20181023,919,73900,2228
398,20181023,920,73700,280
399,20181023,921,73900,37
400,20181023,922,73900,8
401,20181023,923,73900,6
402,20181023,924,73900,423
403,20181023,925,74100,150
404,20181023,926,74000,164
405,20181023,928,74000,54
406,20181023,929,73900,601
407,20181023,930,73900,114
408,20181023,931,73900,70
409,20181023,932,73800,490
410,20181023,933,73700,298
411,20181023,934,73700,40
412,20181023,935,73600,454
413,20181023,936,73600,168
414,20181023,937,73700,12
415,20181023,938,73700,14
416,20181023,939,73700,101
417,20181023,940,73600,181
418,20181023,941,73600,404
419,20181023,942,73500,658
420,20181023,943,73500,539
421,20181023,944,73500,151
422,20181023,945,73500,287
423,20181023,946,73500,173
424,20181023,947,73500,202
425,20181023,948,73600,17
426,20181023,949,73500,310
427,20181023,950,73400,2576
428,20181023,951,73300,50
429,20181023,952,73300,85
430,20181023,953,73300,225
431,20181023,954,73200,458
432,20181023,955,73300,192
433,20181023,956,73400,52
434,20181023,957,73400,12
435,20181023,958,73400,88
436,20181023,959,73400,148
437,20181023,1000,73300,730
438,20181023,1001,73100,475
439,20181023,1002,73100,309
440,20181023,1003,73200,276
441,20181023,1004,73400,179
442,20181023,1005,73200,183
443,20181023,1006,73100,138
444,20181023,1007,73400,290
445,20181023,1008,73400,150
446,20181023,1009,73200,44
447,20181023,1010,73200,161
448,20181023,1011,73200,115
449,20181023,1012,73200,174
450,20181023,1013,73200,172
451,20181023,1014,73300,347
452,20181023,1015,73300,59
453,20181023,1016,73200,88
454,20181023,1017,73200,391
455,20181023,1018,73300,190
456,20181023,1019,73300,43
457,20181023,1020,73400,33
458,20181023,1021,73200,111
459,20181023,1022,73200,32
460,20181023,1023,73200,218
461,20181023,1024,73100,2028
462,20181023,1025,73000,1036
463,20181023,1026,72800,441
464,20181023,1027,72700,379
465,20181023,1028,72700,295
466,20181023,1029,72600,375
467,20181023,1030,72700,454
468,20181023,1031,72600,100
469,20181023,1032,72700,104
470,20181023,1033,72600,117
471,20181023,1034,72600,118
472,20181023,1035,72700,667
473,20181023,1036,72800,195
474,20181023,1037,72700,97
475,20181023,1038,72700,357
476,20181023,1039,72700,172
477,20181023,1040,72600,464
478,20181023,1041,72600,562
479,20181023,1042,72700,450
480,20181023,1043,72900,161
481,20181023,1044,72900,82
482,20181023,1045,72900,491
483,20181023,1046,72800,176
484,20181023,1047,72700,148
485,20181023,1048,72800,28
486,20181023,1049,72700,228
487,20181023,1050,72700,524
488,20181023,1051,72600,1722
489,20181023,1052,72400,1000
490,20181023,1053,72400,382
491,20181023,1054,72400,513
492,20181023,1055,72400,122
493,20181023,1056,72300,103
494,20181023,1057,72400,424
495,20181023,1058,72300,86
496,20181023,1059,72400,142
497,20181023,1100,72400,255
498,20181023,1101,72300,151
499,20181023,1102,72300,180
500,20181023,1103,72400,167
501,20181023,1104,72400,77
502,20181023,1105,72300,333
503,20181023,1106,72300,41
504,20181023,1107,72300,53
505,20181023,1108,72400,95
506,20181023,1109,72300,103
507,20181023,1110,72400,63
508,20181023,1111,72400,105
509,20181023,1112,72300,161
510,20181023,1113,72300,126
511,20181023,1114,72400,662
512,20181023,1115,72600,135
513,20181023,1116,72500,40
514,20181023,1117,72500,116
515,20181023,1118,72400,1212
516,20181023,1119,72400,35
517,20181023,1120,72300,118
518,20181023,1121,72300,271
519,20181023,1122,72300,1870
520,20181023,1123,72100,258
521,20181023,1124,72200,158
522,20181023,1125,72200,274
523,20181023,1126,72300,159
524,20181023,1127,72200,429
525,20181023,1128,72000,112
526,20181023,1129,72000,97
527,20181023,1130,72000,558
528,20181023,1131,72100,66
529,20181023,1132,72000,981
530,20181023,1133,71900,403
531,20181023,1134,71800,170
532,20181023,1135,71800,403
533,20181023,1136,71700,125
534,20181023,1137,72000,216
535,20181023,1138,72000,203
536,20181023,1139,71800,44
537,20181023,1140,71800,137
538,20181023,1141,71800,196
539,20181023,1142,71700,273
540,20181023,1143,71800,174
541,20181023,1144,71800,58
542,20181023,1145,71800,137
543,20181023,1146,71900,108
544,20181023,1147,71800,417
545,20181023,1148,71900,94
546,20181023,1149,72000,297
547,20181023,1150,71900,175
548,20181023,1151,71900,110
549,20181023,1152,71800,124
550,20181023,1153,71800,55
551,20181023,1154,71900,172
552,20181023,1155,71800,72
553,20181023,1156,71800,112
554,20181023,1157,71800,168
555,20181023,1158,71800,49
556,20181023,1159,71800,112
557,20181023,1200,71800,234
558,20181023,1201,71900,58
559,20181023,1202,71800,633
560,20181023,1203,71700,501
561,20181023,1204,71800,49
562,20181023,1205,71700,510
563,20181023,1206,71900,133
564,20181023,1207,71700,75
565,20181023,1208,71700,7
566,20181023,1209,71700,151
567,20181023,1210,71700,1409
568,20181023,1211,71500,121
569,20181023,1212,71500,280
570,20181023,1213,71500,2407
571,20181023,1214,71200,241
572,20181023,1215,71200,197
573,20181023,1216,71100,311
574,20181023,1217,71200,40
575,20181023,1218,71200,210
576,20181023,1219,71200,234
577,20181023,1220,71300,702
578,20181023,1221,71300,151
579,20181023,1222,71300,597
580,20181023,1223,71500,124
581,20181023,1224,71500,108
582,20181023,1225,71500,165
583,20181023,1226,71400,310
584,20181023,1227,71400,104
585,20181023,1228,71400,356
586,20181023,1229,71500,41
587,20181023,1230,71400,1078
588,20181023,1231,71300,276
589,20181023,1232,71100,165
590,20181023,1233,71000,96
591,20181023,1234,71000,255
592,20181023,1235,71100,1137
593,20181023,1236,71100,146
594,20181023,1237,71200,835
595,20181023,1238,71000,175
596,20181023,1239,71000,300
597,20181023,1240,71100,545
598,20181023,1241,71000,309
599,20181023,1242,71000,59
600,20181023,1243,71000,55
601,20181023,1244,71000,228
602,20181023,1245,71000,284
603,20181023,1246,70900,186
604,20181023,1247,70800,440
605,20181023,1248,70800,364
606,20181023,1249,70800,119
607,20181023,1250,70800,215
608,20181023,1251,70800,181
609,20181023,1252,70800,42
610,20181023,1253,70900,229
611,20181023,1254,70900,3
612,20181023,1255,70900,374
613,20181023,1256,70900,174
614,20181023,1257,70900,3314
615,20181023,1258,70800,75
616,20181023,1259,70900,211
617,20181023,1300,70800,224
618,20181023,1301,71000,77
619,20181023,1302,70900,224
620,20181023,1303,70900,81
621,20181023,1304,70900,2039
622,20181023,1305,71300,201
623,20181023,1306,71100,53
624,20181023,1307,71100,140
625,20181023,1308,71200,416
626,20181023,1309,71100,230
627,20181023,1310,70900,171
628,20181023,1311,71100,160
629,20181023,1312,71100,161
630,20181023,1313,71100,42
631,20181023,1314,71100,98
632,20181023,1315,71100,117
633,20181023,1316,71200,403
634,20181023,1317,71300,152
635,20181023,1318,71100,105
636,20181023,1319,71100,337
637,20181023,1320,71200,143
638,20181023,1321,71100,53
639,20181023,1322,71200,692
640,20181023,1323,71300,124
641,20181023,1324,71300,43
642,20181023,1325,71100,156
643,20181023,1326,71100,379
644,20181023,1327,71400,99
645,20181023,1328,71300,624
646,20181023,1329,71100,164
647,20181023,1330,71000,95
648,20181023,1331,71000,119
649,20181023,1332,71000,248
650,20181023,1333,71000,143
651,20181023,1334,71000,36
652,20181023,1335,70900,966
653,20181023,1336,70900,100
654,20181023,1337,70800,304
655,20181023,1338,70800,144
656,20181023,1339,70700,132
657,20181023,1340,70700,483
658,20181023,1341,70800,178
659,20181023,1342,70800,93
660,20181023,1343,70800,266
661,20181023,1344,70900,174
662,20181023,1345,71000,101
663,20181023,1346,70900,4
664,20181023,1347,70900,270
665,20181023,1348,70900,44
666,20181023,1349,70900,63
667,20181023,1350,70900,173
668,20181023,1351,70900,101
669,20181023,1352,70900,36
670,20181023,1353,70800,129
671,20181023,1354,70800,98
672,20181023,1355,70800,97
673,20181023,1356,70900,53
674,20181023,1357,70900,573
675,20181023,1358,70900,53
676,20181023,1359,70900,44
677,20181023,1400,70900,324
678,20181023,1401,70900,54
679,20181023,1402,71000,45
680,20181023,1403,71000,98
681,20181023,1404,70900,138
682,20181023,1405,70900,835
683,20181023,1406,70800,241
684,20181023,1407,70700,67
685,20181023,1408,70700,50
686,20181023,1409,70800,482
687,20181023,1410,70600,368
688,20181023,1411,70600,422
689,20181023,1412,70700,100
690,20181023,1413,70700,1184
691,20181023,1414,70500,173
692,20181023,1415,70600,49
693,20181023,1416,70600,317
694,20181023,1417,70700,272
695,20181023,1418,70700,53
696,20181023,1419,70700,160
697,20181023,1420,70600,112
698,20181023,1421,70600,521
699,20181023,1422,70600,188
700,20181023,1423,70500,1687
701,20181023,1424,70400,52
702,20181023,1425,70400,134
703,20181023,1426,70400,343
704,20181023,1427,70300,245
705,20181023,1428,70300,381
706,20181023,1429,70200,208
707,20181023,1430,70100,77
708,20181023,1431,70100,359
709,20181023,1432,70200,303
710,20181023,1433,70200,253
711,20181023,1434,70200,126
712,20181023,1435,70200,271
713,20181023,1436,70200,52
714,20181023,1437,70200,51
715,20181023,1438,70300,180
716,20181023,1439,70300,2708
717,20181023,1440,70000,1654
718,20181023,1441,69800,2866
719,20181023,1442,69900,210
720,20181023,1443,69900,114
721,20181023,1444,69900,159
722,20181023,1445,69900,137
723,20181023,1446,69900,165
724,20181023,1447,69900,1048
725,20181023,1448,70200,795
726,20181023,1449,70000,377
727,20181023,1450,70100,58
728,20181023,1451,70000,544
729,20181023,1452,70000,973
730,20181023,1453,69900,212
731,20181023,1454,69900,758
732,20181023,1455,69900,715
733,20181023,1456,70000,237
734,20181023,1457,70200,194
735,20181023,1458,70200,383
736,20181023,1459,70200,322
737,20181023,1500,70300,269
738,20181023,1501,70100,85
739,20181023,1502,70000,55
740,20181023,1503,70000,66
741,20181023,1504,70000,121
742,20181023,1505,70000,449
743,20181023,1506,70100,179
744,20181023,1507,70100,133
745,20181023,1508,70100,560
746,20181023,1509,70000,123
747,20181023,1510,70100,240
748,20181023,1511,70000,1342
749,20181023,1512,70000,257
750,20181023,1513,70000,671
751,20181023,1514,70000,912
752,20181023,1515,70100,9
753,20181023,1516,70100,368
754,20181023,1517,70000,1323
755,20181023,1518,70200,1628
756,20181023,1519,70200,447
757,20181023,1520,70300,143
758,20181023,1530,70400,8236
759,20181024,901,70800,2738
760,20181024,902,71500,685
761,20181024,903,71300,71
762,20181024,904,71300,161
763,20181024,905,71600,106
764,20181024,906,71700,650
765,20181024,907,71500,711
766,20181024,908,72100,297
767,20181024,909,71900,192
768,20181024,910,71800,156
769,20181024,911,71700,237
770,20181024,912,71700,1084
771,20181024,913,72100,603
772,20181024,914,72100,263
773,20181024,915,72000,438
774,20181024,916,71800,142
775,20181024,917,71800,56
776,20181024,918,71700,71
777,20181024,919,71700,685
778,20181024,920,72200,396
779,20181024,921,72100,44
780,20181024,922,72200,421
781,20181024,923,72300,751
782,20181024,924,72400,350
783,20181024,925,72600,124
784,20181024,926,72600,202
785,20181024,927,72600,128
786,20181024,928,72500,179
787,20181024,929,72400,252
788,20181024,930,72200,22
789,20181024,931,72200,68
790,20181024,932,72200,140
791,20181024,933,72100,215
792,20181024,934,72200,54
793,20181024,935,72300,130
794,20181024,936,72400,333
795,20181024,937,72300,89
796,20181024,938,72200,155
797,20181024,939,72300,167
798,20181024,940,72300,223
799,20181024,941,72200,49
800,20181024,942,72200,64
801,20181024,943,72200,50
802,20181024,944,72200,7
803,20181024,945,72200,206
804,20181024,946,72200,112
805,20181024,947,72200,1202
806,20181024,948,71900,169
807,20181024,949,71900,364
808,20181024,950,71800,194
809,20181024,951,71700,112
810,20181024,952,71700,871
811,20181024,953,71500,214
812,20181024,954,71300,143
813,20181024,955,71600,1196
814,20181024,956,71900,225
815,20181024,957,71800,7
816,20181024,958,71800,187
817,20181024,959,71800,182
818,20181024,1000,71700,155
819,20181024,1001,71800,174
820,20181024,1002,71700,10
821,20181024,1003,71700,6
822,20181024,1004,71700,51
823,20181024,1005,71800,241
824,20181024,1006,71700,92
825,20181024,1007,71600,129
826,20181024,1008,71600,461
827,20181024,1009,71500,1301
828,20181024,1010,71200,194
829,20181024,1011,71100,315
830,20181024,1012,71100,201
831,20181024,1014,71000,263
832,20181024,1015,71000,626
833,20181024,1016,71100,108
834,20181024,1017,71100,10
835,20181024,1018,71100,3
836,20181024,1020,71100,975
837,20181024,1021,71400,444
838,20181024,1022,71200,733
839,20181024,1023,71200,27
840,20181024,1024,71200,12
841,20181024,1025,71200,155
842,20181024,1026,71000,90
843,20181024,1027,71000,160
844,20181024,1028,71100,136
845,20181024,1029,71300,366
846,20181024,1030,71400,254
847,20181024,1031,71400,99
848,20181024,1032,71400,518
849,20181024,1033,71100,384
850,20181024,1034,71500,338
851,20181024,1035,71500,495
852,20181024,1036,71700,1042
853,20181024,1037,72100,152
854,20181024,1038,71900,602
855,20181024,1039,72200,104
856,20181024,1040,72100,272
857,20181024,1041,72200,124
858,20181024,1042,72100,576
859,20181024,1043,71800,98
860,20181024,1044,71700,124
861,20181024,1045,71700,63
862,20181024,1046,71700,11
863,20181024,1047,71700,77
864,20181024,1048,71500,252
865,20181024,1049,71500,69
866,20181024,1050,71500,181
867,20181024,1051,71700,60
868,20181024,1053,71700,5
869,20181024,1054,71700,345
870,20181024,1055,71800,16
871,20181024,1056,71900,6
872,20181024,1057,71800,386
873,20181024,1058,71800,28
874,20181024,1059,71700,32
875,20181024,1100,71700,87
876,20181024,1101,71700,22
877,20181024,1102,71800,116
878,20181024,1103,71700,123
879,20181024,1104,71600,99
880,20181024,1105,71500,8
881,20181024,1106,71600,128
882,20181024,1107,71500,231
883,20181024,1108,71600,141
884,20181024,1109,71600,17
885,20181024,1110,71600,634
886,20181024,1111,71400,17
887,20181024,1112,71400,32
888,20181024,1113,71400,481
889,20181024,1114,71500,94
890,20181024,1115,71500,248
891,20181024,1116,71400,8
892,20181024,1117,71400,61
893,20181024,1118,71400,385
894,20181024,1119,71600,90
895,20181024,1120,71600,305
896,20181024,1121,71700,15
897,20181024,1122,71800,509
898,20181024,1123,71500,8
899,20181024,1124,71500,57
900,20181024,1125,71500,35
901,20181024,1126,71600,65
902,20181024,1127,71600,1349
903,20181024,1128,71700,241
904,20181024,1129,71700,120
905,20181024,1130,71600,35
906,20181024,1131,71700,189
907,20181024,1132,71700,399
908,20181024,1133,71700,468
909,20181024,1134,71500,270
910,20181024,1135,71300,32
911,20181024,1136,71300,8
912,20181024,1137,71300,15
913,20181024,1138,71400,41
914,20181024,1139,71400,89
915,20181024,1140,71300,32
916,20181024,1141,71300,7
917,20181024,1142,71300,8
918,20181024,1143,71300,379
919,20181024,1144,71400,47
920,20181024,1145,71400,28
921,20181024,1146,71300,8
922,20181024,1147,71300,10
923,20181024,1148,71300,180
924,20181024,1149,71500,15
925,20181024,1150,71400,8
926,20181024,1151,71400,31
927,20181024,1152,71400,8
928,20181024,1153,71400,704
929,20181024,1154,71600,26
930,20181024,1155,71600,8
931,20181024,1156,71600,31
932,20181024,1157,71600,8
933,20181024,1158,71600,50
934,20181024,1159,71600,8
935,20181024,1200,71600,261
936,20181024,1201,71500,70
937,20181024,1202,71700,471
938,20181024,1203,72000,100
939,20181024,1204,71800,7
940,20181024,1205,71800,52
941,20181024,1206,71900,338
942,20181024,1207,71900,7
943,20181024,1208,72000,214
944,20181024,1209,71900,9
945,20181024,1210,71900,9
946,20181024,1211,71900,39
947,20181024,1212,71900,80
948,20181024,1213,71900,8
949,20181024,1214,71900,45
950,20181024,1215,71900,8
951,20181024,1216,71900,401
952,20181024,1217,71900,78
953,20181024,1218,71900,276
954,20181024,1219,71900,34
955,20181024,1220,71900,8
956,20181024,1221,71900,1009
957,20181024,1222,72100,147
958,20181024,1223,72000,36
959,20181024,1224,72000,71
960,20181024,1225,72100,190
961,20181024,1226,72200,168
962,20181024,1227,72200,9
963,20181024,1228,72200,56
964,20181024,1229,72300,159
965,20181024,1230,72300,7
966,20181024,1231,72300,8
967,20181024,1232,72300,34
968,20181024,1233,72300,16
969,20181024,1234,72400,57
970,20181024,1235,72300,8
971,20181024,1236,72300,466
972,20181024,1237,72200,78
973,20181024,1238,72200,86
974,20181024,1239,72100,41
975,20181024,1240,72200,18
976,20181024,1241,72100,327
977,20181024,1242,72100,69
978,20181024,1243,72000,24
979,20181024,1244,72000,44
980,20181024,1245,72100,15
981,20181024,1246,72100,234
982,20181024,1247,72100,447
983,20181024,1248,72100,41
984,20181024,1249,72000,31
985,20181024,1250,72100,40
986,20181024,1251,72100,92
987,20181024,1252,72100,35
988,20181024,1253,72100,8
989,20181024,1254,72100,149
990,20181024,1255,72000,66
991,20181024,1256,72000,15
992,20181024,1257,72000,40
993,20181024,1258,72000,32
994,20181024,1259,72000,17
995,20181024,1300,72000,30
996,20181024,1301,72000,77
997,20181024,1302,72000,44
998,20181024,1303,72100,37
999,20181024,1304,72000,14
1000,20181024,1305,72000,31
1001,20181024,1306,72000,15
1002,20181024,1307,72000,46
1003,20181024,1308,72100,169
1004,20181024,1309,72100,21
1005,20181024,1310,72200,86
1006,20181024,1311,72100,7
1007,20181024,1312,72200,26
1008,20181024,1313,72100,109
1009,20181024,1314,72200,38
1010,20181024,1315,72200,40
1011,20181024,1316,72200,23
1012,20181024,1317,72200,30
1013,20181024,1318,72100,54
1014,20181024,1319,72200,17
1015,20181024,1320,72200,48
1016,20181024,1321,72200,133
1017,20181024,1322,72100,215
1018,20181024,1323,72100,30
1019,20181024,1324,72100,133
1020,20181024,1325,72100,135
1021,20181024,1326,72100,7
1022,20181024,1327,72100,23
1023,20181024,1328,72100,533
1024,20181024,1329,72000,246
1025,20181024,1330,72100,22
1026,20181024,1331,72100,117
1027,20181024,1332,72000,80
1028,20181024,1333,72100,31
1029,20181024,1334,72100,7
1030,20181024,1335,72100,68
1031,20181024,1336,72100,97
1032,20181024,1337,72000,112
1033,20181024,1338,72000,121
1034,20181024,1339,72000,172
1035,20181024,1340,72000,96
1036,20181024,1341,71900,92
1037,20181024,1342,71800,86
1038,20181024,1343,71800,31
1039,20181024,1344,71800,187
1040,20181024,1345,72000,7
1041,20181024,1346,72000,102
1042,20181024,1347,71900,58
1043,20181024,1348,71900,31
1044,20181024,1349,71900,190
1045,20181024,1350,71900,9
1046,20181024,1351,71800,131
1047,20181024,1352,71900,20
1048,20181024,1353,71900,85
1049,20181024,1354,71900,184
1050,20181024,1355,72000,44
1051,20181024,1356,72000,30
1052,20181024,1357,72000,234
1053,20181024,1358,72100,168
1054,20181024,1359,72100,89
1055,20181024,1400,72100,77
1056,20181024,1401,72100,106
1057,20181024,1402,72100,51
1058,20181024,1403,72000,167
1059,20181024,1404,71900,227
1060,20181024,1405,71700,421
1061,20181024,1406,71900,89
1062,20181024,1407,71700,8
1063,20181024,1408,71700,9
1064,20181024,1409,71700,140
1065,20181024,1410,71800,9
1066,20181024,1411,71900,156
1067,20181024,1412,71900,75
1068,20181024,1413,71800,61
1069,20181024,1414,71800,148
1070,20181024,1415,71800,184
1071,20181024,1416,71800,106
1072,20181024,1417,71800,119
1073,20181024,1418,71800,9
1074,20181024,1419,71800,33
1075,20181024,1420,71800,17
1076,20181024,1421,71800,392
1077,20181024,1422,71700,271
1078,20181024,1423,71700,463
1079,20181024,1424,71600,339
1080,20181024,1425,71500,345
1081,20181024,1426,71500,291
1082,20181024,1427,71400,36
1083,20181024,1428,71400,35
1084,20181024,1429,71400,229
1085,20181024,1430,71400,80
1086,20181024,1431,71400,96
1087,20181024,1432,71400,150
1088,20181024,1433,71400,459
1089,20181024,1434,71300,316
1090,20181024,1435,71400,576
1091,20181024,1436,71300,209
1092,20181024,1437,71100,274
1093,20181024,1438,71100,498
1094,20181024,1439,71400,456
1095,20181024,1440,71300,32
1096,20181024,1441,71300,203
1097,20181024,1442,71300,46
1098,20181024,1443,71300,51
1099,20181024,1444,71400,413
1100,20181024,1445,71300,47
1101,20181024,1446,71300,502
1102,20181024,1447,71100,123
1103,20181024,1448,71000,285
1104,20181024,1449,71000,218
1105,20181024,1450,71100,438
1106,20181024,1451,71100,53
1107,20181024,1452,71100,1640
1108,20181024,1453,70900,91
1109,20181024,1454,70900,728
1110,20181024,1455,71200,148
1111,20181024,1456,71200,45
1112,20181024,1457,71200,135
1113,20181024,1458,71100,216
1114,20181024,1459,71000,809
1115,20181024,1500,71000,171
1116,20181024,1501,71100,148
1117,20181024,1502,70900,206
1118,20181024,1503,71000,71
1119,20181024,1504,71000,191
1120,20181024,1505,70900,133
1121,20181024,1506,70900,119
1122,20181024,1507,70900,384
1123,20181024,1508,70900,255
1124,20181024,1509,70900,170
1125,20181024,1510,70800,282
1126,20181024,1511,70800,102
1127,20181024,1512,70800,197
1128,20181024,1513,70800,194
1129,20181024,1514,70800,189
1130,20181024,1515,70900,613
1131,20181024,1516,70900,318
1132,20181024,1517,71000,1295
1133,20181024,1518,71000,277
1134,20181024,1519,71000,627
1135,20181024,1520,71000,528
1136,20181024,1530,71100,4455
0,20181025,901,70900,2205
1,20181025,902,70200,1236
2,20181025,903,70200,309
3,20181025,904,70600,221
4,20181025,905,70600,1346
5,20181025,906,70900,471
6,20181025,907,70100,305
7,20181025,908,69300,531
8,20181025,909,69900,189
9,20181025,910,69700,936
10,20181025,911,69400,482
11,20181025,912,70000,442
12,20181025,913,69800,22
13,20181025,914,70000,309
14,20181025,915,69900,287
15,20181025,916,69800,59
16,20181025,917,69900,156
17,20181025,918,70000,581
18,20181025,919,70400,399
19,20181025,920,70100,129
20,20181025,921,70000,399
21,20181025,922,70000,864
22,20181025,923,70500,52
23,20181025,924,70400,5
24,20181025,925,70400,3
25,20181025,926,70400,510
26,20181025,927,70700,253
27,20181025,928,70700,23
28,20181025,929,70700,18
29,20181025,930,70600,210
30,20181025,931,70800,74
31,20181025,932,70800,65
32,20181025,933,70700,59
33,20181025,934,70900,55
34,20181025,935,70900,18
35,20181025,936,70900,1747
36,20181025,937,71300,380
37,20181025,938,71100,1
38,20181025,940,71000,10
39,20181025,941,71100,232
40,20181025,942,71300,46
41,20181025,943,71300,13
42,20181025,944,71300,437
43,20181025,945,71400,417
44,20181025,946,71400,185
45,20181025,947,71400,128
46,20181025,948,71400,57
47,20181025,949,71300,7
48,20181025,950,71300,17
49,20181025,951,71400,20
50,20181025,952,71400,268
51,20181025,953,71400,55
52,20181025,954,71400,438
53,20181025,955,71000,140
54,20181025,956,71100,571
55,20181025,957,71000,43
56,20181025,958,70900,1
57,20181025,959,71000,1017
58,20181025,1000,70300,33
59,20181025,1001,70500,541
60,20181025,1002,70500,225
61,20181025,1003,70700,71
62,20181025,1004,70900,85
63,20181025,1005,70800,44
64,20181025,1006,70800,1127
65,20181025,1007,70200,178
66,20181025,1008,70500,36
67,20181025,1009,70400,5
68,20181025,1010,70400,995
69,20181025,1011,70000,602
70,20181025,1012,69900,1812
71,20181025,1013,69500,467
72,20181025,1014,69500,297
73,20181025,1015,69400,403
74,20181025,1016,69500,134
75,20181025,1017,69500,320
76,20181025,1018,69300,91
77,20181025,1019,69400,1676
78,20181025,1020,69400,7849
79,20181025,1021,69400,1114
80,20181025,1022,69400,31
81,20181025,1023,69400,131
82,20181025,1024,69400,66
83,20181025,1025,69400,32
84,20181025,1026,69400,98
85,20181025,1027,69400,35
86,20181025,1028,69300,310
87,20181025,1029,69400,120
88,20181025,1030,69400,3491
89,20181025,1031,69900,56
90,20181025,1032,69700,17
91,20181025,1033,69800,222
92,20181025,1034,69900,169
93,20181025,1035,69600,161
94,20181025,1036,69400,567
95,20181025,1037,69100,580
96,20181025,1038,69200,961
97,20181025,1039,69300,495
98,20181025,1040,69200,172
99,20181025,1041,69100,155
100,20181025,1042,69100,3
101,20181025,1043,69000,46
102,20181025,1044,69000,29
103,20181025,1045,69000,15
104,20181025,1046,69000,461
105,20181025,1047,68900,313
106,20181025,1048,68900,195
107,20181025,1049,68900,66
108,20181025,1050,68800,103
109,20181025,1051,68800,740
110,20181025,1052,68500,791
111,20181025,1053,68400,666
112,20181025,1054,68600,932
113,20181025,1055,68900,370
114,20181025,1056,69000,332
115,20181025,1057,69300,135
116,20181025,1058,69100,203
117,20181025,1059,69100,14
118,20181025,1100,69100,33
119,20181025,1101,69100,21
120,20181025,1102,69100,639
121,20181025,1103,68900,76
122,20181025,1104,68800,18
123,20181025,1105,68800,171
124,20181025,1106,68800,369
125,20181025,1107,69300,42
126,20181025,1108,69100,32
127,20181025,1109,69100,685
128,20181025,1111,69100,128
129,20181025,1112,69100,23
130,20181025,1113,69100,597
131,20181025,1114,69900,290
132,20181025,1115,69600,86
133,20181025,1116,69700,227
134,20181025,1117,69200,104
135,20181025,1118,69400,12
136,20181025,1119,69400,1
137,20181025,1120,69300,6
138,20181025,1121,69400,44
139,20181025,1122,69400,13
140,20181025,1123,69400,12
141,20181025,1124,69400,297
142,20181025,1125,69600,94
143,20181025,1126,69800,99
144,20181025,1127,69900,245
145,20181025,1128,70000,296
146,20181025,1129,70200,287
147,20181025,1130,70400,647
148,20181025,1131,70200,72
149,20181025,1134,70000,124
150,20181025,1135,70000,44
151,20181025,1136,70000,2
152,20181025,1137,70000,1
153,20181025,1139,70000,46
154,20181025,1140,70000,20
155,20181025,1141,70000,501
156,20181025,1142,69500,145
157,20181025,1143,69600,17
158,20181025,1144,69500,24
159,20181025,1145,69500,13
160,20181025,1146,69400,50
161,20181025,1147,69500,31
162,20181025,1148,69500,26
163,20181025,1149,69400,49
164,20181025,1150,69500,35
165,20181025,1151,69500,42
166,20181025,1152,69500,41
167,20181025,1153,69500,9
168,20181025,1154,69500,33
169,20181025,1155,69500,640
170,20181025,1156,69900,63
171,20181025,1157,69800,97
172,20181025,1158,69800,55
173,20181025,1159,69800,19
174,20181025,1200,69700,65
175,20181025,1201,69800,9
176,20181025,1202,69800,68
177,20181025,1203,69700,261
178,20181025,1204,69500,17
179,20181025,1205,69500,325
180,20181025,1206,69400,1
181,20181025,1207,69500,23
182,20181025,1208,69500,18
183,20181025,1209,69500,26
184,20181025,1210,69400,21
185,20181025,1211,69500,40
186,20181025,1212,69500,1
187,20181025,1213,69500,27
188,20181025,1214,69500,98
189,20181025,1215,69500,423
190,20181025,1216,69800,11
191,20181025,1217,69800,156
192,20181025,1218,69600,11
193,20181025,1219,69600,11
194,20181025,1220,69600,75
195,20181025,1222,69600,16
196,20181025,1223,69600,143
197,20181025,1224,69700,13
198,20181025,1225,69700,32
199,20181025,1226,69700,232
200,20181025,1227,69600,45
201,20181025,1228,69800,109
202,20181025,1229,69800,47
203,20181025,1230,69800,141
204,20181025,1231,69800,13
205,20181025,1232,69800,13
206,20181025,1233,69800,398
207,20181025,1234,69800,48
208,20181025,1235,69800,91
209,20181025,1236,69800,569
210,20181025,1237,70000,74
211,20181025,1238,70000,10
212,20181025,1239,70000,25
213,20181025,1240,70000,21
214,20181025,1241,70000,15
215,20181025,1242,70000,18
216,20181025,1243,70000,26
217,20181025,1244,70000,22
218,20181025,1245,70000,19
219,20181025,1246,70000,22
220,20181025,1247,70000,36
221,20181025,1248,70000,26
222,20181025,1249,70000,22
223,20181025,1250,70000,16
224,20181025,1251,70000,20
225,20181025,1252,70000,32
226,20181025,1253,70000,13
227,20181025,1254,70000,32
228,20181025,1255,70000,25
229,20181025,1256,70000,301
230,20181025,1257,70000,311
231,20181025,1258,70100,610
232,20181025,1259,70400,48
233,20181025,1300,70400,33
234,20181025,1301,70400,916
235,20181025,1302,70300,281
236,20181025,1303,70400,55
237,20181025,1304,70400,10
238,20181025,1305,70400,58
239,20181025,1306,70400,13
240,20181025,1307,70300,54
241,20181025,1308,70400,62
242,20181025,1309,70300,73
243,20181025,1310,70300,120
244,20181025,1311,70200,63
245,20181025,1312,70300,10
246,20181025,1313,70300,78
247,20181025,1314,70300,238
248,20181025,1315,70200,199
249,20181025,1316,70300,185
250,20181025,1317,70300,65
251,20181025,1318,70400,470
252,20181025,1319,70400,196
253,20181025,1320,70500,61
254,20181025,1321,70400,66
255,20181025,1322,70500,17
256,20181025,1323,70400,122
257,20181025,1324,70300,130
258,20181025,1325,70200,85
259,20181025,1326,70300,6
260,20181025,1327,70300,109
261,20181025,1328,70200,381
262,20181025,1329,70300,42
263,20181025,1330,70300,272
264,20181025,1332,70400,550
265,20181025,1333,70400,26
266,20181025,1334,70300,18
267,20181025,1335,70300,11
268,20181025,1336,70300,33
269,20181025,1337,70300,27
270,20181025,1338,70300,821
271,20181025,1339,70700,9
272,20181025,1340,70700,30
273,20181025,1341,70700,379
274,20181025,1342,70800,598
275,20181025,1343,71200,413
276,20181025,1344,70800,169
277,20181025,1345,70700,163
278,20181025,1346,70700,300
279,20181025,1347,70700,199
280,20181025,1348,70900,129
281,20181025,1349,71000,81
282,20181025,1350,71000,68
283,20181025,1351,71000,12
284,20181025,1352,70900,268
285,20181025,1353,70900,16
286,20181025,1354,70900,15
287,20181025,1355,70900,11
288,20181025,1356,70900,33
289,20181025,1357,70900,29
290,20181025,1358,70900,23
291,20181025,1359,70800,1065
292,20181025,1401,70300,242
293,20181025,1402,70100,11
294,20181025,1403,70100,276
295,20181025,1404,70100,6
296,20181025,1405,70100,42
297,20181025,1406,70100,2
298,20181025,1407,70100,62
299,20181025,1408,70100,487
300,20181025,1409,70500,432
301,20181025,1410,70400,38
302,20181025,1411,70400,188
303,20181025,1412,70300,20
304,20181025,1413,70400,5
305,20181025,1414,70300,15
306,20181025,1415,70300,420
307,20181025,1416,70200,44
308,20181025,1417,70100,293
309,20181025,1418,70200,689
310,20181025,1419,70100,64
311,20181025,1420,70100,190
312,20181025,1421,70100,364
313,20181025,1422,70000,470
314,20181025,1423,70100,496
315,20181025,1424,70300,6
316,20181025,1425,70300,3
317,20181025,1426,70300,14
318,20181025,1427,70300,35
319,20181025,1428,70300,2
320,20181025,1429,70300,33
321,20181025,1430,70300,1735
322,20181025,1431,70600,361
323,20181025,1432,70800,300
324,20181025,1433,71000,29
325,20181025,1434,70900,58
326,20181025,1435,71000,1197
327,20181025,1436,70800,90
328,20181025,1437,70700,21
329,20181025,1438,70800,123
330,20181025,1439,70700,23
331,20181025,1440,70700,454
332,20181025,1441,70400,72
333,20181025,1442,70400,153
334,20181025,1443,70300,147
335,20181025,1444,70400,89
336,20181025,1445,70400,2
337,20181025,1446,70300,18
338,20181025,1447,70400,10
339,20181025,1448,70400,838
340,20181025,1449,70300,683
341,20181025,1451,70200,906
342,20181025,1452,70300,126
343,20181025,1453,70300,21
344,20181025,1454,70300,953
345,20181025,1455,70000,162
346,20181025,1456,69900,128
347,20181025,1457,70000,170
348,20181025,1458,70100,269
349,20181025,1459,70200,337
350,20181025,1500,70200,50
351,20181025,1501,70300,691
352,20181025,1502,70200,180
353,20181025,1503,70300,17
354,20181025,1504,70300,1719
355,20181025,1505,70500,335
356,20181025,1506,70700,91
357,20181025,1507,70800,167
358,20181025,1508,70800,358
359,20181025,1509,70800,121
360,20181025,1510,70800,3028
361,20181025,1511,70700,110
362,20181025,1512,70600,201
363,20181025,1513,70600,186
364,20181025,1514,70700,189
365,20181025,1515,70700,43
366,20181025,1516,70800,392
367,20181025,1517,70900,243
368,20181025,1518,70900,84
369,20181025,1519,71000,528
370,20181025,1520,71000,1087
371,20181025,1530,71300,5483
372,20181026,901,71300,739
373,20181026,902,71300,516
374,20181026,903,71200,58
375,20181026,904,71100,41
376,20181026,905,71100,32
377,20181026,906,71000,15
378,20181026,908,71000,130
379,20181026,909,71000,222
380,20181026,910,70800,90
381,20181026,911,70700,81
382,20181026,912,70700,431
383,20181026,913,70400,490
384,20181026,914,70200,171
385,20181026,915,70200,320
386,20181026,916,70100,44
387,20181026,917,70300,262
388,20181026,919,70500,47
389,20181026,920,70600,46
390,20181026,921,70600,349
391,20181026,922,70400,414
392,20181026,923,69800,73
393,20181026,925,69900,722
394,20181026,926,70300,17
395,20181026,927,70100,273
396,20181026,928,70400,115
397,20181026,929,70400,11
398,20181026,930,70300,10
399,20181026,931,70400,60
400,20181026,932,70200,92
401,20181026,933,70000,591
402,20181026,934,69600,250
403,20181026,935,69700,128
404,20181026,936,69800,243
405,20181026,937,70200,53
406,20181026,938,70200,90
407,20181026,939,70100,170
408,20181026,940,70100,319
409,20181026,941,70200,209
410,20181026,942,70200,203
411,20181026,943,70000,51
412,20181026,944,70000,266
413,20181026,945,70100,143
414,20181026,946,69900,50
415,20181026,947,69900,14
416,20181026,948,69900,46
417,20181026,949,69900,108
418,20181026,950,69900,84
419,20181026,951,69900,10
420,20181026,952,69900,478
421,20181026,953,70200,5
422,20181026,954,70200,73
423,20181026,955,70100,20
424,20181026,956,70100,122
425,20181026,957,70200,89
426,20181026,958,70100,16
427,20181026,959,70100,245
428,20181026,1000,70000,249
429,20181026,1001,70100,249
430,20181026,1002,69900,80
431,20181026,1003,70000,1
432,20181026,1004,70100,60
433,20181026,1005,70000,70
434,20181026,1006,69900,57
435,20181026,1007,70000,3
436,20181026,1008,69900,182
437,20181026,1009,69900,1
438,20181026,1010,69900,157
439,20181026,1011,69800,24
440,20181026,1012,69800,271
441,20181026,1013,69600,462
442,20181026,1014,69600,352
443,20181026,1016,69500,160
444,20181026,1017,69500,76
445,20181026,1018,69400,331
446,20181026,1019,69400,23
447,20181026,1020,69400,189
448,20181026,1021,69400,52
449,20181026,1022,69500,51
450,20181026,1023,69500,163
451,20181026,1024,69500,79
452,20181026,1025,69400,38
453,20181026,1026,69300,179
454,20181026,1027,69400,9
455,20181026,1028,69300,108
456,20181026,1029,69400,18
457,20181026,1030,69400,61
458,20181026,1031,69300,6
459,20181026,1032,69300,420
460,20181026,1033,69200,156
461,20181026,1034,69300,55
462,20181026,1035,69300,148
463,20181026,1036,69200,596
464,20181026,1037,69100,504
465,20181026,1038,69100,860
466,20181026,1039,69000,206
467,20181026,1040,68800,432
468,20181026,1041,68600,1664
469,20181026,1042,68600,370
470,20181026,1043,68900,253
471,20181026,1044,68800,108
472,20181026,1045,68700,579
473,20181026,1046,68600,605
474,20181026,1047,68500,134
475,20181026,1048,68500,58
476,20181026,1049,68500,224
477,20181026,1050,68500,138
478,20181026,1051,68500,121
479,20181026,1052,68500,1291
480,20181026,1053,68600,337
481,20181026,1055,68600,23
482,20181026,1056,68600,135
483,20181026,1057,68600,162
484,20181026,1058,68600,278
485,20181026,1059,68900,264
486,20181026,1100,69400,51
487,20181026,1101,69400,73
488,20181026,1102,69300,35
489,20181026,1103,69000,58
490,20181026,1104,69100,57
491,20181026,1105,69100,62
492,20181026,1106,69100,51
493,20181026,1107,69000,526
494,20181026,1108,68800,75
495,20181026,1109,68800,63
496,20181026,1110,68800,357
497,20181026,1111,68600,64
498,20181026,1112,68500,194
499,20181026,1113,68500,164
500,20181026,1114,68500,7
501,20181026,1115,68600,59
502,20181026,1116,68500,189
503,20181026,1117,68500,57
504,20181026,1118,68600,54
505,20181026,1119,68600,60
506,20181026,1120,68600,7
507,20181026,1121,68600,227
508,20181026,1122,68600,5
509,20181026,1123,68500,124
510,20181026,1124,68600,14
511,20181026,1125,68500,1121
512,20181026,1126,68200,989
513,20181026,1127,68100,384
514,20181026,1128,68100,41
515,20181026,1129,68100,86
516,20181026,1130,68200,218
517,20181026,1131,68100,126
518,20181026,1132,68100,1328
519,20181026,1133,67900,161
520,20181026,1134,67800,39
521,20181026,1135,67900,160
522,20181026,1136,68000,1
523,20181026,1137,68000,96
524,20181026,1139,67900,403
525,20181026,1140,68100,4
526,20181026,1141,68000,61
527,20181026,1142,68100,6
528,20181026,1143,68100,531
529,20181026,1144,68500,207
530,20181026,1145,68700,161
531,20181026,1146,68300,2
532,20181026,1147,68400,64
533,20181026,1148,68400,58
534,20181026,1149,68400,183
535,20181026,1150,68500,4
536,20181026,1151,68500,60
537,20181026,1153,68400,58
538,20181026,1154,68400,10
539,20181026,1155,68300,56
540,20181026,1156,68400,10
541,20181026,1157,68400,215
542,20181026,1158,68100,283
543,20181026,1159,68300,96
544,20181026,1200,68300,17
545,20181026,1201,68200,14
546,20181026,1202,68100,94
547,20181026,1204,68100,294
548,20181026,1206,68100,47
549,20181026,1207,68000,6
550,20181026,1208,68000,129
551,20181026,1209,68000,1
552,20181026,1210,68000,453
553,20181026,1211,67900,1376
554,20181026,1212,67400,587
555,20181026,1213,67700,4
556,20181026,1214,67700,62
557,20181026,1215,67700,2
558,20181026,1216,67800,174
559,20181026,1217,67700,4
560,20181026,1218,67700,271
561,20181026,1219,67700,1
562,20181026,1220,67700,117
563,20181026,1221,67600,221
564,20181026,1222,67500,260
565,20181026,1223,67600,60
566,20181026,1224,67500,660
567,20181026,1225,67400,761
568,20181026,1226,67800,92
569,20181026,1227,67300,90
570,20181026,1228,67300,160
571,20181026,1229,67500,38
572,20181026,1230,67400,165
573,20181026,1231,67300,273
574,20181026,1232,67100,249
575,20181026,1233,67100,293
576,20181026,1234,67100,86
577,20181026,1235,67000,3
578,20181026,1236,67000,26
579,20181026,1237,67000,1297
580,20181026,1238,66900,280
581,20181026,1239,67000,979
582,20181026,1240,67100,688
583,20181026,1241,67600,10
584,20181026,1242,67700,65
585,20181026,1243,67600,119
586,20181026,1244,67500,219
587,20181026,1245,67300,13
588,20181026,1246,67300,174
589,20181026,1247,67200,232
590,20181026,1248,67400,562
591,20181026,1249,67200,44
592,20181026,1250,67400,70
593,20181026,1251,67200,3
594,20181026,1252,67200,63
595,20181026,1253,67200,71
596,20181026,1254,67200,167
597,20181026,1255,67000,9
598,20181026,1256,67100,57
599,20181026,1257,67100,785
600,20181026,1258,67300,37
601,20181026,1259,67200,15
602,20181026,1300,67200,212
603,20181026,1301,67300,13
604,20181026,1302,67200,34
605,20181026,1303,67200,57
606,20181026,1304,67200,22
607,20181026,1305,67200,70
608,20181026,1306,67300,12
609,20181026,1307,67200,57
610,20181026,1308,67200,11
611,20181026,1309,67200,59
612,20181026,1310,67200,1116
613,20181026,1311,67600,92
614,20181026,1312,67600,8
615,20181026,1313,67600,63
616,20181026,1314,67500,292
617,20181026,1315,67500,101
618,20181026,1316,67400,129
619,20181026,1317,67400,66
620,20181026,1318,67400,130
621,20181026,1319,67400,114
622,20181026,1320,67300,1
623,20181026,1321,67300,60
624,20181026,1322,67300,225
625,20181026,1323,67300,59
626,20181026,1324,67300,12
627,20181026,1325,67200,128
628,20181026,1326,67300,53
629,20181026,1327,67300,65
630,20181026,1328,67200,23
631,20181026,1329,67300,176
632,20181026,1330,67200,15
633,20181026,1331,67200,470
634,20181026,1332,67200,312
635,20181026,1333,67300,119
636,20181026,1334,67300,422
637,20181026,1335,67600,103
638,20181026,1336,67400,49
639,20181026,1337,67400,110
640,20181026,1338,67400,7
641,20181026,1339,67400,435
642,20181026,1340,67500,134
643,20181026,1341,67400,347
644,20181026,1342,67600,416
645,20181026,1343,67800,103
646,20181026,1344,67800,165
647,20181026,1345,67900,459
648,20181026,1346,68300,234
649,20181026,1347,68200,132
650,20181026,1348,68100,73
651,20181026,1349,68200,271
652,20181026,1350,68200,450
653,20181026,1351,68300,61
654,20181026,1352,68200,471
655,20181026,1353,68300,129
656,20181026,1354,68200,2
657,20181026,1355,68300,135
658,20181026,1356,68300,131
659,20181026,1357,68300,214
660,20181026,1358,68400,173
661,20181026,1359,68400,131
662,20181026,1400,68200,156
663,20181026,1401,68300,232
664,20181026,1402,68400,748
665,20181026,1403,68400,122
666,20181026,1404,68200,140
667,20181026,1405,68300,103
668,20181026,1406,68400,246
669,20181026,1407,68400,164
670,20181026,1408,68300,309
671,20181026,1409,68400,174
672,20181026,1410,68700,60
673,20181026,1411,68600,144
674,20181026,1412,68600,1225
675,20181026,1413,68300,315
676,20181026,1414,68500,103
677,20181026,1415,68400,361
678,20181026,1416,68200,283
679,20181026,1417,68400,5
680,20181026,1418,68200,423
681,20181026,1419,68000,178
682,20181026,1420,68100,67
683,20181026,1421,68200,47
684,20181026,1422,68200,185
685,20181026,1423,68100,259
686,20181026,1424,67900,212
687,20181026,1425,67800,4
688,20181026,1426,67800,256
689,20181026,1427,67800,5
690,20181026,1428,67700,72
691,20181026,1429,67700,15
692,20181026,1430,67600,159
693,20181026,1431,67500,217
694,20181026,1432,67500,225
695,20181026,1433,67300,14
696,20181026,1434,67300,77
697,20181026,1435,67300,20
698,20181026,1436,67400,62
699,20181026,1437,67400,419
700,20181026,1438,67400,122
701,20181026,1439,67400,1391
702,20181026,1440,67600,194
703,20181026,1441,67800,4
704,20181026,1442,67700,85
705,20181026,1443,67700,45
706,20181026,1444,67700,277
707,20181026,1445,67700,86
708,20181026,1446,67700,101
709,20181026,1447,67600,2
710,20181026,1448,67600,214
711,20181026,1449,67500,31
712,20181026,1450,67500,440
713,20181026,1451,67400,167
714,20181026,1452,67400,208
715,20181026,1453,67400,469
716,20181026,1454,67500,133
717,20181026,1455,67300,688
718,20181026,1456,67300,692
719,20181026,1457,67200,14
720,20181026,1458,67100,84
721,20181026,1459,67100,1955
722,20181026,1500,66800,73
723,20181026,1501,66900,68
724,20181026,1502,66900,3051
725,20181026,1503,67300,813
726,20181026,1504,67200,1926
727,20181026,1505,67200,23
728,20181026,1506,67200,473
729,20181026,1507,67400,61
730,20181026,1508,67300,356
731,20181026,1509,67100,131
732,20181026,1510,67200,103
733,20181026,1511,67100,105
734,20181026,1512,67100,155
735,20181026,1513,67100,280
736,20181026,1514,67200,838
737,20181026,1515,67300,373
738,20181026,1516,67600,281
739,20181026,1517,67400,20
740,20181026,1518,67500,127
741,20181026,1519,67600,370
742,20181026,1520,67600,781
743,20181026,1530,67600,4131
0,20181029,901,66900,1919
1,20181029,902,67600,1417
2,20181029,903,68700,186
3,20181029,904,68600,490
4,20181029,905,68600,394
5,20181029,906,68800,881
6,20181029,907,69200,237
7,20181029,908,68700,421
8,20181029,909,68500,695
9,20181029,910,68500,124
10,20181029,911,69100,149
11,20181029,912,68600,422
12,20181029,913,69100,388
13,20181029,914,69000,119
14,20181029,915,68900,606
15,20181029,916,68600,341
16,20181029,917,68700,314
17,20181029,918,68700,148
18,20181029,919,68400,119
19,20181029,920,68700,689
20,20181029,921,68800,100
21,20181029,922,68900,1623
22,20181029,923,69000,237
23,20181029,924,68900,205
24,20181029,925,69000,116
25,20181029,926,68900,789
26,20181029,927,69000,151
27,20181029,928,69000,53
28,20181029,929,69000,352
29,20181029,930,69000,364
30,20181029,931,69200,5
31,20181029,932,69100,360
32,20181029,933,69100,7
33,20181029,934,69100,412
34,20181029,935,69200,73
35,20181029,936,69100,196
36,20181029,937,69000,36
37,20181029,938,69100,135
38,20181029,939,69200,536
39,20181029,940,69300,41
40,20181029,941,69300,260
41,20181029,942,69200,1
42,20181029,943,69200,12
43,20181029,944,69200,78
44,20181029,945,69000,388
45,20181029,946,68800,34
46,20181029,947,68900,101
47,20181029,948,68800,184
48,20181029,949,68800,95
49,20181029,950,68800,101
50,20181029,951,68800,113
51,20181029,952,68600,160
52,20181029,953,68800,166
53,20181029,954,68600,162
54,20181029,955,68400,147
55,20181029,956,68400,234
56,20181029,957,68400,57
57,20181029,958,68400,17
58,20181029,959,68400,382
59,20181029,1000,68400,106
60,20181029,1001,68400,208
61,20181029,1002,68400,993
62,20181029,1003,68900,46
63,20181029,1004,68800,270
64,20181029,1005,68500,1
65,20181029,1006,68700,7
66,20181029,1007,68700,8
67,20181029,1008,68700,225
68,20181029,1009,68800,115
69,20181029,1010,68500,107
70,20181029,1011,68800,19
71,20181029,1012,68700,5
72,20181029,1013,68600,14
73,20181029,1014,68600,257
74,20181029,1015,68700,30
75,20181029,1016,68600,25
76,20181029,1017,68600,37
77,20181029,1018,68600,4
78,20181029,1019,68500,36
79,20181029,1020,68600,118
80,20181029,1021,68600,74
81,20181029,1022,68500,195
82,20181029,1023,68700,5
83,20181029,1024,68700,16
84,20181029,1026,68500,4
85,20181029,1027,68400,246
86,20181029,1028,68300,157
87,20181029,1029,68300,87
88,20181029,1030,68400,509
89,20181029,1031,68700,31
90,20181029,1032,68600,190
91,20181029,1033,68400,12
92,20181029,1034,68400,198
93,20181029,1035,68500,247
94,20181029,1036,68500,31
95,20181029,1037,68400,207
96,20181029,1038,68400,54
97,20181029,1039,68300,127
98,20181029,1040,68100,35
99,20181029,1041,68100,276
100,20181029,1042,68100,255
101,20181029,1043,68000,46
102,20181029,1044,68000,52
103,20181029,1045,68000,325
104,20181029,1046,68000,202
105,20181029,1047,68000,220
106,20181029,1048,68000,7
107,20181029,1050,67900,203
108,20181029,1051,67900,190
109,20181029,1052,67900,180
110,20181029,1053,67700,145
111,20181029,1054,67600,144
112,20181029,1055,67600,175
113,20181029,1056,67800,104
114,20181029,1057,67600,211
115,20181029,1058,67500,30
116,20181029,1059,67400,343
117,20181029,1100,67600,10
118,20181029,1101,67600,128
119,20181029,1102,67400,203
120,20181029,1103,67500,87
121,20181029,1104,67300,119
122,20181029,1105,67500,234
123,20181029,1106,67500,21
124,20181029,1107,67500,1602
125,20181029,1108,67700,289
126,20181029,1109,67700,34
127,20181029,1110,67900,20
128,20181029,1111,67900,164
129,20181029,1112,67700,240
130,20181029,1113,67800,218
131,20181029,1114,67600,241
132,20181029,1115,67900,144
133,20181029,1116,68000,3
134,20181029,1117,68000,14
135,20181029,1118,67900,477
136,20181029,1119,67800,28
137,20181029,1120,68000,99
138,20181029,1121,67900,151
139,20181029,1122,67900,111
140,20181029,1123,67800,149
141,20181029,1124,67700,496
142,20181029,1125,67600,185
143,20181029,1126,67800,8
144,20181029,1127,67800,238
145,20181029,1128,67900,92
146,20181029,1129,67800,63
147,20181029,1130,67700,5
148,20181029,1131,67600,37
149,20181029,1132,67600,203
150,20181029,1133,67700,75
151,20181029,1134,67700,4
152,20181029,1135,67700,5
153,20181029,1137,67700,23
154,20181029,1138,67700,6
155,20181029,1139,67700,5
156,20181029,1140,67700,46
157,20181029,1141,67600,646
158,20181029,1142,67400,250
159,20181029,1143,67600,1
160,20181029,1144,67600,197
161,20181029,1145,67700,3
162,20181029,1146,67700,107
163,20181029,1147,67500,92
164,20181029,1148,67500,4
165,20181029,1149,67500,64
166,20181029,1150,67600,6
167,20181029,1151,67600,168
168,20181029,1152,67600,165
169,20181029,1153,67700,745
170,20181029,1154,68000,28
171,20181029,1155,67900,12
172,20181029,1157,68000,3
173,20181029,1158,68000,5
174,20181029,1159,68000,379
175,20181029,1200,67900,273
176,20181029,1202,67800,80
177,20181029,1203,67600,112
178,20181029,1204,67600,2
179,20181029,1205,67600,5
180,20181029,1206,67500,113
181,20181029,1207,67400,139
182,20181029,1208,67500,27
183,20181029,1209,67600,7
184,20181029,1210,67500,11
185,20181029,1212,67600,437
186,20181029,1213,67800,4
187,20181029,1214,67700,8
188,20181029,1216,67700,414
189,20181029,1217,67500,187
190,20181029,1218,67500,233
191,20181029,1221,67600,11
192,20181029,1225,67700,59
193,20181029,1226,67600,20
194,20181029,1227,67700,457
195,20181029,1228,67500,37
196,20181029,1229,67600,6
197,20181029,1230,67500,351
198,20181029,1231,67400,187
199,20181029,1232,67500,146
200,20181029,1233,67500,43
201,20181029,1234,67400,66
202,20181029,1237,67500,6
203,20181029,1238,67500,5
204,20181029,1239,67500,350
205,20181029,1240,67400,1
206,20181029,1241,67400,7
207,20181029,1242,67300,5
208,20181029,1243,67300,19
209,20181029,1245,67400,39
210,20181029,1247,67300,12
211,20181029,1249,67400,42
212,20181029,1250,67400,2
213,20181029,1252,67400,40
214,20181029,1253,67300,19
215,20181029,1255,67400,39
216,20181029,1256,67300,445
217,20181029,1257,67400,58
218,20181029,1258,67400,55
219,20181029,1259,67400,22
220,20181029,1300,67400,18
221,20181029,1301,67400,160
222,20181029,1302,67300,77
223,20181029,1303,67400,53
224,20181029,1304,67400,50
225,20181029,1305,67400,112
226,20181029,1306,67400,1333
227,20181029,1307,67800,927
228,20181029,1308,67900,752
229,20181029,1309,67900,11
230,20181029,1310,67900,30
231,20181029,1312,67900,57
232,20181029,1313,67900,112
233,20181029,1314,67900,91
234,20181029,1315,67900,103
235,20181029,1316,67900,6
236,20181029,1317,67900,123
237,20181029,1318,67800,185
238,20181029,1319,67800,997
239,20181029,1320,67700,5
240,20181029,1321,67700,21
241,20181029,1322,67600,50
242,20181029,1323,67700,40
243,20181029,1324,67700,5
244,20181029,1325,67600,99
245,20181029,1326,67600,104
246,20181029,1327,67700,106
247,20181029,1328,67700,6
248,20181029,1330,67600,24
249,20181029,1332,67700,5
250,20181029,1333,67600,1
251,20181029,1335,67700,1143
252,20181029,1336,67600,19
253,20181029,1337,67500,8
254,20181029,1338,67500,1
255,20181029,1340,67600,5
256,20181029,1342,67600,987
257,20181029,1343,67600,6
258,20181029,1344,67700,36
259,20181029,1345,67700,21
260,20181029,1346,67700,12
261,20181029,1347,67600,68
262,20181029,1348,67700,8
263,20181029,1349,67700,28
264,20181029,1350,67700,3
265,20181029,1351,67700,11
266,20181029,1352,67600,607
267,20181029,1353,67600,77
268,20181029,1354,67600,396
269,20181029,1355,67600,468
270,20181029,1356,67600,350
271,20181029,1357,67500,77
272,20181029,1358,67500,39
273,20181029,1359,67500,19
274,20181029,1400,67400,844
275,20181029,1401,67200,323
276,20181029,1402,67400,62
277,20181029,1403,67300,359
278,20181029,1404,67500,718
279,20181029,1405,67300,135
280,20181029,1406,67400,218
281,20181029,1407,67300,202
282,20181029,1408,67400,91
283,20181029,1409,67500,90
284,20181029,1410,67500,54
285,20181029,1411,67500,267
286,20181029,1412,67600,326
287,20181029,1413,67600,4
288,20181029,1414,67500,135
289,20181029,1415,67500,7
290,20181029,1416,67500,77
291,20181029,1417,67500,6
292,20181029,1418,67400,246
293,20181029,1419,67500,17
294,20181029,1420,67500,284
295,20181029,1421,67400,60
296,20181029,1422,67400,260
297,20181029,1423,67300,406
298,20181029,1424,67100,664
299,20181029,1425,67000,688
300,20181029,1426,66900,446
301,20181029,1427,66900,8
302,20181029,1428,66900,160
303,20181029,1429,66800,431
304,20181029,1430,66600,368
305,20181029,1431,66500,292
306,20181029,1432,66600,18
307,20181029,1433,66700,395
308,20181029,1434,66800,235
309,20181029,1435,66800,48
310,20181029,1436,66600,55
311,20181029,1437,66700,195
312,20181029,1438,66800,89
313,20181029,1439,66800,277
314,20181029,1440,66600,186
315,20181029,1441,66700,411
316,20181029,1442,66500,51
317,20181029,1443,66400,46
318,20181029,1444,66300,315
319,20181029,1445,66300,177
320,20181029,1446,66500,192
321,20181029,1447,66400,40
322,20181029,1448,66300,113
323,20181029,1449,66300,1328
324,20181029,1450,66000,315
325,20181029,1451,66100,57
326,20181029,1452,66100,719
327,20181029,1453,65600,34
328,20181029,1454,65900,57
329,20181029,1455,65800,480
330,20181029,1456,65700,1036
331,20181029,1457,66100,820
332,20181029,1458,66400,318
333,20181029,1459,66400,9
334,20181029,1500,66400,185
335,20181029,1501,66300,196
336,20181029,1502,66200,158
337,20181029,1503,66200,250
338,20181029,1504,66200,37
339,20181029,1505,66200,88
340,20181029,1506,66200,95
341,20181029,1507,66200,379
342,20181029,1508,66100,2297
343,20181029,1509,66000,236
344,20181029,1510,65700,223
345,20181029,1511,65800,145
346,20181029,1512,65900,294
347,20181029,1513,65800,142
348,20181029,1514,65900,340
349,20181029,1515,65700,203
350,20181029,1516,65800,176
351,20181029,1517,65800,820
352,20181029,1518,65700,467
353,20181029,1519,65600,249
354,20181029,1520,65600,525
355,20181029,1530,65900,5270
356,20181030,901,63100,8473
357,20181030,902,64600,1251
358,20181030,903,65700,910
359,20181030,904,66400,258
360,20181030,905,65000,210
361,20181030,906,65900,375
362,20181030,907,66000,2
363,20181030,908,65800,261
364,20181030,909,65700,156
365,20181030,910,65300,528
366,20181030,911,65100,552
367,20181030,912,65500,907
368,20181030,913,65700,781
369,20181030,914,65900,377
370,20181030,915,66100,464
371,20181030,916,66100,405
372,20181030,917,66300,330
373,20181030,918,65800,168
374,20181030,919,66000,99
375,20181030,920,66000,58
376,20181030,922,65800,60
377,20181030,923,65700,211
378,20181030,924,65900,18
379,20181030,925,65900,389
380,20181030,926,66000,203
381,20181030,927,66100,114
382,20181030,928,66100,386
383,20181030,929,65800,10
384,20181030,930,65800,342
385,20181030,931,65400,159
386,20181030,932,65400,270
387,20181030,933,65200,40
388,20181030,934,65300,80
389,20181030,935,65100,122
390,20181030,936,65200,161
391,20181030,937,65500,9
392,20181030,938,65500,166
393,20181030,939,65800,53
394,20181030,940,65700,303
395,20181030,941,66000,98
396,20181030,942,66100,40
397,20181030,943,66100,13
398,20181030,944,66100,20
399,20181030,945,66100,28
400,20181030,946,66100,20
401,20181030,947,66100,570
402,20181030,948,66300,447
403,20181030,949,66400,14
404,20181030,950,66400,55
405,20181030,951,66400,265
406,20181030,952,66400,129
407,20181030,953,66500,91
408,20181030,954,66400,84
409,20181030,955,66500,155
410,20181030,956,66300,109
411,20181030,957,66300,17
412,20181030,958,66300,112
413,20181030,959,66400,23
414,20181030,1000,66400,239
415,20181030,1001,66200,324
416,20181030,1002,66400,248
417,20181030,1003,66400,13
418,20181030,1004,66400,142
419,20181030,1005,66300,94
420,20181030,1006,66200,91
421,20181030,1007,66200,83
422,20181030,1008,66300,27
423,20181030,1009,66300,39
424,20181030,1010,66300,173
425,20181030,1011,66200,33
426,20181030,1012,66200,10
427,20181030,1013,66200,244
428,20181030,1014,65900,157
429,20181030,1015,65700,111
430,20181030,1016,66000,25
431,20181030,1017,66100,87
432,20181030,1018,66000,87
433,20181030,1019,65900,384
434,20181030,1020,66000,408
435,20181030,1021,66000,804
436,20181030,1022,66100,111
437,20181030,1023,66100,966
438,20181030,1024,66200,543
439,20181030,1025,66500,454
440,20181030,1026,66500,22
441,20181030,1027,66500,30
442,20181030,1028,66600,107
443,20181030,1029,66600,26
444,20181030,1030,66600,245
445,20181030,1031,66600,20
446,20181030,1032,66400,9
447,20181030,1033,66400,56
448,20181030,1034,66300,109
449,20181030,1035,66000,177
450,20181030,1036,66200,55
451,20181030,1037,66000,137
452,20181030,1038,66100,59
453,20181030,1039,66200,9
454,20181030,1040,66200,114
455,20181030,1041,66200,4
456,20181030,1042,66200,362
457,20181030,1043,65900,604
458,20181030,1044,65900,53
459,20181030,1045,65800,19
460,20181030,1046,65800,4
461,20181030,1047,65800,71
462,20181030,1048,65600,23
463,20181030,1049,65700,64
464,20181030,1050,65500,84
465,20181030,1051,65200,85
466,20181030,1052,65300,696
467,20181030,1053,65600,154
468,20181030,1054,65400,26
469,20181030,1055,65300,54
470,20181030,1056,65300,24
471,20181030,1057,65300,1305
472,20181030,1058,65700,37
473,20181030,1059,65700,10
474,20181030,1100,65700,123
475,20181030,1101,65400,64
476,20181030,1102,65200,146
477,20181030,1103,65200,136
478,20181030,1104,65500,146
479,20181030,1105,65700,41
480,20181030,1106,65700,33
481,20181030,1107,65600,22
482,20181030,1108,65500,222
483,20181030,1109,65400,15
484,20181030,1110,65400,158
485,20181030,1111,65600,159
486,20181030,1112,65600,76
487,20181030,1113,65500,35
488,20181030,1114,65400,5
489,20181030,1115,65500,62
490,20181030,1116,65400,169
491,20181030,1117,65400,21
492,20181030,1118,65300,22
493,20181030,1119,65200,415
494,20181030,1120,65100,88
495,20181030,1121,65000,799
496,20181030,1122,65000,405
497,20181030,1123,64900,62
498,20181030,1124,64800,8
499,20181030,1125,64900,176
500,20181030,1126,64800,752
501,20181030,1127,64600,270
502,20181030,1128,64700,98
503,20181030,1129,64700,114
504,20181030,1130,64800,7
505,20181030,1131,64800,1528
506,20181030,1132,65200,163
507,20181030,1133,65200,189
508,20181030,1134,65200,57
509,20181030,1135,65100,187
510,20181030,1136,65100,390
511,20181030,1137,65300,91
512,20181030,1138,65400,82
513,20181030,1139,65400,7
514,20181030,1140,65400,137
515,20181030,1141,65500,115
516,20181030,1142,65400,221
517,20181030,1143,65300,5
518,20181030,1144,65300,5
519,20181030,1145,65300,4
520,20181030,1146,65300,5
521,20181030,1147,65300,1
522,20181030,1148,65300,6
523,20181030,1149,65300,5
524,20181030,1150,65300,23
525,20181030,1151,65200,299
526,20181030,1153,65300,10
527,20181030,1154,65300,157
528,20181030,1156,65300,17
529,20181030,1157,65300,6
530,20181030,1158,65300,96
531,20181030,1159,65300,85
532,20181030,1200,65300,3
533,20181030,1201,65200,971
534,20181030,1202,65500,447
535,20181030,1203,65600,3
536,20181030,1204,65600,28
537,20181030,1205,65600,279
538,20181030,1206,65300,34
539,20181030,1207,65400,20
540,20181030,1208,65500,101
541,20181030,1209,65600,41
542,20181030,1210,65600,22
543,20181030,1211,65600,5
544,20181030,1212,65600,106
545,20181030,1213,65600,425
546,20181030,1214,65700,6
547,20181030,1215,65700,2
548,20181030,1216,65700,7
549,20181030,1217,65600,12
550,20181030,1218,65700,4
551,20181030,1219,65700,16
552,20181030,1220,65700,5
553,20181030,1221,65700,8
554,20181030,1222,65700,35
555,20181030,1223,65700,104
556,20181030,1224,65700,11
557,20181030,1226,65700,39
558,20181030,1227,65700,600
559,20181030,1228,65500,6
560,20181030,1229,65500,59
561,20181030,1230,65500,57
562,20181030,1231,65400,52
563,20181030,1232,65400,127
564,20181030,1233,65500,2
565,20181030,1234,65500,5
566,20181030,1235,65500,7
567,20181030,1236,65400,35
568,20181030,1237,65500,164
569,20181030,1238,65500,1
570,20181030,1239,65500,51
571,20181030,1240,65400,5
572,20181030,1241,65400,18
573,20181030,1242,65400,12
574,20181030,1243,65300,8
575,20181030,1244,65400,15
576,20181030,1245,65400,6
577,20181030,1246,65400,7
578,20181030,1247,65400,1367
579,20181030,1248,65900,173
580,20181030,1249,66000,12
581,20181030,1250,66000,71
582,20181030,1251,66000,508
583,20181030,1252,65900,42
584,20181030,1253,65900,9
585,20181030,1254,65900,77
586,20181030,1255,65800,7
587,20181030,1256,65800,51
588,20181030,1257,65800,4
589,20181030,1258,65900,12
590,20181030,1259,65900,3
591,20181030,1300,65900,11
592,20181030,1301,65800,49
593,20181030,1302,65800,15
594,20181030,1303,65800,6
595,20181030,1305,65800,72
596,20181030,1306,65700,204
597,20181030,1307,65800,19
598,20181030,1308,65800,60
599,20181030,1309,65700,26
600,20181030,1310,65700,31
601,20181030,1311,65700,44
602,20181030,1312,65700,28
603,20181030,1313,65700,156
604,20181030,1314,65700,32
605,20181030,1315,65700,57
606,20181030,1316,65700,11
607,20181030,1317,65700,8
608,20181030,1318,65600,28
609,20181030,1319,65700,69
610,20181030,1320,65700,197
611,20181030,1321,65700,17
612,20181030,1322,65700,87
613,20181030,1323,65600,36
614,20181030,1324,65500,6
615,20181030,1325,65500,19
616,20181030,1326,65500,15
617,20181030,1327,65500,338
618,20181030,1328,65700,119
619,20181030,1329,65700,7
620,20181030,1330,65700,31
621,20181030,1331,65700,1516
622,20181030,1332,66000,367
623,20181030,1333,66200,571
624,20181030,1334,66100,16
625,20181030,1335,66100,57
626,20181030,1336,66100,112
627,20181030,1337,66100,13
628,20181030,1338,66100,97
629,20181030,1339,66100,33
630,20181030,1340,66100,805
631,20181030,1341,66400,384
632,20181030,1342,66500,34
633,20181030,1343,66400,158
634,20181030,1344,66500,947
635,20181030,1345,66400,360
636,20181030,1346,66500,28
637,20181030,1347,66400,20
638,20181030,1348,66500,24
639,20181030,1349,66500,360
640,20181030,1350,66200,93
641,20181030,1351,66200,79
642,20181030,1352,66200,117
643,20181030,1353,66300,39
644,20181030,1354,66400,34
645,20181030,1355,66400,280
646,20181030,1356,66400,45
647,20181030,1357,66400,33
648,20181030,1358,66400,20
649,20181030,1359,66400,54
650,20181030,1400,66400,16
651,20181030,1401,66400,702
652,20181030,1402,66500,1179
653,20181030,1403,67000,459
654,20181030,1404,67100,100
655,20181030,1405,67100,144
656,20181030,1406,67100,115
657,20181030,1407,67200,321
658,20181030,1408,67300,510
659,20181030,1409,67200,760
660,20181030,1410,67000,113
661,20181030,1411,67000,73
662,20181030,1412,67000,220
663,20181030,1413,66900,83
664,20181030,1414,66800,759
665,20181030,1415,66700,150
666,20181030,1416,66800,54
667,20181030,1417,66700,46
668,20181030,1418,66700,267
669,20181030,1419,66800,273
670,20181030,1420,66900,186
671,20181030,1421,67000,187
672,20181030,1422,66900,146
673,20181030,1423,66700,18
674,20181030,1424,66900,117
675,20181030,1425,67000,247
676,20181030,1426,66700,24
677,20181030,1427,66800,185
678,20181030,1428,66900,113
679,20181030,1429,66500,90
680,20181030,1430,66700,33
681,20181030,1431,66600,54
682,20181030,1432,66700,608
683,20181030,1433,66700,24
684,20181030,1434,66700,86
685,20181030,1435,66700,148
686,20181030,1436,66700,94
687,20181030,1437,66600,29
688,20181030,1438,66600,35
689,20181030,1439,66500,193
690,20181030,1440,66500,140
691,20181030,1441,66400,137
692,20181030,1442,66500,52
693,20181030,1443,66600,36
694,20181030,1444,66600,611
695,20181030,1445,66500,109
696,20181030,1446,66500,173
697,20181030,1447,66600,73
698,20181030,1448,66600,14
699,20181030,1449,66500,293
700,20181030,1450,66600,117
701,20181030,1451,66500,87
702,20181030,1452,66500,269
703,20181030,1453,66600,145
704,20181030,1454,66500,154
705,20181030,1455,66600,52
706,20181030,1456,66500,26
707,20181030,1457,66500,24
708,20181030,1458,66500,85
709,20181030,1459,66500,150
710,20181030,1500,66400,45
711,20181030,1501,66400,883
712,20181030,1502,66700,103
713,20181030,1503,66700,266
714,20181030,1504,66400,36
715,20181030,1505,66500,100
716,20181030,1506,66400,51
717,20181030,1507,66400,113
718,20181030,1508,66500,43
719,20181030,1509,66500,107
720,20181030,1510,66500,323
721,20181030,1511,66700,14
722,20181030,1512,66600,89
723,20181030,1513,66600,66
724,20181030,1514,66600,45
725,20181030,1515,66500,125
726,20181030,1516,66500,81
727,20181030,1517,66400,36
728,20181030,1518,66500,119
729,20181030,1519,66500,488
730,20181030,1520,66600,479
731,20181030,1530,66600,2627
0,20181031,901,66800,1855
1,20181031,902,66800,2346
2,20181031,903,66100,703
3,20181031,904,66100,332
4,20181031,905,66400,526
5,20181031,906,66400,114
6,20181031,907,66100,380
7,20181031,908,66000,124
8,20181031,909,65900,270
9,20181031,910,66000,359
10,20181031,911,66100,388
11,20181031,912,66100,158
12,20181031,913,66100,126
13,20181031,914,66100,291
14,20181031,915,66300,189
15,20181031,916,66200,50
16,20181031,917,66200,175
17,20181031,919,66000,1084
18,20181031,920,65800,27
19,20181031,921,65700,751
20,20181031,922,65600,427
21,20181031,923,65700,56
22,20181031,924,65900,54
23,20181031,925,65900,36
24,20181031,926,65900,408
25,20181031,927,65400,440
26,20181031,928,65400,182
27,20181031,929,65400,139
28,20181031,930,65500,112
29,20181031,931,65500,314
30,20181031,932,65600,361
31,20181031,933,65600,95
32,20181031,934,65500,81
33,20181031,935,65400,105
34,20181031,936,65500,4
35,20181031,937,65500,227
36,20181031,938,65700,299
37,20181031,940,65700,634
38,20181031,941,65500,85
39,20181031,942,65500,5
40,20181031,943,65500,4
41,20181031,944,65500,314
42,20181031,945,65700,42
43,20181031,946,65600,132
44,20181031,947,65700,44
45,20181031,948,65700,2
46,20181031,949,65800,179
47,20181031,950,65800,6
48,20181031,951,65800,175
49,20181031,952,65800,447
50,20181031,953,66100,86
51,20181031,954,66100,186
52,20181031,955,66100,80
53,20181031,956,66200,47
54,20181031,957,66300,126
55,20181031,958,66300,4
56,20181031,959,66200,80
57,20181031,1000,66300,58
58,20181031,1001,66300,310
59,20181031,1002,66100,251
60,20181031,1003,66300,155
61,20181031,1004,66600,280
62,20181031,1005,66900,105
63,20181031,1006,66700,78
64,20181031,1007,66700,44
65,20181031,1008,66700,7
66,20181031,1009,66900,117
67,20181031,1010,66700,180
68,20181031,1011,66900,458
69,20181031,1012,67100,213
70,20181031,1013,67200,332
71,20181031,1014,67300,666
72,20181031,1015,67500,152
73,20181031,1016,67400,301
74,20181031,1017,67200,212
75,20181031,1018,67200,452
76,20181031,1019,67000,59
77,20181031,1020,67000,575
78,20181031,1021,67000,268
79,20181031,1022,67000,317
80,20181031,1023,67000,54
81,20181031,1024,66900,533
82,20181031,1025,67000,392
83,20181031,1026,67200,179
84,20181031,1027,67300,293
85,20181031,1028,67500,177
86,20181031,1029,67600,354
87,20181031,1030,67800,676
88,20181031,1031,67900,1560
89,20181031,1032,68000,316
90,20181031,1033,67800,286
91,20181031,1034,67800,7
92,20181031,1035,67700,127
93,20181031,1036,67700,233
94,20181031,1037,67400,260
95,20181031,1038,67200,165
96,20181031,1039,67100,217
97,20181031,1040,67200,117
98,20181031,1041,67300,50
99,20181031,1042,67300,325
100,20181031,1043,66900,398
101,20181031,1044,67200,53
102,20181031,1045,67500,1
103,20181031,1046,67400,143
104,20181031,1047,67300,185
105,20181031,1048,67100,67
106,20181031,1049,67000,299
107,20181031,1050,67100,37
108,20181031,1051,67400,4
109,20181031,1052,67400,555
110,20181031,1053,67600,168
111,20181031,1054,67800,97
112,20181031,1055,68000,417
113,20181031,1056,67800,77
114,20181031,1057,67700,31
115,20181031,1058,67700,43
116,20181031,1059,67800,191
117,20181031,1100,67900,115
118,20181031,1101,67800,262
119,20181031,1102,67600,243
120,20181031,1103,67600,199
121,20181031,1104,67400,64
122,20181031,1105,67400,24
123,20181031,1106,67300,29
124,20181031,1107,67400,266
125,20181031,1108,67400,30
126,20181031,1109,67500,115
127,20181031,1110,67700,48
128,20181031,1111,67900,52
129,20181031,1112,67700,3
130,20181031,1113,67800,61
131,20181031,1114,67800,42
132,20181031,1115,67900,1
133,20181031,1116,67900,12
134,20181031,1117,67800,81
135,20181031,1118,67800,103
136,20181031,1119,67800,507
137,20181031,1120,67800,11
138,20181031,1121,67800,1
139,20181031,1122,67800,3
140,20181031,1123,67800,21
141,20181031,1124,67800,19
142,20181031,1125,67800,350
143,20181031,1126,67600,12
144,20181031,1127,67600,59
145,20181031,1128,67600,125
146,20181031,1129,67700,243
147,20181031,1130,67800,87
148,20181031,1131,67900,181
149,20181031,1132,67700,2
150,20181031,1133,67600,260
151,20181031,1134,67600,30
152,20181031,1135,67700,58
153,20181031,1136,67500,968
154,20181031,1137,67400,12
155,20181031,1138,67200,161
156,20181031,1139,67300,32
157,20181031,1140,67200,265
158,20181031,1141,67300,56
159,20181031,1142,67400,25
160,20181031,1143,67300,1
161,20181031,1144,67300,12
162,20181031,1145,67200,178
163,20181031,1146,67100,173
164,20181031,1147,67100,10
165,20181031,1148,67000,65
166,20181031,1149,67100,151
167,20181031,1150,67200,32
168,20181031,1151,67100,13
169,20181031,1152,67000,815
170,20181031,1153,66900,23
171,20181031,1154,66900,12
172,20181031,1155,66900,139
173,20181031,1156,66900,155
174,20181031,1157,66800,11
175,20181031,1158,66900,9
176,20181031,1159,66900,38
177,20181031,1200,66900,4
178,20181031,1201,66800,336
179,20181031,1202,66700,239
180,20181031,1203,66600,79
181,20181031,1204,66700,201
182,20181031,1206,66800,8
183,20181031,1207,66700,140
184,20181031,1208,66700,6
185,20181031,1209,66800,12
186,20181031,1210,66800,51
187,20181031,1211,66800,32
188,20181031,1212,66800,3
189,20181031,1213,66800,24
190,20181031,1214,66800,11
191,20181031,1215,66800,122
192,20181031,1216,66700,138
193,20181031,1217,66700,323
194,20181031,1218,66800,95
195,20181031,1219,66800,34
196,20181031,1220,66800,3
197,20181031,1221,66800,50
198,20181031,1222,66700,47
199,20181031,1223,66800,3
200,20181031,1224,66800,266
201,20181031,1225,66900,8
202,20181031,1226,66900,3
203,20181031,1227,66800,73
204,20181031,1228,67100,482
205,20181031,1229,67100,7
206,20181031,1230,67000,11
207,20181031,1231,67100,13
208,20181031,1232,67100,4
209,20181031,1233,67100,2
210,20181031,1234,67100,3
211,20181031,1235,67100,213
212,20181031,1236,67100,3
213,20181031,1237,67100,6
214,20181031,1238,67100,131
215,20181031,1239,67200,242
216,20181031,1240,67200,700
217,20181031,1241,67400,3
218,20181031,1242,67400,18
219,20181031,1243,67400,8
220,20181031,1244,67300,7
221,20181031,1245,67300,39
222,20181031,1246,67400,161
223,20181031,1247,67600,1
224,20181031,1248,67600,32
225,20181031,1249,67500,129
226,20181031,1250,67500,117
227,20181031,1251,67600,114
228,20181031,1252,67700,34
229,20181031,1253,67500,82
230,20181031,1254,67400,89
231,20181031,1255,67500,5
232,20181031,1256,67500,158
233,20181031,1257,67500,5
234,20181031,1258,67500,1
235,20181031,1259,67500,140
236,20181031,1300,67600,39
237,20181031,1301,67600,281
238,20181031,1302,67400,300
239,20181031,1303,67300,2
240,20181031,1304,67400,91
241,20181031,1305,67500,1
242,20181031,1306,67400,3
243,20181031,1307,67500,24
244,20181031,1308,67400,42
245,20181031,1309,67300,70
246,20181031,1310,67400,9
247,20181031,1311,67400,4
248,20181031,1312,67400,310
249,20181031,1313,67200,94
250,20181031,1314,67400,48
251,20181031,1315,67300,187
252,20181031,1316,67300,40
253,20181031,1317,67300,9
254,20181031,1318,67300,9
255,20181031,1319,67300,9
256,20181031,1320,67300,12
257,20181031,1321,67300,12
258,20181031,1322,67300,10
259,20181031,1323,67300,10
260,20181031,1324,67400,27
261,20181031,1325,67500,66
262,20181031,1326,67600,40
263,20181031,1327,67700,116
264,20181031,1328,67500,45
265,20181031,1329,67500,50
266,20181031,1330,67600,2
267,20181031,1331,67600,415
268,20181031,1332,67800,292
269,20181031,1333,67700,18
270,20181031,1334,67800,31
271,20181031,1335,67800,258
272,20181031,1336,67700,88
273,20181031,1337,67500,165
274,20181031,1338,67700,3
275,20181031,1339,67700,56
276,20181031,1340,67700,1
277,20181031,1341,67700,109
278,20181031,1342,67500,10
279,20181031,1343,67600,284
280,20181031,1344,67700,38
281,20181031,1345,67800,17
282,20181031,1346,67800,91
283,20181031,1347,67700,61
284,20181031,1348,67700,52
285,20181031,1349,67800,52
286,20181031,1350,67700,23
287,20181031,1351,67600,5
288,20181031,1352,67700,32
289,20181031,1353,67700,20
290,20181031,1354,67700,268
291,20181031,1355,67600,46
292,20181031,1356,67600,29
293,20181031,1357,67600,71
294,20181031,1358,67600,3
295,20181031,1359,67700,6
296,20181031,1400,67700,9
297,20181031,1401,67700,18
298,20181031,1402,67600,217
299,20181031,1403,67500,72
300,20181031,1404,67600,30
301,20181031,1405,67500,9
302,20181031,1406,67600,43
303,20181031,1407,67600,307
304,20181031,1408,67600,863
305,20181031,1409,67300,26
306,20181031,1410,67300,105
307,20181031,1411,67200,70
308,20181031,1412,67200,55
309,20181031,1413,67300,882
310,20181031,1414,67100,75
311,20181031,1415,67000,187
312,20181031,1416,67100,846
313,20181031,1417,66800,1150
314,20181031,1418,66700,892
315,20181031,1419,66600,582
316,20181031,1420,66800,4
317,20181031,1421,66800,571
318,20181031,1422,67200,96
319,20181031,1423,66900,443
320,20181031,1424,66700,13
321,20181031,1425,66700,11
322,20181031,1426,66600,363
323,20181031,1427,66700,5
324,20181031,1428,66700,441
325,20181031,1429,66800,26
326,20181031,1430,66700,287
327,20181031,1431,66700,9
328,20181031,1432,66600,1272
329,20181031,1433,66500,158
330,20181031,1434,66800,160
331,20181031,1435,67100,985
332,20181031,1436,67300,320
333,20181031,1437,67000,313
334,20181031,1438,66800,71
335,20181031,1439,67000,75
336,20181031,1440,66900,353
337,20181031,1441,66700,272
338,20181031,1442,66700,116
339,20181031,1443,66800,49
340,20181031,1444,66800,330
341,20181031,1445,66900,289
342,20181031,1446,66900,43
343,20181031,1447,67100,53
344,20181031,1448,67300,139
345,20181031,1449,67300,168
346,20181031,1450,67100,130
347,20181031,1451,67100,46
348,20181031,1452,67100,206
349,20181031,1453,67100,52
350,20181031,1454,67100,380
351,20181031,1455,67000,57
352,20181031,1456,66900,183
353,20181031,1457,67000,189
354,20181031,1458,67000,120
355,20181031,1459,67000,246
356,20181031,1500,66800,146
357,20181031,1501,66900,21
358,20181031,1502,66900,484
359,20181031,1503,66900,3
360,20181031,1504,66900,152
361,20181031,1505,66900,390
362,20181031,1506,66700,123
363,20181031,1507,66600,151
364,20181031,1508,66600,209
365,20181031,1509,66600,4
366,20181031,1510,66700,83
367,20181031,1511,66600,601
368,20181031,1512,66600,40
369,20181031,1513,66700,40
370,20181031,1514,66700,40
371,20181031,1515,66600,134
372,20181031,1516,66700,137
373,20181031,1517,66700,150
374,20181031,1518,66700,791
375,20181031,1519,66600,434
376,20181031,1520,66700,501
377,20181031,1530,66700,8633
378,20181101,901,67200,897
379,20181101,902,67300,349
380,20181101,903,67500,106
381,20181101,904,67400,125
382,20181101,905,67600,266
383,20181101,906,67600,144
384,20181101,907,67700,42
385,20181101,908,67700,43
386,20181101,909,67600,41
387,20181101,910,67700,237
388,20181101,911,67900,754
389,20181101,912,67600,201
390,20181101,913,67700,127
391,20181101,914,67700,84
392,20181101,915,67500,464
393,20181101,916,67400,15
394,20181101,917,67300,120
395,20181101,918,67500,91
396,20181101,919,67400,37
397,20181101,920,67200,310
398,20181101,921,67000,173
399,20181101,922,67100,2
400,20181101,923,67100,121
401,20181101,924,67100,39
402,20181101,925,67000,295
403,20181101,926,67000,477
404,20181101,927,67000,160
405,20181101,928,66900,36
406,20181101,929,66900,40
407,20181101,930,66900,1004
408,20181101,931,67000,48
409,20181101,932,67000,6
410,20181101,933,67100,38
411,20181101,934,67300,102
412,20181101,935,67300,4
413,20181101,936,67200,11
414,20181101,937,67200,112
415,20181101,938,67200,11
416,20181101,940,67200,132
417,20181101,941,67300,113
418,20181101,942,67300,15
419,20181101,943,67200,23
420,20181101,944,67100,655
421,20181101,946,67100,2
422,20181101,947,67100,148
423,20181101,948,67000,38
424,20181101,949,67000,116
425,20181101,950,67100,48
426,20181101,951,67200,89
427,20181101,953,67300,70
428,20181101,954,67300,12
429,20181101,955,67300,210
430,20181101,956,67300,49
431,20181101,959,67400,25
432,20181101,1000,67400,280
433,20181101,1001,67500,13
434,20181101,1002,67400,60
435,20181101,1003,67400,18
436,20181101,1004,67400,321
437,20181101,1005,67400,20
438,20181101,1006,67500,1813
439,20181101,1007,67800,229
440,20181101,1008,67700,32
441,20181101,1009,67700,13
442,20181101,1010,67800,91
443,20181101,1011,67800,11
444,20181101,1012,67800,113
445,20181101,1013,67800,144
446,20181101,1014,67600,274
447,20181101,1015,67700,6
448,20181101,1016,67600,201
449,20181101,1017,67600,5
450,20181101,1018,67700,17
451,20181101,1019,67700,217
452,20181101,1020,67800,124
453,20181101,1021,67800,86
454,20181101,1022,67800,48
455,20181101,1024,67900,23
456,20181101,1025,67900,162
457,20181101,1026,68000,3
458,20181101,1027,68000,390
459,20181101,1028,68000,118
460,20181101,1029,68200,141
461,20181101,1030,68100,3
462,20181101,1031,68000,65
463,20181101,1032,68000,12
464,20181101,1033,68100,15
465,20181101,1034,68000,131
466,20181101,1035,67800,1
467,20181101,1036,67900,202
468,20181101,1037,68100,151
469,20181101,1038,68000,3
470,20181101,1039,68000,231
471,20181101,1040,68000,74
472,20181101,1041,68100,98
473,20181101,1042,68000,45
474,20181101,1043,68000,24
475,20181101,1044,67900,185
476,20181101,1045,68100,163
477,20181101,1046,68100,78
478,20181101,1047,68200,66
479,20181101,1048,68200,263
480,20181101,1049,68000,151
481,20181101,1050,68000,155
482,20181101,1051,68000,48
483,20181101,1052,68100,20
484,20181101,1054,68100,5
485,20181101,1055,68000,404
486,20181101,1056,67900,337
487,20181101,1057,67900,226
488,20181101,1058,67900,15
489,20181101,1059,68000,103
490,20181101,1100,67900,17
491,20181101,1101,67900,18
492,20181101,1102,68000,11
493,20181101,1104,67900,6
494,20181101,1105,68000,8
495,20181101,1106,67900,92
496,20181101,1107,67900,469
497,20181101,1108,67900,65
498,20181101,1109,67800,1
499,20181101,1110,67800,3
500,20181101,1111,67800,190
501,20181101,1112,67800,5
502,20181101,1113,67800,2
503,20181101,1114,67800,4
504,20181101,1115,67800,3
505,20181101,1116,67800,766
506,20181101,1117,67700,791
507,20181101,1118,67600,136
508,20181101,1119,67600,7
509,20181101,1120,67600,23
510,20181101,1121,67700,19
511,20181101,1122,67600,3
512,20181101,1123,67700,7
513,20181101,1124,67600,297
514,20181101,1125,67500,1282
515,20181101,1126,67400,103
516,20181101,1127,67300,8
517,20181101,1128,67300,2
518,20181101,1129,67300,204
519,20181101,1130,67400,12
520,20181101,1131,67400,9
521,20181101,1132,67300,11
522,20181101,1133,67300,731
523,20181101,1134,67400,119
524,20181101,1135,67300,252
525,20181101,1136,67300,9
526,20181101,1137,67200,958
527,20181101,1138,67100,391
528,20181101,1139,67100,157
529,20181101,1140,67100,895
530,20181101,1141,67100,77
531,20181101,1142,67000,37
532,20181101,1143,67100,59
533,20181101,1144,67100,102
534,20181101,1145,67200,10
535,20181101,1146,67100,2
536,20181101,1147,67200,8
537,20181101,1148,67200,22
538,20181101,1149,67100,156
539,20181101,1150,67000,224
540,20181101,1152,67000,4
541,20181101,1153,67100,468
542,20181101,1154,67500,92
543,20181101,1155,67200,26
544,20181101,1156,67300,87
545,20181101,1158,67300,4
546,20181101,1159,67200,18
547,20181101,1200,67300,458
548,20181101,1201,67300,30
549,20181101,1202,67400,53
550,20181101,1203,67300,1
551,20181101,1204,67300,119
552,20181101,1205,67200,311
553,20181101,1206,67300,3
554,20181101,1207,67300,15
555,20181101,1208,67200,59
556,20181101,1209,67200,38
557,20181101,1210,67300,12
558,20181101,1211,67300,66
559,20181101,1212,67300,44
560,20181101,1213,67200,97
561,20181101,1215,67200,13
562,20181101,1217,67300,171
563,20181101,1220,67200,7
564,20181101,1221,67300,7
565,20181101,1222,67200,138
566,20181101,1223,67300,134
567,20181101,1224,67100,21
568,20181101,1225,67100,12
569,20181101,1226,67200,3
570,20181101,1227,67200,2
571,20181101,1229,67200,572
572,20181101,1230,67300,1
573,20181101,1231,67300,76
574,20181101,1232,67200,29
575,20181101,1234,67200,112
576,20181101,1235,67300,8
577,20181101,1236,67600,1
578,20181101,1238,67300,3
579,20181101,1239,67400,10
580,20181101,1240,67500,6
581,20181101,1241,67500,39
582,20181101,1244,67500,75
583,20181101,1245,67500,14
584,20181101,1246,67500,26
585,20181101,1247,67500,100
586,20181101,1248,67500,3
587,20181101,1249,67500,102
588,20181101,1250,67400,1
589,20181101,1251,67500,32
590,20181101,1252,67400,8
591,20181101,1253,67400,2
592,20181101,1254,67500,2
593,20181101,1255,67500,149
594,20181101,1257,67600,50
595,20181101,1258,67500,18
596,20181101,1259,67600,3
597,20181101,1300,67500,8
598,20181101,1301,67600,200
599,20181101,1302,67600,5
600,20181101,1303,67600,257
601,20181101,1304,67500,378
602,20181101,1305,67600,20
603,20181101,1306,67700,74
604,20181101,1307,67700,134
605,20181101,1308,67800,35
606,20181101,1309,67800,9
607,20181101,1311,67800,92
608,20181101,1312,67700,13
609,20181101,1313,67700,105
610,20181101,1314,67700,42
611,20181101,1315,67700,71
612,20181101,1316,67700,410
613,20181101,1317,67700,10
614,20181101,1318,67600,11
615,20181101,1319,67600,7
616,20181101,1320,67600,20
617,20181101,1321,67600,245
618,20181101,1322,67600,235
619,20181101,1323,67600,16
620,20181101,1324,67600,20
621,20181101,1325,67600,50
622,20181101,1326,67500,60
623,20181101,1327,67500,2
624,20181101,1328,67500,82
625,20181101,1329,67600,63
626,20181101,1330,67500,7
627,20181101,1331,67500,11
628,20181101,1333,67500,24
629,20181101,1334,67600,15
630,20181101,1335,67600,14
631,20181101,1336,67600,2
632,20181101,1337,67500,12
633,20181101,1338,67500,16
634,20181101,1339,67500,12
635,20181101,1340,67500,15
636,20181101,1341,67500,24
637,20181101,1342,67600,4
638,20181101,1343,67600,22
639,20181101,1344,67500,12
640,20181101,1345,67600,20
641,20181101,1346,67500,352
642,20181101,1347,67600,52
643,20181101,1348,67600,883
644,20181101,1349,67700,95
645,20181101,1350,67700,31
646,20181101,1351,67700,15
647,20181101,1352,67700,4
648,20181101,1353,67600,60
649,20181101,1355,67600,7
650,20181101,1356,67600,39
651,20181101,1357,67600,2
652,20181101,1359,67700,268
653,20181101,1400,67600,81
654,20181101,1401,67600,10
655,20181101,1402,67600,67
656,20181101,1403,67600,54
657,20181101,1404,67500,2
658,20181101,1406,67500,21
659,20181101,1407,67500,7
660,20181101,1408,67500,105
661,20181101,1409,67600,106
662,20181101,1410,67600,852
663,20181101,1411,67600,50
664,20181101,1412,67600,78
665,20181101,1413,67700,3
666,20181101,1414,67700,49
667,20181101,1415,67700,4
668,20181101,1416,67700,968
669,20181101,1417,67500,394
670,20181101,1418,67600,87
671,20181101,1419,67500,3
672,20181101,1420,67500,52
673,20181101,1421,67500,12
674,20181101,1422,67500,28
675,20181101,1423,67500,382
676,20181101,1424,67500,24
677,20181101,1425,67600,5
678,20181101,1427,67600,214
679,20181101,1428,67600,89
680,20181101,1429,67600,8
681,20181101,1430,67700,88
682,20181101,1431,67400,189
683,20181101,1432,67600,107
684,20181101,1433,67500,37
685,20181101,1434,67500,227
686,20181101,1435,67400,11
687,20181101,1436,67400,10
688,20181101,1437,67400,51
689,20181101,1438,67300,8
690,20181101,1439,67300,14
691,20181101,1440,67400,709
692,20181101,1441,67500,75
693,20181101,1442,67500,117
694,20181101,1443,67400,95
695,20181101,1444,67400,164
696,20181101,1445,67400,7
697,20181101,1446,67500,9
698,20181101,1447,67500,12
699,20181101,1448,67500,17
700,20181101,1449,67500,548
701,20181101,1450,67400,86
702,20181101,1451,67300,175
703,20181101,1452,67300,387
704,20181101,1453,67300,37
705,20181101,1454,67300,98
706,20181101,1455,67200,31
707,20181101,1456,67200,384
708,20181101,1457,67100,7
709,20181101,1458,67000,50
710,20181101,1459,67000,9
711,20181101,1500,67100,61
712,20181101,1501,67100,131
713,20181101,1502,67100,770
714,20181101,1503,67200,915
715,20181101,1504,67000,314
716,20181101,1505,66900,191
717,20181101,1506,67000,8
718,20181101,1507,67000,95
719,20181101,1508,66900,145
720,20181101,1509,67000,1355
721,20181101,1510,66800,186
722,20181101,1511,66800,16
723,20181101,1512,66800,26
724,20181101,1513,66900,132
725,20181101,1514,66800,348
726,20181101,1515,66900,73
727,20181101,1516,66900,1093
728,20181101,1517,66900,10
729,20181101,1518,66900,888
730,20181101,1519,66900,129
731,20181101,1520,66900,275
732,20181101,1530,66700,2772
733,20181102,901,67000,804
734,20181102,902,67100,398
735,20181102,903,66800,54
736,20181102,904,66900,466
737,20181102,905,67300,222
738,20181102,906,67600,307
739,20181102,907,67600,594
740,20181102,908,67200,465
741,20181102,909,67500,4
742,20181102,910,67500,259
743,20181102,911,67400,388
744,20181102,912,67700,82
745,20181102,913,67400,6
746,20181102,914,67400,406
747,20181102,915,67600,371
748,20181102,916,67800,196
749,20181102,917,67900,486
750,20181102,918,67800,249
751,20181102,919,67800,190
752,20181102,920,67700,79
753,20181102,921,68000,1672
754,20181102,922,68100,265
755,20181102,923,68300,71
756,20181102,924,68300,579
757,20181102,925,68600,135
758,20181102,926,68700,494
759,20181102,927,68300,365
760,20181102,928,68500,375
761,20181102,929,68500,583
762,20181102,930,68800,312
763,20181102,931,68900,1415
764,20181102,932,69200,753
765,20181102,933,68800,201
766,20181102,934,68900,157
767,20181102,935,69000,121
768,20181102,936,69000,477
769,20181102,937,69100,30
770,20181102,938,69300,163
771,20181102,939,69200,103
772,20181102,940,69300,48
773,20181102,941,69300,677
774,20181102,942,69100,481
775,20181102,943,69000,71
776,20181102,944,69000,157
777,20181102,945,69100,59
778,20181102,946,69100,184
779,20181102,947,69100,17
780,20181102,948,69000,31
781,20181102,949,69000,531
782,20181102,950,69000,914
783,20181102,951,69300,5
784,20181102,952,69300,123
785,20181102,954,69200,164
786,20181102,955,69200,3
787,20181102,956,69200,258
788,20181102,957,69300,110
789,20181102,958,69300,13
790,20181102,959,69200,61
791,20181102,1000,69200,163
792,20181102,1001,69200,19
793,20181102,1002,69200,54
794,20181102,1003,69300,86
795,20181102,1004,69300,48
796,20181102,1005,69300,32
797,20181102,1006,69300,23
798,20181102,1007,69300,65
799,20181102,1008,69300,19
800,20181102,1009,69300,476
801,20181102,1010,69200,22
802,20181102,1011,69200,99
803,20181102,1012,69200,22
804,20181102,1013,69100,18
805,20181102,1014,69200,46
806,20181102,1015,69200,89
807,20181102,1016,69100,321
808,20181102,1017,69200,217
809,20181102,1018,69200,416
810,20181102,1019,69200,153
811,20181102,1020,69200,315
812,20181102,1021,69200,18
813,20181102,1022,69200,1
814,20181102,1023,69200,93
815,20181102,1024,69100,200
816,20181102,1025,69100,91
817,20181102,1026,69100,48
818,20181102,1027,69000,497
819,20181102,1028,69000,25
820,20181102,1029,68900,283
821,20181102,1030,69000,711
822,20181102,1031,69000,183
823,20181102,1032,69200,299
824,20181102,1033,69000,22
825,20181102,1034,69000,47
826,20181102,1035,69000,21
827,20181102,1036,68900,24
828,20181102,1037,69000,40
829,20181102,1038,69000,297
830,20181102,1039,68900,12
831,20181102,1040,68900,408
832,20181102,1041,68800,852
833,20181102,1042,68800,319
834,20181102,1043,68800,5
835,20181102,1044,68800,87
836,20181102,1045,68800,12
837,20181102,1046,68800,122
838,20181102,1047,68900,19
839,20181102,1048,68900,160
840,20181102,1049,68900,17
841,20181102,1050,68900,33
842,20181102,1051,68900,21
843,20181102,1052,68800,104
844,20181102,1053,68800,193
845,20181102,1054,68800,229
846,20181102,1055,68900,21
847,20181102,1056,68900,83
848,20181102,1057,68800,74
849,20181102,1058,68900,2
850,20181102,1059,68900,395
851,20181102,1100,69000,113
852,20181102,1101,69000,368
853,20181102,1102,69000,71
854,20181102,1103,69000,3
855,20181102,1104,69000,133
856,20181102,1105,68900,56
857,20181102,1106,68900,24
858,20181102,1107,68900,2
859,20181102,1108,68900,58
860,20181102,1109,68900,35
861,20181102,1110,68900,37
862,20181102,1111,68900,103
863,20181102,1112,68800,32
864,20181102,1113,68900,19
865,20181102,1114,68800,541
866,20181102,1115,69100,599
867,20181102,1116,69200,112
868,20181102,1117,69100,47
869,20181102,1118,69000,55
870,20181102,1119,69000,20
871,20181102,1120,69000,132
872,20181102,1121,69100,20
873,20181102,1122,69100,21
874,20181102,1123,69100,29
875,20181102,1124,69100,31
876,20181102,1125,69000,11
877,20181102,1126,69100,24
878,20181102,1127,69100,3
879,20181102,1128,69100,481
880,20181102,1129,69200,36
881,20181102,1130,69200,39
882,20181102,1131,69200,85
883,20181102,1132,69200,49
884,20181102,1133,69100,4
885,20181102,1134,69200,22
886,20181102,1135,69200,39
887,20181102,1136,69200,1059
888,20181102,1137,69300,52
889,20181102,1138,69200,16
890,20181102,1139,69200,50
891,20181102,1140,69100,12
892,20181102,1141,69200,32
893,20181102,1142,69200,3
894,20181102,1143,69200,50
895,20181102,1144,69200,315
896,20181102,1145,69200,80
897,20181102,1146,69200,16
898,20181102,1147,69100,48
899,20181102,1148,69200,5
900,20181102,1149,69200,63
901,20181102,1150,69200,16
902,20181102,1151,69200,38
903,20181102,1152,69200,20
904,20181102,1153,69200,324
905,20181102,1154,69100,51
906,20181102,1155,69200,442
907,20181102,1156,69200,1436
908,20181102,1157,69400,28
909,20181102,1158,69300,53
910,20181102,1159,69200,51
911,20181102,1200,69300,66
912,20181102,1201,69200,5
913,20181102,1202,69300,70
914,20181102,1203,69300,193
915,20181102,1204,69200,5
916,20181102,1205,69300,220
917,20181102,1206,69300,30
918,20181102,1207,69300,127
919,20181102,1208,69300,358
920,20181102,1209,69200,23
921,20181102,1210,69200,62
922,20181102,1211,69200,120
923,20181102,1212,69100,24
924,20181102,1213,69100,69
925,20181102,1214,69200,32
926,20181102,1215,69100,1123
927,20181102,1216,69000,21
928,20181102,1217,68900,280
929,20181102,1218,68900,80
930,20181102,1219,68900,4
931,20181102,1220,68900,24
932,20181102,1221,68800,2214
933,20181102,1222,68700,120
934,20181102,1223,68700,566
935,20181102,1224,68800,77
936,20181102,1225,68800,29
937,20181102,1226,68800,93
938,20181102,1227,68800,2
939,20181102,1228,68800,2
940,20181102,1229,68800,48
941,20181102,1230,68800,6
942,20181102,1231,68800,21
943,20181102,1232,68800,5
944,20181102,1233,68800,49
945,20181102,1234,68800,886
946,20181102,1235,68600,698
947,20181102,1236,68500,243
948,20181102,1237,68500,247
949,20181102,1238,68500,93
950,20181102,1239,68400,210
951,20181102,1240,68500,28
952,20181102,1241,68500,173
953,20181102,1242,68300,20
954,20181102,1243,68400,5
955,20181102,1244,68400,182
956,20181102,1245,68400,4
957,20181102,1246,68400,198
958,20181102,1247,68300,67
959,20181102,1248,68300,49
960,20181102,1249,68300,101
961,20181102,1250,68300,21
962,20181102,1251,68300,5
963,20181102,1252,68300,124
964,20181102,1253,68300,137
965,20181102,1254,68200,4
966,20181102,1255,68200,22
967,20181102,1256,68100,457
968,20181102,1257,68100,65
969,20181102,1258,68100,222
970,20181102,1259,68100,76
971,20181102,1300,68100,43
972,20181102,1301,68100,479
973,20181102,1302,68100,113
974,20181102,1303,68000,48
975,20181102,1304,68000,81
976,20181102,1305,68000,988
977,20181102,1306,68300,88
978,20181102,1307,68200,100
979,20181102,1308,68200,22
980,20181102,1309,68200,2
981,20181102,1310,68200,539
982,20181102,1311,68400,71
983,20181102,1312,68300,92
984,20181102,1313,68500,21
985,20181102,1314,68300,66
986,20181102,1315,68400,40
987,20181102,1316,68300,30
988,20181102,1317,68300,14
989,20181102,1318,68400,3
990,20181102,1319,68400,47
991,20181102,1320,68400,6
992,20181102,1321,68400,570
993,20181102,1322,68500,4
994,20181102,1323,68500,149
995,20181102,1324,68500,445
996,20181102,1325,68500,69
997,20181102,1326,68500,49
998,20181102,1327,68500,22
999,20181102,1328,68500,1
1000,20181102,1329,68500,21
1001,20181102,1330,68500,30
1002,20181102,1331,68500,668
1003,20181102,1332,68700,25
1004,20181102,1333,68600,4
1005,20181102,1334,68700,54
1006,20181102,1335,68700,416
1007,20181102,1336,68800,92
1008,20181102,1337,68800,60
1009,20181102,1338,68800,51
1010,20181102,1339,68800,8
1011,20181102,1340,68800,239
1012,20181102,1341,68700,244
1013,20181102,1342,68500,281
1014,20181102,1343,68600,23
1015,20181102,1344,68500,6
1016,20181102,1345,68500,71
1017,20181102,1346,68600,37
1018,20181102,1347,68600,191
1019,20181102,1348,68600,900
1020,20181102,1349,68800,49
1021,20181102,1350,68800,106
1022,20181102,1351,68700,24
1023,20181102,1352,68800,4
1024,20181102,1353,68800,88
1025,20181102,1354,68700,10
1026,20181102,1355,68700,16
1027,20181102,1356,68800,262
1028,20181102,1357,68800,589
1029,20181102,1358,68900,262
1030,20181102,1359,69000,8
1031,20181102,1400,69000,25
1032,20181102,1401,69000,64
1033,20181102,1402,68900,77
1034,20181102,1403,68900,17
1035,20181102,1404,69000,31
1036,20181102,1405,68900,211
1037,20181102,1406,68900,205
1038,20181102,1407,68700,42
1039,20181102,1408,68700,31
1040,20181102,1409,68800,56
1041,20181102,1410,68800,52
1042,20181102,1411,68700,827
1043,20181102,1412,68800,82
1044,20181102,1413,68900,85
1045,20181102,1414,68800,12
1046,20181102,1415,68900,25
1047,20181102,1416,68900,536
1048,20181102,1417,68900,25
1049,20181102,1418,69000,3
1050,20181102,1419,68900,27
1051,20181102,1420,68900,354
1052,20181102,1421,69000,48
1053,20181102,1422,69000,985
1054,20181102,1423,69000,7
1055,20181102,1424,69000,60
1056,20181102,1425,69100,11
1057,20181102,1426,69000,98
1058,20181102,1427,69000,9
1059,20181102,1428,69100,74
1060,20181102,1429,69100,63
1061,20181102,1430,69100,176
1062,20181102,1431,69000,519
1063,20181102,1432,69100,219
1064,20181102,1433,69100,247
1065,20181102,1434,69000,112
1066,20181102,1435,69000,154
1067,20181102,1436,69000,186
1068,20181102,1437,69100,24
1069,20181102,1438,69100,153
1070,20181102,1439,69100,66
1071,20181102,1440,69100,7
1072,20181102,1441,69100,185
1073,20181102,1442,69000,194
1074,20181102,1443,69000,307
1075,20181102,1444,69000,2
1076,20181102,1445,69100,235
1077,20181102,1446,69000,28
1078,20181102,1447,69000,83
1079,20181102,1448,69000,26
1080,20181102,1449,69000,10
1081,20181102,1450,69000,500
1082,20181102,1451,69000,131
1083,20181102,1452,68900,88
1084,20181102,1453,69000,124
1085,20181102,1454,69000,57
1086,20181102,1455,69000,1535
1087,20181102,1456,69300,32
1088,20181102,1457,69300,144
1089,20181102,1458,69200,45
1090,20181102,1459,69300,28
1091,20181102,1500,69300,39
1092,20181102,1501,69300,33
1093,20181102,1502,69200,79
1094,20181102,1503,69300,108
1095,20181102,1504,69200,790
1096,20181102,1505,69300,126
1097,20181102,1506,69300,51
1098,20181102,1507,69300,28
1099,20181102,1508,69300,130
1100,20181102,1509,69400,37
1101,20181102,1510,69300,65
1102,20181102,1511,69300,17
1103,20181102,1512,69400,70
1104,20181102,1513,69400,571
1105,20181102,1514,69300,95
1106,20181102,1515,69300,28
1107,20181102,1516,69300,148
1108,20181102,1517,69400,233
1109,20181102,1518,69400,111
1110,20181102,1519,69400,17
1111,20181102,1520,69300,1618
1112,20181102,1530,69400,3834
